id,svg
fa1d8fa7-080f-4269-a9cf-a17562c9a0ca,"<svg clip-rule=""evenodd"" fill-rule=""evenodd"" height=""128"" image-rendering=""optimizeQuality"" shape-rendering=""geometricPrecision"" text-rendering=""geometricPrecision"" viewBox=""0 0 128 128"" width=""128"" xmlns=""http://www.w3.org/2000/svg""><path d=""m0 0h128v128h-128z"" fill=""#424242""/><g fill=""#fffffe"" fill-rule=""nonzero""><path d=""m99.61 25.22c16.18 41.11 4.69 58.53-19.4 68.02-12.79 5.02-29.1 7.69-46.65 10.55l-5.31.87-2.64.43.34-2.63c.64-5.1.9-11 1.18-17.3.6-13.29 1.27-28.28 5.47-40.71 7.13-21.05 23.89-34.59 65.8-20.39l.88.3zm-20.85 64.31c21.66-8.53 32.01-24.41 17.48-61.99-38.25-12.69-53.49-.64-59.85 18.19-4.03 11.9-4.69 26.59-5.29 39.6-.24 5.38-.46 10.46-.9 14.96l2.7-.43c17.35-2.81 33.45-5.46 45.86-10.33""/><path d=""m97.95 27.43c-20.07 2.62-34.39 11.47-44.83 24.56-10.54 13.2-17.2 30.75-21.85 50.72l-2.9-.66c4.72-20.38 11.55-38.34 22.4-51.93 10.93-13.69 25.88-22.9 46.78-25.67z""/><path d=""m99.22 26.25a91.87 91.87 0 0 1 -25.18 45.75c-12.21 12.26-27.86 21.93-45.79 29.9l-1.2-2.74c17.59-7.81 32.93-17.28 44.87-29.28a88.93 88.93 0 0 0 24.38-44.25l2.92.64z""/><path d=""m106.72 19.41a2 2 0 0 0 -2.91-2.74l-7.2 7.65a2 2 0 0 0 2.91 2.73zm-76.97 83.33a2 2 0 0 0 -2.9-2.75l-8.16 8.66a2 2 0 0 0 2.91 2.74l8.15-8.66zm51.19-79.96a64.23 64.23 0 0 0 -31.5 18.88c-8.17 8.89-14.25 20.14-18.9 33l-1.87-.68c4.74-13.12 10.93-24.58 19.31-33.67a66.18 66.18 0 0 1 32.43-19.44l.53 1.93zm23.02 20.21a66.18 66.18 0 0 1 -17.38 33.6c-8.57 8.91-19.63 15.81-32.41 21.37l-.79-1.83c12.56-5.44 23.4-12.21 31.76-20.93a64.23 64.23 0 0 0 16.87-32.62zm-7.59-14.06-64.55 68.73-1.47-1.36 64.58-68.74z""/></g><path d=""m0 0h128v128h-128z"" fill=""none""/></svg>"
6eede943219547c22ac56085027d33cc,"<svg fill=""none"" height=""128"" stroke=""#000000"" stroke-linecap=""square"" viewBox=""0 0 24 24"" width=""128"" xmlns=""http://www.w3.org/2000/svg""><path d=""m10 10h8m-12-4h12m-12 8h12m-8 4h8""/></svg>"
ea045c7a247166f061ce504d9b7ccaab,"<svg xmlns=""http://www.w3.org/2000/svg"" viewBox=""0.0 0.0 200.0 200.0"" height=""200.0px"" width=""200.0px""><path fill=""#333333"" fill-opacity=""1.0""  filling=""0"" d=""M163.71099853515625 177.69500732421875 L36.40599822998047 177.69500732421875 C28.8280029296875 177.69500732421875 22.65599822998047 171.5229949951172 22.65599822998047 163.94500732421875 L22.65599822998047 36.64099884033203 C22.65599822998047 29.061996459960938 28.8280029296875 22.89099884033203 36.40599822998047 22.89099884033203 L94.00399780273438 22.89099884033203 C97.79299926757812 22.89099884033203 100.87899780273438 25.97699737548828 100.87899780273438 29.76599884033203 C100.87899780273438 33.55500030517578 97.79299926757812 36.64099884033203 94.00399780273438 36.64099884033203 L36.40599822998047 36.64099884033203 L36.40599822998047 163.94500732421875 L163.71099853515625 163.94500732421875 L163.71099853515625 102.30500030517578 C163.71099853515625 98.51599884033203 166.7969970703125 95.43000030517578 170.58599853515625 95.43000030517578 C174.375 95.43000030517578 177.46099853515625 98.51599884033203 177.46099853515625 102.30500030517578 L177.46099853515625 163.94500732421875 C177.47999572753906 171.5229949951172 171.3090057373047 177.69500732421875 163.71099853515625 177.69500732421875 Z""></path>
<path fill=""#FFAF00"" fill-opacity=""1.0""  filling=""0"" d=""M100.05899810791016 119.25800323486328 C96.2699966430664 119.25800323486328 93.18399810791016 116.1719970703125 93.18399810791016 112.38300323486328 C93.18399810791016 74.14099884033203 124.2969970703125 43.027000427246094 162.52000427246094 43.027000427246094 C166.3090057373047 43.027000427246094 169.39500427246094 46.112998962402344 169.39500427246094 49.902000427246094 C169.39500427246094 53.691001892089844 166.3090057373047 56.777000427246094 162.52000427246094 56.777000427246094 C131.875 56.777000427246094 106.93399810791016 81.71900177001953 106.93399810791016 112.36299896240234 C106.93399810791016 116.1719970703125 103.86699676513672 119.25800323486328 100.05899810791016 119.25800323486328 Z""></path>
<path fill=""#FFAF00"" fill-opacity=""1.0""  filling=""0"" d=""M147.73399353027344 90.66400146484375 C146.36700439453125 90.66400146484375 145.0 90.25399780273438 143.78900146484375 89.41400146484375 C140.6840057373047 87.22699737548828 139.9219970703125 82.9489974975586 142.10899353027344 79.8239974975586 L162.5 50.80099868774414 C163.14500427246094 49.882999420166016 163.00799560546875 48.98400115966797 162.8520050048828 48.51599884033203 C162.71499633789062 48.047000885009766 162.30499267578125 47.22700119018555 161.25 46.85499954223633 L127.93000030517578 34.72700500488281 C124.3550033569336 33.417999267578125 122.5199966430664 29.472999572753906 123.8280029296875 25.917999267578125 C125.11699676513672 22.34400177001953 129.06199645996094 20.487998962402344 132.63699340820312 21.816001892089844 L165.9770050048828 33.94499969482422 C170.80099487304688 35.7030029296875 174.4530029296875 39.512001037597656 175.99600219726562 44.41400146484375 C177.53900146484375 49.316001892089844 176.718994140625 54.53099822998047 173.77000427246094 58.72999954223633 L153.37899780273438 87.75399780273438 C152.031005859375 89.64800262451172 149.90199279785156 90.66400146484375 147.73399353027344 90.66400146484375 Z""></path></svg>"
8fe82f3af89e487b31236ca829c3f071,"<svg xmlns=""http://www.w3.org/2000/svg"" viewBox=""0.0 0.0 200.0 200.0"" height=""200.0px"" width=""200.0px""><path fill=""currentColor"" fill-opacity=""1.0""  filling=""0"" d=""M150.0 150.0 L162.5 150.0 L162.5 162.5 L150.0 162.5 L150.0 150.0 Z M200.0 162.5 L200.0 187.5 L112.5 187.5 L112.5 162.5 L100.0 162.5 L100.0 150.0 L114.68800354003906 150.0 C119.61299896240234 135.5 132.73800659179688 125.0 148.96200561523438 125.0 L150.0 125.0 L150.0 112.5 L125.0 112.5 L125.0 75.0 L187.5 75.0 L187.5 112.5 L162.5 112.5 L162.5 125.05000305175781 C182.88699340820312 125.33799743652344 200.0 142.0500030517578 200.0 162.5 Z M175.0 100.0 L175.0 87.5 L137.5 87.5 L137.5 100.0 L175.0 100.0 Z M187.5 162.5 C187.5 148.71299743652344 176.28799438476562 137.5 162.5 137.5 L150.0 137.5 L148.96200561523438 137.5 C135.1750030517578 137.5 125.0 148.71299743652344 125.0 162.5 L125.0 175.0 L187.5 175.0 L187.5 162.5 Z M200.0 12.5 L200.0 62.5 L187.5 62.5 L187.5 25.0 L62.5 25.0 L62.5 50.0 L62.5 75.0 L112.5 75.0 L112.5 87.5 L62.5 87.5 L62.5 100.0 L112.5 100.0 L112.5 112.5 L50.0 112.5 L50.0 87.5 L25.0 87.5 L25.0 75.0 L0.0 75.0 L0.0 24.61199951171875 L0.0 12.5 L49.737998962402344 12.5 L62.5 12.5 L200.0 12.5 Z M50.0 25.0 L12.5 25.0 L12.5 62.5 L25.0 62.5 L37.5 62.5 L37.5 75.0 L50.0 75.0 L50.0 25.0 Z""></path></svg>"
600464e4d92c75338462271a09b3f176,"<svg xmlns=""http://www.w3.org/2000/svg"" viewBox=""0.0 0.0 200.0 200.0"" height=""200.0px"" width=""200.0px""><path fill=""#444444"" fill-opacity=""1.0""  filling=""0"" d=""M104.1666030883789 118.3333969116211 L66.6666030883789 80.8333969116211 L72.5 75.0 L104.1666030883789 106.6666030883789 L135.83338928222656 75.0 L141.66659545898438 80.8333969116211 L104.1666030883789 118.3333969116211 Z""></path></svg>"
9e831fb6831745f4d15156b7a95e4f92,"<svg xmlns=""http://www.w3.org/2000/svg"" viewBox=""0.0 0.0 200.0 200.0"" height=""200.0px"" width=""200.0px""><path fill=""#1BA4C8"" fill-opacity=""1.0""  filling=""0"" d=""M151.60400390625 1.6360015869140625 L121.03199768066406 1.6360015869140625 C115.95700073242188 45.92100143432617 99.18199920654297 42.69200134277344 99.18199920654297 42.69200134277344 C80.81400299072266 42.14699935913086 76.49400329589844 0.0 76.49400329589844 0.0 L46.801998138427734 0.0 C46.801998138427734 0.0 50.03099822998047 37.827999114990234 45.71200180053711 51.33100128173828 C41.391998291015625 64.83499908447266 32.75299835205078 71.83899688720703 32.75299835205078 71.83899688720703 L32.75299835205078 178.77999877929688 L167.2469940185547 178.77999877929688 L167.2469940185547 72.38400268554688 C142.96499633789062 65.88400268554688 151.60400390625 1.6360015869140625 151.60400390625 1.6360015869140625 Z M32.75299835205078 188.63499450683594 L167.2469940185547 188.63499450683594 L167.2469940185547 199.97900390625 L32.75299835205078 199.97900390625 L32.75299835205078 188.63499450683594 Z""></path>
<path fill=""#E47C29"" fill-opacity=""1.0""  filling=""0"" d=""M121.9540023803711 119.52200317382812 C119.64800262451172 116.50199890136719 116.33499908447266 114.40499877929688 111.9729995727539 113.23100280761719 L111.9729995727539 113.02200317382812 C115.83100128173828 111.88899993896484 118.85099792480469 109.8759994506836 120.98999786376953 107.10800170898438 C123.12899780273438 104.34100341796875 124.21900177001953 100.94400024414062 124.21900177001953 97.00199890136719 A19.291000366210938 19.291000366210938 0.0 0 0 122.29000091552734 88.23699951171875 A18.746000289916992 18.746000289916992 0.0 0 0 117.0479965209961 82.02999877929688 A21.639999389648438 21.639999389648438 0.0 0 0 109.41500091552734 78.2969970703125 A34.137001037597656 34.137001037597656 0.0 0 0 100.02100372314453 77.08100128173828 A33.71799850463867 33.71799850463867 0.0 0 0 90.62699890136719 78.2969970703125 A22.017000198364258 22.017000198364258 0.0 0 0 82.91100311279297 82.02999877929688 A17.822999954223633 17.822999954223633 0.0 0 0 77.66799926757812 88.23699951171875 A19.291000366210938 19.291000366210938 0.0 0 0 75.78099822998047 97.00199890136719 C75.78099822998047 100.94400024414062 76.87100219726562 104.29900360107422 79.01000213623047 107.10800170898438 C81.14900207519531 109.91799926757812 84.16899871826172 111.88899993896484 88.06900024414062 113.02200317382812 L88.06900024414062 113.23100280761719 C83.70700073242188 114.40499877929688 80.35199737548828 116.50199890136719 78.0459976196289 119.52200317382812 C75.73899841308594 122.54100036621094 74.56500244140625 126.31600189208984 74.56500244140625 130.80299377441406 A19.500999450683594 19.500999450683594 0.0 0 0 76.66200256347656 139.98800659179688 A18.6200008392334 18.6200008392334 0.0 0 0 82.28099822998047 146.57200622558594 A24.868999481201172 24.868999481201172 0.0 0 0 90.41699981689453 150.51400756835938 A35.018001556396484 35.018001556396484 0.0 0 0 109.625 150.51400756835938 A24.659000396728516 24.659000396728516 0.0 0 0 117.71900177001953 146.57200622558594 A18.6200008392334 18.6200008392334 0.0 0 0 123.33799743652344 139.98800659179688 A19.500999450683594 19.500999450683594 0.0 0 0 125.43499755859375 130.80299377441406 C125.43499755859375 126.31600189208984 124.3030014038086 122.54100036621094 121.9540023803711 119.52200317382812 Z M93.56199645996094 93.52100372314453 C95.197998046875 91.96900177001953 97.33699798583984 91.1719970703125 100.02100372314453 91.1719970703125 C102.70500183105469 91.1719970703125 104.802001953125 91.96900177001953 106.43800354003906 93.52100372314453 A7.506999969482422 7.506999969482422 0.0 0 1 108.91200256347656 99.13999938964844 A7.632999897003174 7.632999897003174 0.0 0 1 106.43800354003906 104.84400177001953 C104.802001953125 106.43800354003906 102.66300201416016 107.19200134277344 100.02100372314453 107.19200134277344 C97.37899780273438 107.19200134277344 95.197998046875 106.43800354003906 93.56199645996094 104.84400177001953 A7.591000080108643 7.591000080108643 0.0 0 1 91.12999725341797 99.13999938964844 A7.465000152587891 7.465000152587891 0.0 0 1 93.56199645996094 93.52100372314453 Z M107.36000061035156 135.08099365234375 C105.51499938964844 136.88400268554688 103.08200073242188 137.76499938964844 100.02100372314453 137.76499938964844 C96.95999908447266 137.76499938964844 94.48500061035156 136.88400268554688 92.63999938964844 135.08099365234375 A8.555000305175781 8.555000305175781 0.0 0 1 89.87200164794922 128.66400146484375 A8.680999755859375 8.680999755859375 0.0 0 1 92.63999938964844 122.12200164794922 C94.48500061035156 120.36100006103516 96.95999908447266 119.4800033569336 100.02100372314453 119.4800033569336 C103.08200073242188 119.4800033569336 105.51499938964844 120.36100006103516 107.36000061035156 122.12200164794922 A8.680999755859375 8.680999755859375 0.0 0 1 110.12799835205078 128.66400146484375 A8.555000305175781 8.555000305175781 0.0 0 1 107.36000061035156 135.08099365234375 Z""></path></svg>"
8cbefcd53fd5dfa2cbe1b374356ed709,"<svg xmlns=""http://www.w3.org/2000/svg"" viewBox=""0.0 0.0 200.0 200.0"" height=""200.0px"" width=""200.0px""><path fill=""#000000"" fill-opacity=""1.0""  filling=""0"" d=""M59.375 118.75 C59.375 141.1875 77.5625 159.375 100.0 159.375 C122.4375 159.375 140.625 141.1875 140.625 118.75 C140.625 96.3125 122.4375 78.125 100.0 78.125 C77.5625 78.125 59.375 96.3125 59.375 118.75 Z M187.5 50.0 L143.75 50.0 C140.625 37.5 137.5 25.0 125.0 25.0 L75.0 25.0 C62.5 25.0 59.375 37.5 56.25 50.0 L12.5 50.0 C5.625 50.0 0.0 55.624996185302734 0.0 62.5 L0.0 175.0 C0.0 181.875 5.625 187.5 12.5 187.5 L187.5 187.5 C194.375 187.5 200.0 181.875 200.0 175.0 L200.0 62.5 C200.0 55.624996185302734 194.375 50.0 187.5 50.0 Z M100.0 174.21875 C69.36249542236328 174.21875 44.53125 149.38751220703125 44.53125 118.75 C44.53125 88.11249542236328 69.36249542236328 63.28125 100.0 63.28125 C130.6374969482422 63.28125 155.46875 88.11249542236328 155.46875 118.75 C155.46875 149.38751220703125 130.6374969482422 174.21875 100.0 174.21875 Z M187.5 87.5 L162.5 87.5 L162.5 75.0 L187.5 75.0 L187.5 87.5 Z""></path></svg>"
625181a2-600d-4db5-83c6-1a34676eb0dc,"<svg height=""128"" viewBox=""0 0 24 24"" width=""128"" xmlns=""http://www.w3.org/2000/svg""><path d=""m22.08.61v7.57h-7.22v6.66h-7.29v6.63h-7.57v1.92h9.47v-6.65h7.31v-6.66h7.22v-9.47z""/></svg>"
8ba1bd7c-211c-43b0-a4aa-0e6e33c92486,"<svg fill=""none"" height=""128"" viewBox=""0 0 24 24"" width=""128"" xmlns=""http://www.w3.org/2000/svg""><g stroke=""#1c274c"" stroke-width=""1.5""><path d=""m18 11.5v-.2c0-.55.45-1 1-1 1.66 0 3-1.34 3-3v-2.11c0-.18 0-.26 0-.34-.08-1.54-1.31-2.77-2.85-2.85-.08 0-.16 0-.34 0-.29 0-.43 0-.56.01-2.56.12-4.62 2.18-4.74 4.74-.01.13-.01.27-.01.56v6.19"" stroke-linecap=""round""/><path d=""m10.5 19v.75c0 1.24-1.01 2.25-2.25 2.25s-2.25-1.01-2.25-2.25v-.75m4.5 0v-9.69c0-.29 0-.43-.01-.56-.12-2.56-2.18-4.62-4.74-4.74-.13-.01-.27-.01-.56-.01-.18 0-.26 0-.34 0-1.54.08-2.77 1.31-2.85 2.85v.34 2.11c0 1.66 1.34 3 3 3 .55 0 1 .45 1 1v5.7m4.5 0h-4.5""/><path d=""m19.5 5v2.5"" opacity="".5"" stroke-linecap=""round""/><path d=""m4.5 7v2.5"" opacity="".5"" stroke-linecap=""round""/><circle cx=""18"" cy=""18"" opacity="".5"" r=""4""/><path d=""m17 19 2-2m0 2-2-2"" stroke-linecap=""round""/></g></svg>"
4e56e508270eb0d02291927638d3c685,"<svg xmlns=""http://www.w3.org/2000/svg"" viewBox=""0.0 0.0 200.0 200.0"" height=""200.0px"" width=""200.0px""><path fill=""#1F2A37"" fill-opacity=""1.0""  filling=""0"" d=""M99.23300170898438 199.93600463867188 A93.43499755859375 93.43499755859375 0.0 0 1 55.73899841308594 190.99000549316406 A86.18800354003906 86.18800354003906 0.0 0 1 22.52099609375 163.36000061035156 C-10.246002197265625 111.97899627685547 22.52099609375 63.64699935913086 33.30799865722656 50.051998138427734 L34.34700012207031 48.75299835205078 C39.064998626708984 44.2140007019043 42.36399841308594 38.55699920654297 43.90399932861328 32.39900207519531 A32.63800048828125 32.63800048828125 0.0 0 0 43.08399963378906 13.786003112792969 A9.935999870300293 9.935999870300293 0.0 0 1 43.2239990234375 7.227996826171875 C44.01300048828125 5.109001159667969 45.49300003051758 3.279998779296875 47.46200180053711 1.9899978637695312 C49.44200134277344 0.71099853515625 51.80099868774414 0.03099822998046875 54.209999084472656 0.0709991455078125 C56.60900115966797 0.11100006103515625 58.948001861572266 0.8509979248046875 60.87699890136719 2.1999969482421875 C62.39699935913086 3.2600021362304688 64.44599914550781 4.448997497558594 66.875 5.888999938964844 A116.85600280761719 116.85600280761719 0.0 0 1 109.75900268554688 41.974998474121094 A106.41000366210938 106.41000366210938 0.0 0 1 129.4219970703125 92.59600067138672 A84.46800231933594 84.46800231933594 0.0 0 0 138.55799865722656 56.599998474121094 C138.6580047607422 54.67100143432617 139.30799865722656 52.81100082397461 140.45700073242188 51.20199966430664 C141.5970001220703 49.60300064086914 143.1959991455078 48.323001861572266 145.05599975585938 47.50299835205078 A12.164999961853027 12.164999961853027 0.0 0 1 156.75100708007812 48.53300094604492 C175.44400024414062 61.347999572753906 209.73199462890625 113.20899963378906 179.81300354003906 159.5709991455078 A91.15599822998047 91.15599822998047 0.0 0 1 145.1959991455078 189.55999755859375 A99.04299926757812 99.04299926757812 0.0 0 1 99.23300170898438 199.93600463867188 Z""></path></svg>"
bef2864d9a862b7436c73435346f1c64,"<svg xmlns=""http://www.w3.org/2000/svg"" viewBox=""0.0 0.0 200.0 200.0"" height=""200.0px"" width=""200.0px""><path fill="""" fill-opacity=""1.0""  filling=""0"" d=""M8.333396911621094 166.66659545898438 L191.66659545898438 166.66659545898438 L191.66659545898438 183.33340454101562 L8.333396911621094 183.33340454101562 L8.333396911621094 166.66659545898438 Z M66.6666030883789 17.083396911621094 L83.3333969116211 17.083396911621094 L83.3333969116211 150.0 L66.6666030883789 150.0 L66.6666030883789 17.083396911621094 Z M116.6666030883789 100.0 L133.33340454101562 100.0 L133.33340454101562 150.0 L116.6666030883789 150.0 L116.6666030883789 100.0 Z M16.666603088378906 75.0 L33.333396911621094 75.0 L33.333396911621094 150.0 L16.666603088378906 150.0 L16.666603088378906 75.0 Z M166.66659545898438 50.0 L183.33340454101562 50.0 L183.33340454101562 150.0 L166.66659545898438 150.0 L166.66659545898438 50.0 Z""></path></svg>"
7f11068772653f283977d9c2f5612a02,"<svg xmlns=""http://www.w3.org/2000/svg"" viewBox=""0.0 0.0 200.0 200.0"" height=""200.0px"" width=""200.0px""><path fill=""#7FE1FF"" fill-opacity=""1.0""  filling=""0"" d=""M49.14799880981445 33.94000244140625 C50.077999114990234 34.52799987792969 15.854995727539062 57.29600143432617 17.34600067138672 80.11799621582031 C21.483001708984375 107.47000122070312 25.7760009765625 109.03399658203125 31.457000732421875 138.15899658203125 C34.74299621582031 152.78399658203125 39.65999984741211 159.9409942626953 55.9739990234375 165.43299865722656 C72.23699951171875 170.94000244140625 79.03800201416016 154.53399658203125 79.16899871826172 146.6719970703125 C79.24500274658203 138.66200256347656 74.46299743652344 120.15299987792969 79.31999969482422 85.06400299072266 C81.37100219726562 69.54199981689453 85.33799743652344 9.619003295898438 49.14799880981445 33.94000244140625 Z M136.18800354003906 15.93499755859375 C136.2899932861328 15.89599609375 144.22900390625 19.95800018310547 153.45899963378906 29.29199981689453 C162.44400024414062 38.57400131225586 172.718994140625 53.130001068115234 171.84800720214844 72.89600372314453 C167.89599609375 115.58399963378906 163.1300048828125 116.65399932861328 155.58599853515625 156.3990020751953 C151.08900451660156 176.1009979248047 145.4810028076172 183.1739959716797 129.1439971923828 181.38699340820312 C112.87100219726562 179.23800659179688 107.05799865722656 158.8489990234375 107.19400024414062 150.63499450683594 C107.35900115966797 142.3939971923828 113.18499755859375 122.56199645996094 108.01100158691406 84.46499633789062 C106.29499816894531 67.90599822998047 99.26000213623047 6.528999328613281 136.18800354003906 15.93499755859375 Z""></path>
<path fill=""#4592BA"" fill-opacity=""1.0""  filling=""0"" d=""M136.18800354003906 15.93499755859375 C104.88999938964844 7.753997802734375 105.6729965209961 50.17599868774414 106.80799865722656 73.16999816894531 C108.38999938964844 75.9530029296875 109.50599670410156 77.5770034790039 109.50599670410156 77.57599639892578 C110.39199829101562 78.10900115966797 129.75999450683594 47.79499816894531 170.14500427246094 76.66899871826172 A51.83599853515625 51.83599853515625 0.0 0 0 171.79600524902344 73.78900146484375 C171.81300354003906 73.49099731445312 171.83200073242188 73.1989974975586 171.8470001220703 72.89700317382812 C172.718994140625 53.130001068115234 162.4429931640625 38.57400131225586 153.45799255371094 29.29199981689453 C144.22999572753906 19.95800018310547 136.2899932861328 15.89599609375 136.18800354003906 15.93499755859375 Z M49.14799880981445 33.94000244140625 C49.75199890136719 34.175994873046875 21.12200164794922 54.49399948120117 17.382003784179688 74.78600311279297 C18.33300018310547 78.0510025024414 19.46600341796875 80.17500305175781 19.461997985839844 80.1709976196289 C39.768001556396484 69.55799865722656 54.119998931884766 67.05500030517578 64.11900329589844 68.7760009765625 C74.0009994506836 70.23799896240234 79.52899932861328 75.92400360107422 79.48699951171875 75.74099731445312 C79.802001953125 75.14600372314453 80.10700225830078 74.50599670410156 80.40299987792969 73.83300018310547 C81.26599884033203 51.51599884033203 79.37300109863281 13.773002624511719 49.14799880981445 33.94000244140625 Z""></path></svg>"
cc1df4dd3f0cc361daa667ee0f05eaf7,"<svg enable-background=""new 0 0 128 128"" viewBox=""0 0 128 128"" xmlns=""http://www.w3.org/2000/svg""><circle cx=""98.69"" cy=""27.32"" fill=""#607d8b"" r=""10.12""/><path d=""m79.23 17.11c-2.04-1.18-1.67-3.78-.49-5.82l2.97-4.53c.56-.86 1.67-1.16 2.59-.7l2.88 1.44c1.03.52 1.42 1.79.85 2.8l-2.98 5.25c-1.17 2.04-3.78 2.74-5.82 1.56z"" fill=""#607d8b""/><path d=""m84.47 10.57c-13.71-6.03-25.35-5.4-32.5-4.31-1.96.3-13.58 2.99-13.58 2.99-1.8.27-2.59 1.82-2.33 3.61l1.4 9.51c.27 1.8 1.5 2.94 3.29 2.68l3.96-.59-.02 5.88 29.27 25.1c2.29 8.73 10.22 15.19 19.67 15.19 11.24 0 20.36-7.45 19.29-24.49-.6-9.63-5.02-25.26-28.45-35.57z"" fill=""#b0bec5""/><path d=""m102.39 64.77s1.59-7.23.66-15.88c-1.82-16.97-14.28-39.39-39.36-38.32-8.02.34-16.46 3.61-23.13 9.21.29 1.77 36.93 33.09 36.93 33.09 1.1 4.2 13.91 17.74 16.13 17.74 7.04 0 13.25-2.92 16.64-9.29 0-.05 0-.1 0-.16-1.72 2.5-7.87 3.61-7.87 3.61z"" fill=""#607d8b""/><path d=""m106.99 52.33c-2.63-2.6-1.94-11.9-5.24-20.18-2.06-5.17-4.27-8.97-8.14-12.97 2.1-.07 8.14 4.24 12.88 13.53s5.49 17.94 3.33 19.99c-.72.68-1.97.46-2.69-.22-.05-.05-.09-.1-.14-.15z"" fill=""#c9e3e6""/><path d=""m54.58 13.75c23.03-6 50.65 13.56 44.91 46.11-4.6 26.05-16.46 34.14-28.93 44.4-5.77 4.75-12.36 19.53-25.13 18.09-15.34-1.72-18.14-14.15-17.68-22.98.73-13.96 2.77-22.02 1.84-31.97-2.57-27.56 1.26-47.47 24.99-53.65z"" fill=""#f9ddbd""/><path d=""m72.91 79.73c-2.11 8.54-8 9.09-13.67 11.86-4.38 2.14-5.93 3.84-9.21 7.47-2.85 3.15-9.36 2.71-12.95-2.59-1.23-1.81-1.64-6.45.5-9.87 4.72-7.56.07-11.61.81-15.41.8-4.06 4.74-4.36 7.26-2.82 5.28 3.22 8.46 11.5 9.28 9.54 4.38-10.53-17.06-22.91-9.37-40.88 5.11-11.93 16.12-15.37 27.62-10.12 11.32 5.17 19.43 16.02 18.51 28.99-.44 6.17-3.17 12.16-7.55 16.53.94-.94.35-21.3-9.04-25.84-4.19-2.02-10.21-.42-11.61 4.02-.87 2.77.17 5.81 1.73 8.26s3.63 4.55 5.13 7.05c2.76 4.58 3.62 9.54 2.56 13.81z"" fill=""#ffd29c""/><path d=""m39.07 69.4c-.31.49-.55 1.08-.69 1.79-.74 3.79 3.9 7.84-.81 15.41-1.52 2.44-1.74 5.48-1.31 7.69 2.34.91 5.57.98 9.37-2.49 2.42-2.2 3.19-5.81 2.68-8.96-1.32-8.08-5.32-8.62-9.24-13.44z"" fill=""#edbd82""/><path d=""m76.63 91.03c13.43-18.01 19.15-31.04 13.55-49.63-2.47-8.22-11.2-15.8-18.89-18.2-6.9-2.16-14.72-.88-20.41 3.33-3.56 2.63-10.52 11.43-9.32 21.84.96 8.39 4.76 12.49 7.43 15.59 4.16 4.81 4.72 7.29 5.07 7.24.44-.07 1.81-2.04-2.28-8.33-2.07-3.18-5.74-7.69-6.57-14.91-.16-1.41-.12-2.73.05-4 1.91 3.46 7.14 8.72 17 16.03 15.48 11.47 8.31 25.03 2.86 27.29-3.96 1.64-8.06 2.78-11.25 5.81-1.37 1.3-2.43 3-2.67 4.87 4.53-5.83 10.52-5.41 16.42-8.36 5.06-2.53 7-4.94 7.83-12.24.67-5.89-1.42-11.56-5.42-15.9-2.69-2.91-15.29-12.59-17.25-15.82-2.34-3.86-3.62-9.78.58-14.59 4.77-3.53 11.33-4.59 17.13-2.78 6.52 2.04 14.61 9.24 16.74 16.28 3.88 12.89-.66 22.83-6.89 35.06-3.68 7.25-3.71 11.42-3.71 11.42z"" fill=""#edbd82""/><path d=""m53.58 69.93c-2.54-3.16-11.2-5.83-11.2-5.83-.52.65-3.27 4.38-3.52 6.1-.25 1.73-.19 3.53.24 5.2 1.45 5.56-.29 9.09-.29 9.09s2.12 3.25 8.72 2.82c5.57-.37 8.82-4.84 8.82-10.43.01-2.68-1.05-5.12-2.77-6.95z"" fill=""#607d8b""/><path d=""m53.58 69.93c-2.54-3.16-11.2-5.83-11.2-5.83-.52.65-1.04 1.3-1.56 1.94-.92 1.14-2.34 2.24-1.73 3.86.32.84.88 1.56 1.44 2.26 1.73 2.19.02 9.21 5.68 11.62 7.89 3.36 10.14-4.32 10.14-6.91.01-2.67-1.05-5.11-2.77-6.94z"" fill=""#b0bec5""/><path d=""m36.66 69.68c-5.32-5.32-25.47-19.76-18.04-42.23 4.94-14.94 18.29-16.87 18.29-16.87l2.07 9.3c-4.75 2.03-8.85 6.68-10.34 11.17-5.57 16.79 10.82 26.08 14.02 32.47z"" fill=""#b9e4ea"" opacity="".6""/><path d=""m37.44 15.38s-11 4.15-13.81 13.88c-5.02 17.36 6.2 27.64 16.93 38.31"" fill=""none"" stroke=""#546e7a"" stroke-miterlimit=""10"" stroke-width=""3""/><path d=""m36.15 11.76l1.68 7.56c-4.56 2.23-8.57 6.73-10.13 11.43-4.28 12.9 3.72 21.44 9.56 27.67 1.75 1.87 3.29 3.51 4.17 4.94l-4.78 4.91c-.49-.46-1.06-.98-1.68-1.54-7.06-6.4-21.75-19.71-15.38-38.96 3.98-12.1 13.54-15.29 16.56-16.01m.76-1.18s-13.35 1.93-18.29 16.87c-7.43 22.47 12.71 36.9 18.04 42.23l6-6.16c-3.19-6.39-19.59-15.67-14.02-32.47 1.49-4.49 5.59-9.14 10.34-11.17z"" fill=""#2686c6""/><path d=""m46.57 16.64c-7.47 4.4-9.12 7.1-9.12 7.1s-3.45-5.52-3.99-7.48-1.09-4.65 1.48-5.96l4.93-1.68c1.66-.57 3.48.19 4.26 1.76z"" fill=""#78909c""/><path d=""m29.66 18.12c-.71 1.41-2.32 2.79-3.28 4.05-2.46 3.21-4.07 7.35-4.78 11.34-.56 3.15-1.57 3.1-2.11 1.75-1-2.49-.31-5.38.59-7.91s2.33-5.3 3.44-6.65c1.12-1.35 2.42-2.79 4.38-3.94 1.76-1.02 1.92 1.04 1.76 1.36z"" fill=""#ffffff""/><path d=""m35.76 69.84l2.49 3.46c.28.38.83.43 1.16.09l7.03-7.1c.31-.31.29-.83-.05-1.12l-3.31-2.85c-.54-.46-1.35-.42-1.83.1l-5.38 5.73c-.43.47-.48 1.17-.11 1.69z"" fill=""#78909c""/><path d=""m35.68 12.24c-1.49.73-.8 3.41.39 3.13s4.45-.86 6.07-1.47c.27-.1 1.53-.71 1.17-1.75-.55-1.62-1.39-2.14-2.74-1.77-1.57.43-3.43 1.15-4.89 1.86z"" fill=""#c9e3e6""/><g fill=""#b0bec5""><path d=""m105.9 21.84c.07-.11 0-.26-.08-.37-.48-1.17-2.22-2.19-3.3-2.7-1.27-.6-2.4-.63-3.17-.55.89.94 1.27 1.45 2.54 1.71 1.7.34 2.67.72 4.01 1.91z""/><path d=""m82.59 6.68c-.21.21-.28.57-.14.83.14.27.45.41.73.52 1.04.42 2.09.81 3.15 1.18.31.11.63.21.95.23.07 0 .15 0 .21-.04.08-.05.11-.14.12-.23.03-.25-.1-.5-.28-.67s-.41-.29-.64-.4c-.79-.38-1.59-.77-2.38-1.15-.51-.25-1.18-.8-1.72-.27z""/></g></svg>"
8821c406-676c-4fdf-b18f-fe01c00d793f,"<svg xmlns=""http://www.w3.org/2000/svg"" viewBox=""0.0 0.0 200.0 200.0"" height=""200.0px"" width=""200.0px""><path fill=""#3E4055"" fill-opacity=""1.0""  filling=""0"" d=""M180.0 40.0 L145.0 40.0 L121.0 8.0 A20.0 20.0 0.0 0 0 105.0 0.0 L20.0 0.0 A20.0 20.0 0.0 0 0 0.0 20.0 L0.0 180.0 A20.0 20.0 0.0 0 0 20.0 200.0 L100.0 200.0 A10.0 10.0 0.0 0 0 100.0 180.0 L20.0 180.0 L20.0 60.0 L180.0 60.0 L180.0 100.0 A10.0 10.0 0.0 0 0 200.0 100.0 L200.0 60.0 A20.0 20.0 0.0 0 0 180.0 40.0 Z M105.0 20.0 L120.0 40.0 L20.0 40.0 L20.0 20.0 L105.0 20.0 Z""></path>
<path fill=""#3E4055"" fill-opacity=""1.0""  filling=""0"" d=""M190.0 140.0 L160.0 140.0 L160.0 110.0 A10.0 10.0 0.0 0 0 140.0 110.0 L140.0 140.0 L110.0 140.0 A10.0 10.0 0.0 0 0 110.0 160.0 L140.0 160.0 L140.0 190.0 A10.0 10.0 0.0 0 0 160.0 190.0 L160.0 160.0 L190.0 160.0 A10.0 10.0 0.0 0 0 190.0 140.0 Z""></path></svg>"
8390a1ddd68fc7de495d11dffab32031,"<svg xmlns=""http://www.w3.org/2000/svg"" viewBox=""0.0 0.0 200.0 200.0"" height=""200.0px"" width=""200.0px""><path fill=""#2E4DA7"" fill-opacity=""1.0""  filling=""0"" d=""M0.0 100.0 A100.0 100.0 0.0 1 0 200.0 100.0 A100.0 100.0 0.0 1 0 0.0 100.0 Z""></path>
<path fill=""#FFFFFF"" fill-opacity=""1.0""  filling=""0"" d=""M90.625 143.75 L90.625 90.625 L156.25 90.625 L156.25 143.75 L90.625 143.75 Z M150.0 96.875 L96.875 96.875 L96.875 137.5 L150.0 137.5 L150.0 96.875 Z M112.5 125.0 L121.875 109.375 L128.125 115.625 L134.375 103.125 L146.875 121.875 L146.875 134.375 L100.0 134.375 L106.25 121.875 L112.5 125.0 Z M109.04375457763672 114.87812805175781 A6.278125286102295 6.278125286102295 0.0 0 1 103.01250457763672 108.375 A6.409375190734863 6.409375190734863 0.0 0 1 109.04375457763672 101.73125457763672 A6.512500286102295 6.512500286102295 0.0 0 1 115.19999694824219 108.375 A6.381250381469727 6.381250381469727 0.0 0 1 109.04375457763672 114.87812805175781 Z M132.859375 84.390625 L125.0 75.0 L131.25 75.0 L131.25 68.75 L121.875 68.75 L121.875 75.0 L112.52812194824219 67.0625 L121.875 59.375 L121.875 65.625 L134.375 65.625 L134.375 75.0 L140.625 75.0 L132.859375 84.390625 Z M62.16874694824219 80.5062484741211 A6.278125286102295 6.278125286102295 0.0 0 1 56.140625 74.0 A6.40625 6.40625 0.0 0 1 62.16874694824219 67.35625457763672 A6.512500286102295 6.512500286102295 0.0 0 1 68.32499694824219 74.0 A6.384375095367432 6.384375095367432 0.0 0 1 62.16874694824219 80.5062484741211 Z M81.25 81.25 L90.625 68.75 L97.3218765258789 84.375 L84.375 84.375 L84.375 100.0 L53.125 100.0 L62.5 87.5 L65.625 93.75 L75.0 75.0 L81.25 81.25 Z M103.125 62.5 L50.0 62.5 L50.0 103.125 L84.375 103.125 L84.375 109.375 L43.75 109.375 L43.75 56.25 L109.375 56.25 L109.375 84.375 L103.125 84.375 L103.125 62.5 Z""></path></svg>"
48fba8b033c732c00f1a288dfc34aedc,"<svg xmlns=""http://www.w3.org/2000/svg"" viewBox=""0.0 0.0 200.0 200.0"" height=""200.0px"" width=""200.0px""><path fill=""#1E1E1E"" fill-opacity=""1.0""  filling=""0"" d=""M58.828128814697266 145.68359375 L58.7109375 145.68359375 C55.78125 145.6640625 53.046875 144.4921875 51.015628814697266 142.40234375 C48.964847564697266 140.3125 47.8515625 137.55859375 47.890628814697266 134.62890625 C47.910152435302734 131.69921875 49.082027435302734 128.96484375 51.171875 126.93359375 C53.261722564697266 124.8828125 55.996097564697266 123.76953125 58.945308685302734 123.80859375 C61.874996185302734 123.828125 64.609375 125.0 66.640625 127.08984375 C68.69140625 129.1796875 69.8046875 131.93359375 69.765625 134.86328125 C69.74609375 137.79296875 68.57421875 140.52734375 66.484375 142.55859375 C64.4140625 144.58984375 61.69921875 145.68359375 58.828128814697266 145.68359375 Z M58.80859375 130.05859375 C57.578121185302734 130.05859375 56.406246185302734 130.52734375 55.527339935302734 131.40625 C54.628910064697266 132.28515625 54.140628814697266 133.45703125 54.12109375 134.70703125 C54.1015625 135.95703125 54.58984375 137.1484375 55.46875 138.02734375 C56.34765625 138.92578125 57.51953125 139.4140625 58.76953125 139.43359375 L58.80859375 139.43359375 C60.0390625 139.43359375 61.2109375 138.96484375 62.08984375 138.0859375 C63.925777435302734 136.26953125 63.96484375 133.30078125 62.148441314697266 131.46484375 C61.269535064697266 130.56640625 60.097660064697266 130.078125 58.847652435302734 130.05859375 L58.80859375 130.05859375 Z""></path>
<path fill=""#1E1E1E"" fill-opacity=""1.0""  filling=""0"" d=""M163.88671875 31.89453125 C160.37109375 28.3203125 155.68359375 26.328125 150.68359375 26.26953125 C145.76171875 26.23046875 141.11328125 28.06640625 137.55859375 31.4453125 C113.18359375 48.80859375 88.2421875 70.15625 61.30859375 96.66015625 C58.69140625 96.89453125 56.171875 98.0078125 54.257808685302734 99.8828125 L39.199222564697266 114.66796112060547 C33.828125 119.921875 30.83984375 126.953125 30.76171875 134.47265625 C30.68359375 141.9921875 33.5546875 149.08203125 38.808597564697266 154.43359375 C44.31640625 160.0390625 51.601566314697266 162.8515625 58.90625 162.8515625 C66.015625 162.8515625 73.10546875 160.17578125 78.57421875 154.82421875 L94.00390625 139.6875 C97.3828125 136.38671875 98.8671875 132.40234375 98.203125 128.49609375 C97.578125 124.8828125 95.1953125 121.85546875 91.640625 120.1953125 C88.8671875 118.90625 85.68359375 118.7890625 82.87109375 118.671875 C80.2734375 118.57421875 77.578125 118.4765625 76.5625 117.421875 C75.01953125 115.859375 74.7265625 113.45703887939453 74.375 110.66405487060547 C74.0625 108.26171875 73.7109375 105.54688262939453 72.48046875 102.96875 C71.5625 101.05469512939453 70.17578125 99.51171875 68.45703125 98.3984375 C90.68359375 76.71875 111.54296112060547 58.59375 131.8359375 43.359375 C131.38671875 48.6328125 133.125 54.062496185302734 137.109375 58.125 C140.78125 61.855472564697266 145.64453125 63.730464935302734 150.48828125 63.730464935302734 C152.01171875 63.730464935302734 153.53515625 63.535152435302734 155.01953125 63.18359375 C133.125 115.64452362060547 100.44921875 168.4375 100.09765625 168.984375 C99.1796875 170.44921875 99.62890625 172.3828125 101.09374237060547 173.28125 C101.6015625 173.59375 102.16796112060547 173.75 102.734375 173.75 C103.76953125 173.75 104.80467987060547 173.22265625 105.39061737060547 172.265625 C105.76171875 171.6796875 141.81640625 113.4375 163.80859375 58.18359375 C170.99609375 50.937496185302734 171.0546875 39.218746185302734 163.88671875 31.89453125 Z M72.08984375 121.81640625 C74.86328125 124.62890625 78.984375 124.78515625 82.6171875 124.921875 C84.94140625 125.01953125 87.36328125 125.09765625 88.984375 125.859375 C90.6640625 126.640625 91.7578125 127.98828125 92.03125 129.55078125 C92.34375 131.38671875 91.484375 133.3984375 89.62890625 135.234375 L74.19921875 150.37109375 C69.9609375 154.53125 64.43359375 156.6015625 58.90625 156.6015625 C53.22265625 156.6015625 47.55859375 154.4140625 43.28125 150.0390625 C39.199222564697266 145.859375 36.972652435302734 140.3515625 37.03125 134.51171875 C37.08984375 128.671875 39.414058685302734 123.203125 43.593753814697266 119.1015625 L58.652339935302734 104.3359375 C59.6484375 103.359375 60.91796875 102.85155487060547 62.265621185302734 102.85155487060547 C62.578125 102.85155487060547 62.890625 102.87109375 63.203125 102.9296875 C64.82421875 103.22265625 66.15234375 104.21874237060547 66.8359375 105.6640625 C67.63671875 107.32421875 67.890625 109.3359375 68.1640625 111.44530487060547 C68.57421875 114.90234375 69.08203125 118.75 72.08984375 121.81640625 Z M159.7265625 53.457035064697266 C159.27734375 53.7109375 158.90625 54.08203125 158.61328125 54.531253814697266 C156.26953125 56.54296875 153.37890625 57.5390625 150.48828125 57.5390625 C147.24609375 57.5390625 144.00390625 56.289066314697266 141.5625 53.7890625 C136.73828125 48.867191314697266 136.81640625 40.9375 141.73828125 36.11328125 C144.1015625 33.80859375 147.1875 32.5390625 150.48828125 32.5390625 L150.60546875 32.5390625 C153.9453125 32.578125 157.0703125 33.90625 159.4140625 36.289058685302734 C164.08203125 41.03515625 164.16015625 48.593746185302734 159.7265625 53.457035064697266 Z""></path></svg>"
1d800968d7d3aa76b9e097cee61fbe60,"<svg xmlns=""http://www.w3.org/2000/svg"" viewBox=""0.0 0.0 200.0 200.0"" height=""200.0px"" width=""200.0px""><path fill=""#231815"" fill-opacity=""1.0""  filling=""0"" d=""M99.74600219726562 187.968994140625 C87.89099884033203 187.968994140625 76.40599822998047 185.64500427246094 65.56600189208984 181.07400512695312 C55.117000579833984 176.66000366210938 45.722999572753906 170.33200073242188 37.65599822998047 162.26600646972656 C29.589996337890625 154.19900512695312 23.262001037597656 144.82400512695312 18.847999572753906 134.35499572753906 C14.277000427246094 123.53500366210938 11.9530029296875 112.03099822998047 11.9530029296875 100.1760025024414 C11.9530029296875 88.31999969482422 14.277000427246094 76.83599853515625 18.847999572753906 65.99600219726562 C23.262001037597656 55.547000885009766 29.589996337890625 46.152000427246094 37.65599822998047 38.08599853515625 C45.722999572753906 30.020004272460938 55.097999572753906 23.691001892089844 65.56600189208984 19.277000427246094 C76.38700103759766 14.707000732421875 87.89099884033203 12.383003234863281 99.74600219726562 12.383003234863281 C111.60199737548828 12.383003234863281 123.08599853515625 14.707000732421875 133.92599487304688 19.277000427246094 C144.375 23.691001892089844 153.77000427246094 30.020004272460938 161.83599853515625 38.08599853515625 C169.90199279785156 46.152000427246094 176.22999572753906 55.527000427246094 180.64500427246094 65.99600219726562 C185.21499633789062 76.81600189208984 187.53900146484375 88.31999969482422 187.53900146484375 100.1760025024414 C187.53900146484375 112.03099822998047 185.21499633789062 123.51599884033203 180.64500427246094 134.35499572753906 C176.22999572753906 144.80499267578125 169.90199279785156 154.19900512695312 161.83599853515625 162.26600646972656 C153.77000427246094 170.33200073242188 144.39500427246094 176.66000366210938 133.92599487304688 181.07400512695312 C123.08599853515625 185.64500427246094 111.60199737548828 187.968994140625 99.74600219726562 187.968994140625 Z M99.74600219726562 20.996002197265625 C56.09400177001953 20.996002197265625 20.566001892089844 56.52299880981445 20.566001892089844 100.1760025024414 C20.566001892089844 143.8280029296875 56.09400177001953 179.35499572753906 99.74600219726562 179.35499572753906 C143.3979949951172 179.35499572753906 178.92599487304688 143.8280029296875 178.92599487304688 100.1760025024414 C178.92599487304688 56.52299880981445 143.3979949951172 20.996002197265625 99.74600219726562 20.996002197265625 Z""></path>
<path fill=""#231815"" fill-opacity=""1.0""  filling=""0"" d=""M79.08200073242188 65.68399810791016 L79.08200073242188 134.55099487304688 L138.72999572753906 100.11699676513672 L79.08200073242188 65.68399810791016 Z""></path></svg>"
5f4a048069086cff1d5f8d424af1b8ca,"<svg xmlns=""http://www.w3.org/2000/svg"" viewBox=""0.0 0.0 200.0 200.0"" height=""200.0px"" width=""200.0px""><path fill=""#272636"" fill-opacity=""1.0""  filling=""0"" d=""M187.51100158691406 200.0 L187.32699584960938 198.47799682617188 C182.24099731445312 156.42300415039062 143.0679931640625 122.2030029296875 100.0 122.2030029296875 C56.93199920654297 122.2030029296875 17.759002685546875 156.41900634765625 12.677001953125 198.47799682617188 L12.492996215820312 200.0 L0.9940032958984375 200.0 L1.1989974975585938 198.08200073242188 C5.178001403808594 160.99899291992188 31.132003784179688 127.57499694824219 65.78399658203125 114.9209976196289 L66.83999633789062 114.53199768066406 L65.89399719238281 113.9229965209961 C48.17900085449219 102.52999877929688 37.604000091552734 83.55000305175781 37.604000091552734 63.14400100708008 C37.604000091552734 29.50799560546875 66.76300048828125 0.0 100.0 0.0 C133.24000549316406 0.0 162.39599609375 29.50799560546875 162.39599609375 63.1510009765625 C162.39599609375 83.55400085449219 151.8209991455078 102.53399658203125 134.1060028076172 113.93000030517578 L133.16000366210938 114.53900146484375 L134.21600341796875 114.9280014038086 C168.8679962158203 127.58599853515625 194.82200622558594 161.00599670410156 198.80099487304688 198.08900451660156 L199.00599670410156 200.0 L187.51100158691406 200.0 Z M100.0 11.650001525878906 C74.31300354003906 11.650001525878906 49.104000091552734 37.15999984741211 49.104000091552734 63.14799880981445 C49.104000091552734 90.27899932861328 75.9739990234375 110.5530014038086 100.0 110.5530014038086 C124.0260009765625 110.5530014038086 150.89599609375 90.28299713134766 150.89599609375 63.14799880981445 C150.89599609375 37.15999984741211 125.68699645996094 11.650001525878906 100.0 11.650001525878906 Z""></path></svg>"
363e052b0457c60892eab6c887dd5b27,"<svg xmlns=""http://www.w3.org/2000/svg"" viewBox=""0.0 0.0 200.0 200.0"" height=""200.0px"" width=""200.0px""><path fill=""#595959"" fill-opacity=""1.0""  filling=""0"" d=""M127.16796875 125.37109375 C126.89453125 125.13671875 126.54296875 125.0 126.171875 125.0 L115.48828125 125.0 C115.01953887939453 125.0 114.58984375 125.21484375 114.296875 125.56640625 L100.0 142.71484375 L85.72265625 125.56640625 C85.4296875 125.21484375 84.98046875 125.0 84.53125 125.0 L73.828125 125.0 C73.45703125 125.0 73.10546875 125.13671875 72.83203125 125.37109375 C72.16796875 125.91796875 72.0703125 126.9140625 72.63671875 127.578125 L92.6171875 151.5625 L72.6171875 175.56640625 C72.0703125 176.23046875 72.1484375 177.20703125 72.8125 177.7734375 C73.0859375 178.0078125 73.4375 178.14453125 73.80859375 178.14453125 L84.4921875 178.14453125 C84.9609375 178.14453125 85.390625 177.9296875 85.68359375 177.578125 L99.9609375 160.4296875 L114.23828887939453 177.578125 C114.53125762939453 177.9296875 114.98046875 178.14453125 115.4296875 178.14453125 L126.171875 178.14453125 C126.54296875 178.14453125 126.89453125 178.0078125 127.16796875 177.7734375 C127.83203125 177.2265625 127.9296875 176.23046875 127.36328125 175.56640625 L107.3828125 151.5625 L127.3828125 127.55859375 C127.9296875 126.89453125 127.83203125 125.91796875 127.16796875 125.37109375 Z M92.1875 106.25 L107.8125 106.25 C108.67188262939453 106.25 109.375 105.54688262939453 109.375 104.6875 L109.375 23.4375 C109.375 22.578125 108.67188262939453 21.875 107.8125 21.875 L92.1875 21.875 C91.328125 21.875 90.625 22.578125 90.625 23.4375 L90.625 104.6875 C90.625 105.54688262939453 91.328125 106.25 92.1875 106.25 Z M68.359375 75.390625 L35.9375 75.390625 L35.9375 26.5625 C35.9375 25.91796875 35.41015625 25.390625 34.765625 25.390625 L23.046875 25.390625 C22.40234375 25.390625 21.875 25.91796875 21.875 26.5625 L21.875 83.59375 C21.875 86.8359375 24.4921875 89.453125 27.734375 89.453125 L68.359375 89.453125 C69.00390625 89.453125 69.53125 88.92578125 69.53125 88.28125 L69.53125 76.5625 C69.53125 75.91796875 69.00390625 75.390625 68.359375 75.390625 Z M176.953125 25.390625 L165.234375 25.390625 C164.58984375 25.390625 164.0625 25.91796875 164.0625 26.5625 L164.0625 75.390625 L131.640625 75.390625 C130.99609375 75.390625 130.46875 75.91796875 130.46875 76.5625 L130.46875 88.28125 C130.46875 88.92578125 130.99609375 89.453125 131.640625 89.453125 L172.265625 89.453125 C175.5078125 89.453125 178.125 86.8359375 178.125 83.59375 L178.125 26.5625 C178.125 25.91796875 177.59765625 25.390625 176.953125 25.390625 Z""></path></svg>"
d942c8be4045344396e6a113f7c58a3f,"<svg xmlns=""http://www.w3.org/2000/svg"" viewBox=""0.0 0.0 200.0 200.0"" height=""200.0px"" width=""200.0px""><path fill=""#000000"" fill-opacity=""1.0""  filling=""0"" d=""M181.2373046875 62.521480560302734 L18.7626953125 62.521480560302734 C15.307029724121094 62.521480560302734 12.513671875 65.3148422241211 12.513671875 68.7705078125 L12.513671875 125.01171875 C12.513671875 128.46737670898438 15.307029724121094 131.2607421875 18.7626953125 131.2607421875 L25.01171875 131.2607421875 L25.01171875 193.7509765625 C25.01171875 197.20663452148438 27.805076599121094 200.0 31.2607421875 200.0 L168.7392578125 200.0 C172.19491577148438 200.0 174.98828125 197.20663452148438 174.98828125 193.7509765625 L174.98828125 131.2607421875 L181.2373046875 131.2607421875 C184.69296264648438 131.2607421875 187.486328125 128.46737670898438 187.486328125 125.01171875 L187.486328125 68.7705078125 C187.486328125 65.3148422241211 184.69296264648438 62.521480560302734 181.2373046875 62.521480560302734 Z M87.501953125 181.2529296875 C87.501953125 184.70858764648438 84.7085952758789 187.501953125 81.2529296875 187.501953125 L43.758785247802734 187.501953125 C40.303123474121094 187.501953125 37.509761810302734 184.70858764648438 37.509761810302734 181.2529296875 L37.509761810302734 131.2607421875 C37.509761810302734 127.8050765991211 40.303123474121094 125.01171875 43.758785247802734 125.01171875 L81.2529296875 125.01171875 C84.7085952758789 125.01171875 87.501953125 127.8050765991211 87.501953125 131.2607421875 L87.501953125 181.2529296875 Z M87.501953125 106.2646484375 C87.501953125 109.7203140258789 84.7085952758789 112.513671875 81.2529296875 112.513671875 L31.2607421875 112.513671875 C27.805076599121094 112.513671875 25.01171875 109.7203140258789 25.01171875 106.2646484375 L25.01171875 81.2685546875 C25.01171875 77.81289672851562 27.805076599121094 75.01953125 31.2607421875 75.01953125 L81.2529296875 75.01953125 C84.7085952758789 75.01953125 87.501953125 77.81289672851562 87.501953125 81.2685546875 L87.501953125 106.2646484375 Z M162.490234375 181.2529296875 C162.490234375 184.70858764648438 159.69686889648438 187.501953125 156.2412109375 187.501953125 L118.7470703125 187.501953125 C115.2914047241211 187.501953125 112.498046875 184.70858764648438 112.498046875 181.2529296875 L112.498046875 131.2607421875 C112.498046875 127.8050765991211 115.2914047241211 125.01171875 118.7470703125 125.01171875 L156.2412109375 125.01171875 C159.69686889648438 125.01171875 162.490234375 127.8050765991211 162.490234375 131.2607421875 L162.490234375 181.2529296875 Z M174.98828125 106.2646484375 C174.98828125 109.7203140258789 172.19491577148438 112.513671875 168.7392578125 112.513671875 L118.7470703125 112.513671875 C115.2914047241211 112.513671875 112.498046875 109.7203140258789 112.498046875 106.2646484375 L112.498046875 81.2685546875 C112.498046875 77.81289672851562 115.2914047241211 75.01953125 118.7470703125 75.01953125 L168.7392578125 75.01953125 C172.19491577148438 75.01953125 174.98828125 77.81289672851562 174.98828125 81.2685546875 L174.98828125 106.2646484375 Z M72.248046875 62.515235900878906 L129.7390594482422 62.515235900878906 C139.59375 55.447654724121094 148.9111328125 46.249019622802734 150.01718139648438 36.2255859375 C150.5546875 31.332618713378906 149.5046844482422 24.1650390625 141.4248046875 17.784759521484375 C136.9441375732422 14.241600036621094 132.39492797851562 12.448051452636719 127.92070007324219 12.448051452636719 C113.66034698486328 12.448051452636719 105.59296417236328 29.93280792236328 101.23104858398438 45.55547332763672 C96.01933288574219 25.6396484375 85.9583969116211 0.03125 68.67988586425781 0.03125 C63.63691711425781 0.03125 58.61894607543945 2.2121047973632812 53.73847579956055 6.5177764892578125 C44.11504364013672 15.028907775878906 43.171287536621094 23.877540588378906 44.071292877197266 29.801559448242188 C46.08964920043945 43.04336166381836 59.412498474121094 54.42265701293945 72.248046875 62.515235900878906 Z M127.92070007324219 27.445701599121094 C129.3017578125 27.445701599121094 131.08261108398438 28.2705078125 133.0636749267578 29.845306396484375 C136.2880859375 32.382423400878906 136.10684204101562 33.95722198486328 136.0568389892578 34.47577667236328 C135.45703125 39.943748474121094 125.20234680175781 48.5361328125 113.2416000366211 55.62871170043945 C116.75995635986328 40.499996185302734 122.50897979736328 27.445701599121094 127.92070007324219 27.445701599121094 Z M62.718360900878906 18.059768676757812 C64.28691101074219 16.672462463378906 66.5990219116211 15.022659301757812 68.67988586425781 15.022659301757812 C76.41621398925781 15.022659301757812 84.37128448486328 35.33203125 89.00801086425781 55.07890701293945 C74.39765167236328 47.292579650878906 59.2939453125 36.25058364868164 57.94414138793945 27.38945770263672 C57.76288986206055 26.164649963378906 57.26288986206055 22.883987426757812 62.718360900878906 18.059768676757812 Z""></path></svg>"
5486017c6c4d153449d07c7c4f7afbd4,"<svg xmlns=""http://www.w3.org/2000/svg"" viewBox=""0.0 0.0 200.0 200.0"" height=""200.0px"" width=""200.0px""><path fill=""#392C47"" fill-opacity=""1.0""  filling=""0"" d=""M191.09375 175.15625 L8.65234375 175.15625 C7.1484375 175.15625 5.91796875 173.92578125 5.91796875 172.421875 L5.91796875 109.9609375 C5.91796875 109.10155487060547 6.328125 108.28125762939453 7.03125 107.75390625 C7.734375 107.2265625 8.6328125 107.08984375 9.453125 107.34374237060547 C12.87109375 108.3984375 16.4453125 108.92578125 20.05859375 108.92578125 C39.902339935302734 108.92578125 56.03515625 92.79296875 56.03515625 72.94921875 C56.03515625 71.62109375 56.992183685302734 70.48828125 58.30078125 70.25390625 C59.609378814697266 70.01953125 60.898433685302734 70.76171875 61.34765625 72.01171875 L65.78125 84.140625 C70.99609375 98.3984375 84.6875 107.98828887939453 99.8828125 107.98828887939453 C115.05858612060547 107.98828887939453 128.76953125 98.41796875 133.984375 84.140625 L138.41796875 72.01171875 C138.8671875 70.76171875 140.15625 70.01953125 141.46484375 70.25390625 C142.7734375 70.48828125 143.73046875 71.62109375 143.73046875 72.94921875 C143.73046875 92.79296875 159.86328125 108.92578125 179.70703125 108.92578125 C183.3203125 108.92578125 186.89453125 108.3984375 190.3125 107.34374237060547 C191.15234375 107.08984375 192.05078125 107.24608612060547 192.75390625 107.75390625 C193.45703125 108.26171875 193.8671875 109.08203125 193.8671875 109.9609375 L193.8671875 172.421875 C193.828125 173.92578125 192.59765625 175.15625 191.09375 175.15625 Z M11.38671875 169.6875 L188.359375 169.6875 L188.359375 113.515625 C185.52734375 114.12109375 182.6171875 114.43360137939453 179.6875 114.43360137939453 C160.72265625 114.43360137939453 144.6875 101.64063262939453 139.78515625 84.21875 L139.12109375 86.0546875 C133.125 102.46092987060547 117.36328125 113.49608612060547 99.8828125 113.49608612060547 C82.421875 113.49608612060547 66.640625 102.48046875 60.64453125 86.0546875 L59.98046875 84.21875 C55.078125 101.64063262939453 39.04296875 114.43360137939453 20.078125 114.43360137939453 C17.1484375 114.43360137939453 14.23828125 114.12109375 11.40625 113.515625 L11.40625 169.6875 L11.38671875 169.6875 Z""></path>
<path fill=""#D6B0F7"" fill-opacity=""1.0""  filling=""0"" d=""M188.359375 113.49608612060547 L188.359375 169.6875 L11.38671875 169.6875 L11.38671875 113.49608612060547 C14.23828125 114.1015625 17.12890625 114.4140625 20.078125 114.4140625 C39.04296875 114.4140625 55.078125 101.62109375 59.98046875 84.19921875 L60.64453125 86.03515625 C66.640625 102.44140625 82.40234375 113.45703887939453 99.8828125 113.45703887939453 C117.34375 113.45703887939453 133.125 102.42188262939453 139.12109375 86.03515625 L139.8046875 84.19921875 C144.70703125 101.62109375 160.7421875 114.4140625 179.70703125 114.4140625 C182.6171875 114.4140625 185.52734375 114.12109375 188.359375 113.49608612060547 Z""></path>
<path fill=""#392C47"" fill-opacity=""1.0""  filling=""0"" d=""M58.76953125 75.703125 C57.265628814697266 75.703125 56.03515625 74.47265625 56.03515625 72.96875 L56.03515625 27.63671875 C56.03515625 26.1328125 57.265628814697266 24.90234375 58.76953125 24.90234375 C60.2734375 24.90234375 61.50390625 26.1328125 61.50390625 27.63671875 L61.50390625 72.96875 C61.50390625 74.4921875 60.292972564697266 75.703125 58.76953125 75.703125 Z M141.015625 75.703125 C139.51171875 75.703125 138.28125 74.47265625 138.28125 72.96875 L138.28125 27.63671875 C138.28125 26.1328125 139.51171875 24.90234375 141.015625 24.90234375 C142.51953125 24.90234375 143.75 26.1328125 143.75 27.63671875 L143.75 72.96875 C143.75 74.4921875 142.51953125 75.703125 141.015625 75.703125 Z""></path>
<path fill=""#FFFFFF"" fill-opacity=""1.0""  filling=""0"" d=""M174.4140625 123.45703125 C164.74609375 123.45703125 155.33203125 120.05859375 147.91015625 113.88671112060547 C146.7578125 112.91014862060547 146.58203125 111.19140625 147.55859375 110.03907012939453 C148.515625 108.88671875 150.25390625 108.71092987060547 151.40625 109.68749237060547 C157.8515625 115.0390625 166.015625 117.98828125 174.39453125 117.98828125 C175.8984375 117.98828125 177.12890625 119.21875 177.12890625 120.72265625 C177.1484375 122.2265625 175.9375 123.45703125 174.4140625 123.45703125 Z M144.00390625 108.67188262939453 C143.203125 108.67188262939453 142.40234375 108.32030487060547 141.85546875 107.63671112060547 C139.5703125 104.7265625 137.67578125 101.54297637939453 136.25 98.14453125 C135.6640625 96.7578125 136.30859375 95.15625 137.6953125 94.55078125 C139.08203125 93.96484375 140.68359375 94.609375 141.2890625 95.99609375 C142.5390625 98.9453125 144.1796875 101.71875 146.15234375 104.23828125 C147.08984375 105.4296875 146.875 107.14842987060547 145.703125 108.08594512939453 C145.1953125 108.47657012939453 144.58984375 108.67188262939453 144.00390625 108.67188262939453 Z""></path>
<path fill=""#EFE3FC"" fill-opacity=""1.0""  filling=""0"" d=""M14.78515625 162.75390625 A5.0 5.0 0.0 1 0 24.78515625 162.75390625 A5.0 5.0 0.0 1 0 14.78515625 162.75390625 Z""></path>
<path fill=""#EFE3FC"" fill-opacity=""1.0""  filling=""0"" d=""M19.78515625 157.734375 A6.796875 6.796875 0.0 1 0 33.37890625 157.734375 A6.796875 6.796875 0.0 1 0 19.78515625 157.734375 Z""></path></svg>"
7e63b44725fd31b7ee98d8ba88fe29cd,"<svg xmlns=""http://www.w3.org/2000/svg"" viewBox=""0.0 0.0 200.0 200.0"" height=""200.0px"" width=""200.0px""><path fill=""#1A1A1A"" fill-opacity=""1.0"" filling=""0"" d=""M144.67999267578125 28.908004760742188 L143.8769989013672 29.66400146484375 L132.60400390625 40.928001403808594 L159.12100219726562 67.44300079345703 L170.40199279785156 56.172000885009766 C177.7270050048828 48.847999572753906 177.7270050048828 36.986000061035156 170.41200256347656 29.669998168945312 C163.3459930419922 22.604995727539062 152.0489959716797 22.349998474121094 144.67999267578125 28.908004760742188 Z M119.33599853515625 54.17599868774414 L24.11499786376953 149.3159942626953 L24.10199737548828 166.9429931640625 L24.10199737548828 175.76199340820312 L50.69499969482422 175.76199340820312 L145.85400390625 80.69300079345703 L119.33599853515625 54.17599868774414 Z M183.6699981689453 16.412002563476562 C197.97500610351562 30.716995239257812 198.30099487304688 53.70899963378906 184.64500427246094 68.41000366210938 L183.6580047607422 69.43399810791016 L77.23200225830078 175.76199340820312 L183.4770050048828 175.76800537109375 C188.6540069580078 175.76800537109375 192.8520050048828 179.96499633789062 192.8520050048828 185.14300537109375 C192.8520050048828 190.32000732421875 188.6540069580078 194.51800537109375 183.4770050048828 194.51800537109375 L54.417999267578125 194.52099609375 C54.020999908447266 194.5590057373047 53.625 194.5780029296875 53.222999572753906 194.5780029296875 L17.841995239257812 194.56100463867188 C17.496002197265625 194.56100463867188 17.152000427246094 194.5469970703125 16.813995361328125 194.51800537109375 L14.726997375488281 194.51600646972656 C9.548995971679688 194.51600646972656 5.351997375488281 190.3179931640625 5.351997375488281 185.14100646972656 L5.351997375488281 160.14100646972656 L5.357002258300781 159.94700622558594 L5.364997863769531 146.72300720214844 A12.496999740600586 12.496999740600586 0.0 0 1 9.030998229980469 137.88699340820312 L130.625 16.400001525878906 C145.27699279785156 1.7600021362304688 169.0229949951172 1.7659988403320312 183.6699981689453 16.412002563476562 Z""></path></svg>"
75ea7d1de57013d3d210046f6cec14d5,"<svg xmlns=""http://www.w3.org/2000/svg"" viewBox=""0.0 0.0 200.0 200.0"" height=""200.0px"" width=""200.0px""><path fill=""currentColor"" fill-opacity=""1.0""  filling=""0"" d=""M100.0 200.0 C78.71099853515625 200.0 59.19900131225586 193.05299377441406 42.992000579833984 181.7050018310547 C38.69499969482422 177.75999450683594 36.03499984741211 177.30499267578125 36.03499984741211 173.05099487304688 L35.95899963378906 172.20899963378906 A9.079999923706055 9.079999923706055 0.0 0 1 45.047000885009766 163.12100219726562 A8.984000205993652 8.984000205993652 0.0 0 1 51.604000091552734 165.97999572753906 C65.1500015258789 175.88900756835938 81.78900146484375 181.80099487304688 99.86299896240234 181.80099487304688 C145.11700439453125 181.8070068359375 181.82400512695312 145.11700439453125 181.82400512695312 99.87100219726562 C181.82400512695312 54.625 145.11700439453125 17.91400146484375 99.86900329589844 17.91400146484375 C54.62099838256836 17.91400146484375 17.912002563476562 54.60499954223633 17.912002563476562 99.87100219726562 A81.48799896240234 81.48799896240234 0.0 0 0 25.803001403808594 134.77499389648438 A78.0999984741211 78.0999984741211 0.0 0 1 29.996002197265625 144.65199279785156 L30.080001831054688 145.49400329589844 A9.092000007629395 9.092000007629395 0.0 0 1 20.98999786376953 154.58999633789062 C16.902000427246094 154.58999633789062 13.580001831054688 151.83599853515625 12.435997009277344 148.14500427246094 L12.387001037597656 148.18600463867188 A99.48999786376953 99.48999786376953 0.0 0 1 0.0 100.0 C0.0 44.770999908447266 44.770999908447266 0.0 100.0 0.0 C155.22900390625 0.0 200.0 44.770999908447266 200.0 100.0 C200.0 155.22900390625 155.22900390625 200.0 100.0 200.0 Z""></path>
<path fill=""currentColor"" fill-opacity=""1.0""  filling=""0"" d=""M162.63499450683594 66.55699920654297 A9.024999618530273 9.024999618530273 0.0 0 0 150.11700439453125 66.55699920654297 L90.63899993896484 124.43000030517578 L56.231998443603516 90.9530029296875 A9.024999618530273 9.024999618530273 0.0 0 0 43.71500015258789 90.9530029296875 A8.449000358581543 8.449000358581543 0.0 0 0 43.71500015258789 103.13300323486328 L84.04900360107422 142.38299560546875 A9.130999565124512 9.130999565124512 0.0 0 0 84.71099853515625 143.02699279785156 A9.045000076293945 9.045000076293945 0.0 0 0 96.55500030517578 143.02699279785156 A8.76200008392334 8.76200008392334 0.0 0 0 97.21700286865234 142.38499450683594 L162.63499450683594 78.73600006103516 A8.449000358581543 8.449000358581543 0.0 0 0 162.63499450683594 66.55699920654297""></path></svg>"
9bda86e2078baf4d4fa15be8de3bcdce,"<svg xmlns=""http://www.w3.org/2000/svg"" viewBox=""0.0 0.0 200.0 200.0"" height=""200.0px"" width=""200.0px""><path fill=""currentColor"" fill-opacity=""1.0""  filling=""0"" d=""M155.23300170898438 156.4669952392578 L155.23300170898438 43.599998474121094 C155.23300170898438 30.599998474121094 144.63299560546875 20.0 131.63299560546875 20.0 L68.30000305175781 20.0 C55.29999923706055 20.0 44.766998291015625 30.599998474121094 44.766998291015625 43.599998474121094 L44.766998291015625 156.4669952392578 A23.533000946044922 23.533000946044922 0.0 0 0 68.30000305175781 180.0 L131.63299560546875 180.0 C144.63299560546875 180.0 155.23300170898438 169.4669952392578 155.23300170898438 156.4669952392578 Z M98.96700286865234 168.5330047607422 C95.30000305175781 168.5330047607422 92.36699676513672 165.60000610351562 92.36699676513672 161.93299865722656 C92.36699676513672 158.1999969482422 95.30000305175781 155.1999969482422 98.96700286865234 155.1999969482422 C102.69999694824219 155.1999969482422 105.69999694824219 158.1999969482422 105.69999694824219 161.93299865722656 C105.69999694824219 165.60000610351562 102.69999694824219 168.5330047607422 98.96700286865234 168.5330047607422 Z M141.89999389648438 143.60000610351562 L58.099998474121094 143.60000610351562 L58.099998474121094 43.599998474121094 C58.099998474121094 37.93299865722656 62.632999420166016 33.33300018310547 68.30000305175781 33.33300018310547 L74.43299865722656 33.33300018310547 L77.43299865722656 41.400001525878906 C78.5 44.266998291015625 81.30000305175781 46.20000076293945 84.36699676513672 46.20000076293945 L115.63300323486328 46.20000076293945 C118.69999694824219 46.20000076293945 121.43299865722656 44.266998291015625 122.5 41.400001525878906 L125.5 33.33300018310547 L131.63299560546875 33.33300018310547 C137.3000030517578 33.33300018310547 141.89999389648438 37.93299865722656 141.89999389648438 43.599998474121094 L141.89999389648438 143.60000610351562 Z""></path>
<path fill=""currentColor"" fill-opacity=""1.0""  filling=""0"" d=""M124.26699829101562 79.91300201416016 A6.6529998779296875 6.6529998779296875 0.0 0 0 115.13300323486328 77.51300048828125 L106.13300323486328 82.71299743652344 L106.13300323486328 71.11299896240234 C106.13300323486328 67.4469985961914 103.13300323486328 64.4469985961914 99.46700286865234 64.4469985961914 C95.73300170898438 64.4469985961914 92.80000305175781 67.4469985961914 92.80000305175781 71.11299896240234 L92.80000305175781 83.24700164794922 L82.86699676513672 77.51300048828125 A6.6529998779296875 6.6529998779296875 0.0 1 0 76.19999694824219 89.0469970703125 L85.19999694824219 94.24700164794922 L84.33300018310547 94.71299743652344 L84.86699676513672 94.9800033569336 L76.19999694824219 99.9800033569336 C73.0 101.84700012207031 71.86699676513672 105.91300201416016 73.73300170898438 109.11299896240234 A6.639999866485596 6.639999866485596 0.0 0 0 82.86699676513672 111.51300048828125 L92.80000305175781 105.77999877929688 L92.80000305175781 116.18000030517578 C92.80000305175781 119.84700012207031 95.73300170898438 122.84700012207031 99.46700286865234 122.84700012207031 C103.13300323486328 122.84700012207031 106.13300323486328 119.84700012207031 106.13300323486328 116.18000030517578 L106.13300323486328 106.31300354003906 L115.13300323486328 111.51300048828125 A6.639999866485596 6.639999866485596 0.0 0 0 124.26699829101562 109.11299896240234 C126.13300323486328 105.91300201416016 125.0 101.84700012207031 121.80000305175781 99.9800033569336 L112.33300018310547 94.51300048828125 L121.80000305175781 89.0469970703125 C125.0 87.18000030517578 126.13300323486328 83.11299896240234 124.26699829101562 79.91300201416016 Z""></path></svg>"
5847d7d98926031f8b9ca1eb61fa7163,"<svg xmlns=""http://www.w3.org/2000/svg"" viewBox=""0.0 0.0 200.0 200.0"" height=""200.0px"" width=""200.0px""><path fill="""" fill-opacity=""1.0""  filling=""0"" d=""M266.6665954589844 200.0 L0.0 200.0 L0.0 0.0 L266.6665954589844 0.0 L266.6665954589844 200.0 Z M16.666603088378906 183.33340454101562 L250.0 183.33340454101562 L250.0 16.666603088378906 L16.666603088378906 16.666603088378906 L16.666603088378906 183.33340454101562 Z M197.91659545898438 150.0 L233.33340454101562 150.0 L233.33340454101562 166.66659545898438 L197.91659545898438 166.66659545898438 L197.91659545898438 150.0 Z M133.25 150.0 L116.5833969116211 150.0 L116.5833969116211 143.16659545898438 L91.58340454101562 78.9166030883789 L66.6666030883789 143.16659545898438 L66.6666030883789 150.0 L50.0 150.0 L50.0 140.08340454101562 L85.0 50.0 L98.25 50.0 L133.25 140.08340454101562 L133.25 150.0 Z M66.6666030883789 108.3333969116211 L116.6666030883789 108.3333969116211 L116.6666030883789 125.0 L66.6666030883789 125.0 L66.6666030883789 108.3333969116211 Z M187.5 108.3333969116211 L150.0 108.3333969116211 L150.0 50.0 L187.5 50.0 A29.16659927368164 29.16659927368164 0.0 0 1 187.5 108.3333969116211 Z M166.66659545898438 91.6666030883789 L187.5 91.6666030883789 A12.5 12.5 0.0 0 0 187.5 66.6666030883789 L166.66659545898438 66.6666030883789 L166.66659545898438 91.6666030883789 Z M187.5 150.0 L150.0 150.0 L150.0 91.6666030883789 L187.5 91.6666030883789 A29.16659927368164 29.16659927368164 0.0 0 1 187.5 150.0 Z M166.66659545898438 133.33340454101562 L187.5 133.33340454101562 A12.5 12.5 0.0 0 0 187.5 108.3333969116211 L166.66659545898438 108.3333969116211 L166.66659545898438 133.33340454101562 Z""></path></svg>"
c97c8f66ce177e81c529de16b5bd4118,"<svg xmlns=""http://www.w3.org/2000/svg"" viewBox=""0.0 0.0 200.0 200.0"" height=""200.0px"" width=""200.0px""><path fill=""#2D3234"" fill-opacity=""1.0""  filling=""0"" d=""M187.01800537109375 28.420997619628906 L12.982002258300781 28.420997619628906 C6.316001892089844 28.420997619628906 0.7020034790039062 34.035003662109375 0.7020034790039062 40.70199966430664 L0.7020034790039062 159.29800415039062 C0.7020034790039062 165.96499633789062 6.316001892089844 171.57899475097656 12.982002258300781 171.57899475097656 L187.01800537109375 171.57899475097656 C193.6840057373047 171.57899475097656 199.29800415039062 165.96499633789062 199.29800415039062 159.29800415039062 L199.29800415039062 40.70199966430664 C199.29800415039062 34.035003662109375 193.6840057373047 28.420997619628906 187.01800537109375 28.420997619628906 Z M185.26300048828125 42.45600128173828 L185.26300048828125 47.71900177001953 L105.96499633789062 102.80699920654297 C103.50900268554688 104.56099700927734 100.35099792480469 104.56099700927734 97.8949966430664 102.80699920654297 L14.73699951171875 47.018001556396484 L14.73699951171875 42.45600128173828 L185.26300048828125 42.45600128173828 Z M14.73699951171875 157.54400634765625 L14.73699951171875 63.86000061035156 L90.17500305175781 114.38600158691406 C93.68399810791016 116.84200286865234 97.8949966430664 117.8949966430664 102.1050033569336 117.8949966430664 C106.31600189208984 117.8949966430664 110.5260009765625 116.49099731445312 114.38600158691406 114.03500366210938 L185.61399841308594 64.56099700927734 L185.61399841308594 157.1929931640625 L14.73699951171875 157.1929931640625 L14.73699951171875 157.54400634765625 Z""></path></svg>"
e41ccb9c836340147df2ccb127e8dde6,"<svg xmlns=""http://www.w3.org/2000/svg"" viewBox=""0.0 0.0 200.0 200.0"" height=""200.0px"" width=""200.0px""><path fill="""" fill-opacity=""1.0""  filling=""0"" d=""M106.71875762939453 52.011714935302734 L93.125 52.011714935302734 L93.125 90.87890625 L12.4609375 90.87890625 L12.4609375 59.6875 C12.4609375 54.765625 16.38671875 50.839839935302734 21.328125 50.839839935302734 L58.0859375 50.839839935302734 C48.203121185302734 48.789058685302734 40.8203125 44.55078125 40.52734375 36.73828125 C40.25390625 27.55859375 50.625003814697266 12.6953125 65.7421875 16.09375 C81.3671875 19.609375 92.28515625 31.69921875 100.64453125 42.050777435302734 C109.08203125 31.50390625 121.03515625 17.890625 137.32421875 15.7421875 C150.95703125 14.0234375 162.20703125 27.6171875 160.76171875 36.6015625 C159.53125 44.472660064697266 151.9921875 48.75 142.36328125 50.820316314697266 L178.65234375 50.820316314697266 C183.57421875 50.820316314697266 187.51953125 54.765625 187.51953125 59.66796875 L187.51953125 90.859375 L106.89453125 90.859375 M67.421875 24.2578125 C59.8828125 21.2890625 55.46875 24.47265625 52.285160064697266 29.7265625 C50.546871185302734 32.6953125 48.7109375 36.640625 51.46484375 39.511714935302734 C58.7109375 46.97265625 78.61328125 46.425785064697266 91.97265625 45.0390625 C85.64453125 37.1875 77.91015625 28.3984375 67.421875 24.2578125 Z M149.86328125 39.453125 C155.05859375 32.8125 144.8828125 19.0234375 133.96484375 24.1015625 C123.515625 29.0234375 115.99610137939453 37.01171875 109.51171875 44.90234375 C115.09765625 45.390625 120.76171875 45.5078125 126.38671875 45.234375 C133.22265625 44.960941314697266 145.859375 44.492183685302734 149.86328125 39.453125 Z M21.97265625 98.02734375 L21.97265625 154.53125 C21.97265625 172.01171875 36.289058685302734 186.328125 53.769527435302734 186.328125 L93.22265625 186.328125 L93.22265625 98.02734375 L21.97265625 98.02734375 Z M106.77734375 98.02734375 L106.77734375 186.328125 L146.25 186.328125 C163.73046875 186.328125 178.046875 172.01171875 178.046875 154.53125 L178.046875 98.02734375 L106.77734375 98.02734375 Z""></path></svg>"
1bb91e93-817e-484d-859c-428ec68c30f9,"<svg height=""128"" viewBox=""0 0 64 64"" width=""128"" xmlns=""http://www.w3.org/2000/svg""><path d=""m32 0c-17.6 0-32 14.4-32 32s14.4 32 32 32 32-14.4 32-32-14.4-32-32-32zm0 61.8c-16.4 0-29.8-13.4-29.8-29.8s13.4-29.8 29.8-29.8 29.8 13.4 29.8 29.8-13.4 29.8-29.8 29.8z""/><path d=""m32 5.9c-14.4 0-26.1 11.7-26.1 26.1s11.7 26.1 26.1 26.1 26.1-11.7 26.1-26.1-11.7-26.1-26.1-26.1zm1.1 49.9v-3.1c0-.6-.5-1.1-1.1-1.1s-1.1.5-1.1 1.1v3.1c-12.3-.5-22.2-10.4-22.7-22.7h3.1c.6 0 1.1-.5 1.1-1.1s-.5-1.1-1.1-1.1h-3.1c.5-12.3 10.4-22.2 22.7-22.7v3.1c0 .6.5 1.1 1.1 1.1s1.1-.5 1.1-1.1v-3.1c12.3.6 22.2 10.5 22.7 22.7h-3.1c-.6 0-1.1.5-1.1 1.1s.5 1.1 1.1 1.1h3.1c-.5 12.3-10.4 22.2-22.7 22.7z""/><path d=""m32 28.3c-2 0-3.7 1.6-3.7 3.7s1.6 3.7 3.7 3.7 3.7-1.6 3.7-3.7-1.7-3.7-3.7-3.7zm0 5.2c-.8 0-1.5-.7-1.5-1.5s.7-1.5 1.5-1.5 1.5.7 1.5 1.5-.7 1.5-1.5 1.5z""/><path d=""m49.6 31-11.9-4.6-4.6-12c-.2-.4-.6-.7-1-.7-.5 0-.9.3-1 .7l-4.6 12-12 4.6c-.4.2-.7.6-.7 1 0 .5.3.9.7 1l12 4.6 4.5 12c.2.4.6.7 1 .7.5 0 .9-.3 1-.7l4.6-12 12-4.6c.4-.2.7-.6.7-1s-.3-.9-.7-1zm-13.2 4.7c-.3.1-.5.3-.6.6l-3.8 9.8-3.7-9.7c-.1-.3-.3-.5-.6-.6l-9.8-3.8 9.8-3.7c.3-.1.5-.3.6-.6l3.7-9.8 3.7 9.8c.1.3.3.5.6.6l9.7 3.7z""/></svg>"
643a84fa96883ea934fdf60cd6b58513,"<svg xmlns=""http://www.w3.org/2000/svg"" viewBox=""0.0 0.0 200.0 200.0"" height=""200.0px"" width=""200.0px""><path fill=""#222222"" fill-opacity=""1.0""  filling=""0"" d=""M150.0 64.16659545898438 C150.0 60.000003814697266 146.66659545898438 56.25 142.08338928222656 56.25 L137.91659545898438 56.25 C137.5 56.25 129.58338928222656 55.83340072631836 121.66659545898438 52.916603088378906 C113.75000762939453 49.58340072631836 108.3333969116211 45.833396911621094 107.08340454101562 45.41660690307617 L104.5833969116211 43.75 C101.6666030883789 41.666603088378906 97.9166030883789 41.666603088378906 95.41659545898438 43.75 L92.9166030883789 45.41660690307617 C92.5 45.833396911621094 86.6666030883789 49.58340072631836 78.3333969116211 53.333396911621094 C70.41659545898438 56.66659927368164 62.5 56.66659927368164 62.08340072631836 56.66659927368164 L57.91659927368164 56.66659927368164 C53.750003814697266 56.66659927368164 50.0 60.416603088378906 50.0 64.5833969116211 L50.0 106.6666030883789 C50.0 118.3333969116211 56.66659927368164 131.25 67.9166030883789 142.08338928222656 C78.3333969116211 152.08340454101562 90.4166030883789 158.33340454101562 100.0 158.33340454101562 C109.58340454101562 158.33340454101562 121.66659545898438 152.5 132.08340454101562 142.08338928222656 C143.33340454101562 131.25 150.0 118.3333969116211 150.0 106.6666030883789 L150.0 64.16659545898438 Z M126.25 135.83338928222656 C117.5 144.16659545898438 107.08340454101562 149.58340454101562 100.0 149.58340454101562 C92.9166030883789 149.58340454101562 82.5 144.16659545898438 73.75 135.83338928222656 C64.16659545898438 126.6666030883789 58.333396911621094 115.83340454101562 58.333396911621094 106.25 L58.333396911621094 64.5833969116211 L62.08340072631836 64.5833969116211 C62.91659927368164 64.5833969116211 72.0833969116211 64.16659545898438 81.25 60.416603088378906 C90.4166030883789 56.66659927368164 96.25 52.499996185302734 97.5 51.66659927368164 L100.0 50.0 L103.33340454101562 52.499996185302734 C105.41659545898438 54.166603088378906 111.24999237060547 57.5 118.75 60.416603088378906 C127.91659545898438 64.16659545898438 136.66659545898438 64.5833969116211 137.91659545898438 64.5833969116211 L141.66659545898438 64.5833969116211 L141.66659545898438 106.25 C141.66659545898438 115.83340454101562 136.25 126.6666030883789 126.25 135.83338928222656 Z M127.91659545898438 84.5833969116211 C129.58338928222656 86.25 129.58338928222656 88.75 127.91659545898438 90.4166030883789 L100.4166030883789 117.91659545898438 C100.4166030883789 118.3333969116211 100.0 118.75 99.5833969116211 119.1666030883789 C97.9166030883789 120.8333969116211 95.41659545898438 120.8333969116211 93.75 119.1666030883789 L74.1666030883789 100.0 C72.5 98.3333969116211 72.5 95.8333969116211 74.1666030883789 94.1666030883789 C75.8333969116211 92.5 78.3333969116211 92.5 80.0 94.1666030883789 L96.25 110.4166030883789 L121.66659545898438 85.0 C123.3333969116211 83.3333969116211 126.25 83.3333969116211 127.91659545898438 84.5833969116211 Z""></path></svg>"
7116d593ba10694dbf864f192ff2f07b,"<svg height=""128"" viewBox=""0 0 24 24"" width=""128"" xmlns=""http://www.w3.org/2000/svg""><g stroke-width=""2""><path d=""m16 3h-12a1 1 0 0 0 -1 1v12a1 1 0 0 0 1 1h12a1 1 0 0 0 1-1v-12a1 1 0 0 0 -1-1zm-7 10a2 2 0 1 1 2-2 2 2 0 0 1 -2 2z"" fill=""#2ca9bc""/><g fill=""none"" stroke=""#000000"" stroke-linecap=""round"" stroke-linejoin=""round""><path d=""m11 11v-4h2""/><path d=""m11 11a2 2 0 1 1 -2-2 2 2 0 0 1 2 2zm6 5v-12a1 1 0 0 0 -1-1h-12a1 1 0 0 0 -1 1v12a1 1 0 0 0 1 1h12a1 1 0 0 0 1-1z""/><path d=""m7 21h13a1 1 0 0 0 1-1v-15""/></g></g></svg>"
d14ffebbc58e451c3d713e66e59414e0,"<svg xmlns=""http://www.w3.org/2000/svg"" viewBox=""0.0 0.0 200.0 200.0"" height=""200.0px"" width=""200.0px""><path fill=""currentColor"" fill-opacity=""1.0""  filling=""0"" d=""M158.593994140625 107.34400177001953 L129.2969970703125 107.34400177001953 L129.2969970703125 92.69499969482422 L158.593994140625 92.69499969482422 L158.593994140625 26.75799560546875 L41.40599822998047 26.75799560546875 L41.40599822998047 92.69499969482422 L70.7030029296875 92.69499969482422 L70.7030029296875 107.34400177001953 L26.75799560546875 107.34400177001953 L26.75799560546875 121.99199676513672 L41.40599822998047 121.99199676513672 L41.40599822998047 165.93800354003906 L56.05500030517578 165.93800354003906 L56.05500030517578 173.281005859375 L70.7030029296875 173.281005859375 L70.7030029296875 165.93800354003906 L129.2969970703125 165.93800354003906 L129.2969970703125 173.281005859375 L143.94500732421875 173.281005859375 L143.94500732421875 165.93800354003906 L158.593994140625 165.93800354003906 L158.593994140625 121.99199676513672 L173.24200439453125 121.99199676513672 L173.24200439453125 107.34400177001953 L158.593994140625 107.34400177001953 Z M114.64800262451172 143.94500732421875 L85.35199737548828 143.94500732421875 L85.35199737548828 129.2969970703125 L114.64800262451172 129.2969970703125 L114.64800262451172 143.94500732421875 Z M114.64800262451172 107.34400177001953 L85.35199737548828 107.34400177001953 L85.35199737548828 92.69499969482422 L114.64800262451172 92.69499969482422 L114.64800262451172 107.34400177001953 Z""></path></svg>"
42ec3240e21ab822adca80d09707c527,"<svg xmlns=""http://www.w3.org/2000/svg"" viewBox=""0.0 0.0 200.0 200.0"" height=""200.0px"" width=""200.0px""><path fill="""" fill-opacity=""1.0""  filling=""0"" d=""M100.0 200.0 C44.86249542236328 200.0 0.0 155.13751220703125 0.0 100.0 C0.0 44.86249542236328 44.86249542236328 0.0 100.0 0.0 C155.13751220703125 0.0 200.0 44.86249542236328 200.0 100.0 C200.0 155.13751220703125 155.13751220703125 200.0 100.0 200.0 Z M100.0 8.333396911621094 C49.454105377197266 8.333396911621094 8.333396911621094 49.454105377197266 8.333396911621094 100.0 C8.333396911621094 150.5458984375 49.454105377197266 191.66659545898438 100.0 191.66659545898438 C150.5458984375 191.66659545898438 191.66659545898438 150.5458984375 191.66659545898438 100.0 C191.66659545898438 49.454105377197266 150.5458984375 8.333396911621094 100.0 8.333396911621094 Z M102.6083984375 200.0 C76.06660461425781 200.0 54.9541015625 185.70840454101562 50.07500076293945 164.4375 C44.270896911621094 139.1416015625 62.25410079956055 113.6500015258789 98.18340301513672 96.25 C127.97090148925781 81.8291015625 142.77090454101562 60.224998474121094 137.77911376953125 38.4541015625 C133.77499389648438 21.004104614257812 117.88749694824219 8.333396911621094 99.99589538574219 8.333396911621094 L99.99589538574219 0.0 C121.7333984375 0.0 141.04159545898438 15.387496948242188 145.9040985107422 36.59160232543945 C151.8249969482422 62.412498474121094 135.3459014892578 87.5166015625 101.81660461425781 103.75 C63.9208984375 122.09999084472656 54.4375 146.1708984375 58.20000076293945 162.57089233398438 C62.1875 179.97500610351562 80.0374984741211 191.66659545898438 102.6083984375 191.66659545898438 L102.6083984375 200.0 Z M94.4791030883789 68.89590454101562 C82.84589385986328 68.89590454101562 73.37909698486328 59.43339920043945 73.37909698486328 47.7958984375 C73.37909698486328 36.15839385986328 82.84159851074219 26.695892333984375 94.4791030883789 26.695892333984375 C106.11250305175781 26.695892333984375 115.57500457763672 36.15839385986328 115.57500457763672 47.7958984375 C115.57500457763672 59.43339920043945 106.11250305175781 68.89590454101562 94.4791030883789 68.89590454101562 Z M94.4791030883789 35.02909851074219 C87.44159698486328 35.02909851074219 81.7125015258789 40.75839614868164 81.7125015258789 47.7958984375 C81.7125015258789 54.83340072631836 87.44159698486328 60.562496185302734 94.4791030883789 60.562496185302734 C101.5166015625 60.562496185302734 107.24160766601562 54.83340072631836 107.24160766601562 47.7958984375 C107.24160766601562 40.75839614868164 101.5166015625 35.02909851074219 94.4791030883789 35.02909851074219 Z M103.86250305175781 173.3625030517578 C92.2291030883789 173.3625030517578 82.76249694824219 163.90000915527344 82.76249694824219 152.2624969482422 C82.76249694824219 140.625 92.2249984741211 131.16250610351562 103.86250305175781 131.16250610351562 C115.5 131.16250610351562 124.96249389648438 140.625 124.96249389648438 152.2624969482422 C124.96249389648438 163.90000915527344 115.5 173.3625030517578 103.86250305175781 173.3625030517578 Z M103.86250305175781 139.4958953857422 C96.82499694824219 139.4958953857422 91.09590148925781 145.22500610351562 91.09590148925781 152.2624969482422 C91.09590148925781 159.3000030517578 96.82499694824219 165.0290985107422 103.86250305175781 165.0290985107422 C110.89999389648438 165.0290985107422 116.62910461425781 159.3000030517578 116.62910461425781 152.2624969482422 C116.62910461425781 145.22500610351562 110.89999389648438 139.4958953857422 103.86250305175781 139.4958953857422 Z""></path></svg>"
fb7d61688fa296dea40d7e579db49428,"<svg xmlns=""http://www.w3.org/2000/svg"" viewBox=""0.0 0.0 200.0 200.0"" height=""200.0px"" width=""200.0px""><path fill=""#00D16B"" fill-opacity=""1.0""  filling=""0"" d=""M149.14999389648438 189.35000610351562 L51.0 189.35000610351562 C28.724998474121094 189.35000610351562 10.650001525878906 171.27499389648438 10.650001525878906 149.0 L10.650001525878906 50.849998474121094 C10.650001525878906 28.574996948242188 28.724998474121094 10.5 51.0 10.5 L149.14999389648438 10.5 C171.4250030517578 10.5 189.5 28.574996948242188 189.5 50.849998474121094 L189.5 149.0 C189.5 171.27499389648438 171.4250030517578 189.35000610351562 149.14999389648438 189.35000610351562 Z""></path>
<path fill=""#FFFFFF"" fill-opacity=""1.0""  filling=""0"" d=""M105.17500305175781 116.42500305175781 L86.30000305175781 116.42500305175781 C83.82499694824219 116.42500305175781 81.80000305175781 114.42500305175781 81.80000305175781 111.92500305175781 C81.80000305175781 109.44999694824219 83.80000305175781 107.42500305175781 86.30000305175781 107.42500305175781 L105.5999984741211 107.42500305175781 C114.92500305175781 107.42500305175781 123.4000015258789 101.125 125.2750015258789 92.0 C127.8499984741211 79.44999694824219 118.2750015258789 68.375 106.17500305175781 68.375 L73.5 68.375 C62.45000076293945 68.375 52.650001525878906 77.42500305175781 52.95000076293945 88.4749984741211 C53.099998474121094 93.94999694824219 55.474998474121094 98.94999694824219 59.474998474121094 102.5 C61.099998474121094 103.92500305175781 61.474998474121094 106.30000305175781 60.375 108.1500015258789 C58.95000076293945 110.5250015258789 55.67499923706055 111.125 53.625 109.30000305175781 C44.32500076293945 101.05000305175781 40.82500076293945 87.05000305175781 47.25 74.69999694824219 C52.275001525878906 65.05000305175781 62.70000076293945 59.400001525878906 73.57499694824219 59.400001525878906 L106.17500305175781 59.400001525878906 C123.125 59.400001525878906 136.6750030517578 74.2750015258789 134.4499969482422 91.67500305175781 C132.5749969482422 106.0250015258789 119.6500015258789 116.42500305175781 105.17500305175781 116.42500305175781 Z""></path>
<path fill=""#FFFFFF"" fill-opacity=""1.0""  filling=""0"" d=""M126.80000305175781 140.4499969482422 L95.0 140.4499969482422 C80.5 140.4499969482422 67.57499694824219 130.0500030517578 65.75 115.69999694824219 C63.5 98.30000305175781 77.05000305175781 83.42500305175781 94.0 83.42500305175781 L112.9749984741211 83.42500305175781 C115.44999694824219 83.42500305175781 117.4749984741211 85.42500305175781 117.4749984741211 87.92500305175781 C117.4749984741211 90.4000015258789 115.4749984741211 92.42500305175781 112.9749984741211 92.42500305175781 L94.55000305175781 92.42500305175781 C85.2249984741211 92.42500305175781 76.75 98.7249984741211 74.875 107.8499984741211 C72.30000305175781 120.4000015258789 81.875 131.47500610351562 93.9749984741211 131.47500610351562 L126.94999694824219 131.47500610351562 C133.85000610351562 131.47500610351562 140.52499389648438 128.22500610351562 144.1750030517578 122.375 C149.1750030517578 114.32499694824219 147.64999389648438 104.82499694824219 142.0 98.69999694824219 C140.52499389648438 97.0999984741211 140.3000030517578 94.69999694824219 141.60000610351562 92.92500305175781 C143.22500610351562 90.69999694824219 146.52499389648438 90.375 148.4250030517578 92.4000015258789 C156.52499389648438 101.0250015258789 158.97500610351562 114.375 152.47500610351562 125.9749984741211 C147.35000610351562 135.125 137.3000030517578 140.4499969482422 126.80000305175781 140.4499969482422 Z""></path></svg>"
2dc79da3-62ee-49ab-815d-ebcd832cfd2d,"<svg xmlns=""http://www.w3.org/2000/svg"" viewBox=""0.0 0.0 200.0 200.0"" height=""200.0px"" width=""200.0px""><path fill=""#FFB966"" fill-opacity=""1.0""  filling=""0"" d=""M94.6500015258789 34.410003662109375 L94.6500015258789 60.47999954223633 C94.6500015258789 65.79000091552734 90.3499984741211 70.08999633789062 85.04000091552734 70.08999633789062 L63.599998474121094 70.08999633789062 C58.290000915527344 70.08999633789062 53.9900016784668 65.79000091552734 53.9900016784668 60.47999954223633 L53.9900016784668 41.4900016784668 C53.9900016784668 41.4900016784668 33.94999694824219 59.36000061035156 52.459999084472656 80.04000091552734 C56.79999923706055 84.51000213623047 62.290000915527344 87.23999786376953 62.290000915527344 100.30000305175781 L62.290000915527344 159.61000061035156 C62.290000915527344 168.32000732421875 71.5999984741211 174.2100067138672 79.25 170.0500030517578 C84.2699966430664 167.32000732421875 88.45999908447266 161.77999877929688 88.45999908447266 150.89999389648438 L88.45999908447266 92.88999938964844 C88.45999908447266 92.88999938964844 119.80999755859375 67.27999877929688 94.6500015258789 34.410003662109375 Z M149.85000610351562 173.66000366210938 L149.1999969482422 173.66000366210938 C140.5399932861328 173.66000366210938 133.52000427246094 166.63999938964844 133.52000427246094 157.97999572753906 L133.52000427246094 114.63999938964844 L165.52999877929688 114.63999938964844 L165.52999877929688 157.97999572753906 C165.52999877929688 166.63999938964844 158.50999450683594 173.66000366210938 149.85000610351562 173.66000366210938 Z""></path>
<path fill=""#5D5D66"" fill-opacity=""1.0""  filling=""0"" d=""M165.52999877929688 96.06999969482422 L149.58999633789062 96.06999969482422 L149.58999633789062 25.31999969482422 C149.58999633789062 22.01000213623047 146.89999389648438 19.31999969482422 143.58999633789062 19.31999969482422 C140.27999877929688 19.31999969482422 137.58999633789062 22.01000213623047 137.58999633789062 25.31999969482422 L137.58999633789062 96.06999969482422 L121.20999908447266 96.06999969482422 C117.9000015258789 96.06999969482422 115.20999908447266 98.76000213623047 115.20999908447266 102.06999969482422 L115.20999908447266 157.97999572753906 C115.20999908447266 169.94000244140625 124.94000244140625 179.66000366210938 136.88999938964844 179.66000366210938 L149.85000610351562 179.66000366210938 C161.80999755859375 179.66000366210938 171.52999877929688 169.92999267578125 171.52999877929688 157.97999572753906 L171.52999877929688 102.06999969482422 C171.52999877929688 98.75 168.85000610351562 96.06999969482422 165.52999877929688 96.06999969482422 Z M159.52999877929688 157.97999572753906 C159.52999877929688 163.32000732421875 155.19000244140625 167.66000366210938 149.85000610351562 167.66000366210938 L136.88999938964844 167.66000366210938 C131.5500030517578 167.66000366210938 127.20999908447266 163.32000732421875 127.20999908447266 157.97999572753906 L127.20999908447266 108.06999969482422 L159.52999877929688 108.06999969482422 L159.52999877929688 157.97999572753906 Z M84.69999694824219 20.400001525878906 A6.010000228881836 6.010000228881836 0.0 0 0 76.33000183105469 25.919998168945312 L76.33000183105469 51.68000030517578 L58.52000045776367 51.68000030517578 L58.52000045776367 25.910003662109375 C58.52000045776367 23.889999389648438 57.5099983215332 22.01000213623047 55.81999969482422 20.900001525878906 C54.130001068115234 19.790000915527344 52.0099983215332 19.599998474121094 50.150001525878906 20.389999389648438 A43.87300109863281 43.87300109863281 0.0 0 0 23.550003051757812 60.7400016784668 C23.550003051757812 75.58999633789062 30.889999389648438 89.19000244140625 43.2400016784668 97.3499984741211 L43.2400016784668 156.07000732421875 C43.2400016784668 169.17999267578125 53.70000076293945 180.22000122070312 66.55000305175781 180.6699981689453 C66.8499984741211 180.67999267578125 67.13999938964844 180.69000244140625 67.44000244140625 180.69000244140625 C73.73999786376953 180.69000244140625 79.66999816894531 178.3000030517578 84.22000122070312 173.91000366210938 C88.98999786376953 169.30999755859375 91.61000061035156 163.1300048828125 91.61000061035156 156.50999450683594 L91.61000061035156 97.3499984741211 C103.95999908447266 89.19000244140625 111.30000305175781 75.58999633789062 111.30000305175781 60.7400016784668 A43.79999923706055 43.79999923706055 0.0 0 0 84.69999694824219 20.400001525878906 Z M84.29000091552734 87.80000305175781 C81.37000274658203 89.62999725341797 79.62000274658203 92.7699966430664 79.62000274658203 96.20999908447266 L79.62000274658203 156.50999450683594 C79.62000274658203 159.85000610351562 78.30000305175781 162.9600067138672 75.9000015258789 165.27999877929688 C73.5 167.60000610351562 70.33999633789062 168.77999877929688 66.98999786376953 168.69000244140625 C60.52000045776367 168.4600067138672 55.2599983215332 162.8000030517578 55.2599983215332 156.0800018310547 L55.2599983215332 96.20999908447266 C55.2599983215332 92.7699966430664 53.5099983215332 89.62000274658203 50.59000015258789 87.80000305175781 C41.18000030517578 81.93000030517578 35.56999969482422 71.80999755859375 35.56999969482422 60.7400016784668 C35.56999969482422 51.34000015258789 39.68000030517578 42.619998931884766 46.540000915527344 36.66999816894531 L46.540000915527344 57.68000030517578 C46.540000915527344 60.9900016784668 49.22999954223633 63.68000030517578 52.540000915527344 63.68000030517578 L82.36000061035156 63.68000030517578 C85.66999816894531 63.68000030517578 88.36000061035156 60.9900016784668 88.36000061035156 57.68000030517578 L88.36000061035156 36.65999984741211 A31.833999633789062 31.833999633789062 0.0 0 1 99.33000183105469 60.72999954223633 C99.30999755859375 71.80999755859375 93.69000244140625 81.91999816894531 84.29000091552734 87.80000305175781 Z""></path></svg>"
1d716bd624982a0e450cbdd9abbc21f6,"<svg xmlns=""http://www.w3.org/2000/svg"" viewBox=""0.0 0.0 200.0 200.0"" height=""200.0px"" width=""200.0px""><path fill="""" fill-opacity=""1.0""  filling=""0"" d=""M197.42929077148438 200.0 C196.76522827148438 200.0 196.1208953857422 199.74609375 195.6130828857422 199.2578125 L0.7421875 4.3869171142578125 C-0.25390625 3.3910140991210938 -0.25390625 1.769927978515625 0.7421875 0.7542953491210938 C1.7380828857421875 -0.26113128662109375 3.3591842651367188 -0.24160003662109375 4.3748016357421875 0.7542953491210938 L199.22616577148438 195.60565185546875 C200.22206115722656 196.6017608642578 200.22206115722656 198.2228546142578 199.22616577148438 199.23828125 C198.73788452148438 199.74609375 198.07382202148438 200.0 197.42929077148438 200.0 Z""></path>
<path fill="""" fill-opacity=""1.0""  filling=""0"" d=""M2.5583953857421875 200.0 C1.8943405151367188 200.0 1.25 199.74609375 0.7421875 199.2578125 C-0.25390625 198.2619171142578 -0.25390625 196.6408233642578 0.7421875 195.6251983642578 L195.6130828857422 0.7542953491210938 C196.60897827148438 -0.24160003662109375 198.23007202148438 -0.24160003662109375 199.24569702148438 0.7542953491210938 C200.26113891601562 1.7503890991210938 200.24160766601562 3.3714828491210938 199.24569702148438 4.3869171142578125 L4.3748016357421875 199.2578125 C3.8669967651367188 199.74609375 3.2224578857421875 200.0 2.5583953857421875 200.0 Z""></path></svg>"
c323393eac394f19afec9f714b63976d,"<svg xmlns=""http://www.w3.org/2000/svg"" viewBox=""0.0 0.0 200.0 200.0"" height=""200.0px"" width=""200.0px""><path fill="""" fill-opacity=""1.0""  filling=""0"" d=""M109.5982437133789 169.9777374267578 C107.36601257324219 169.9777374267578 107.36601257324219 169.9777374267578 99.21875 161.7746124267578 C91.07148742675781 153.5714874267578 91.07148742675781 153.5714874267578 91.07148742675781 151.33926391601562 C91.07148742675781 147.76776123046875 91.07148742675781 147.76776123046875 98.046875 145.3125 C105.02226257324219 142.85723876953125 105.02226257324219 142.85723876953125 109.5982437133789 142.85723876953125 C114.17401885986328 142.85723876953125 114.17401885986328 142.85723876953125 121.14961242675781 145.3125 C128.125 147.76776123046875 128.125 147.76776123046875 128.125 151.33926391601562 C128.125 153.5714874267578 128.125 153.5714874267578 119.97773742675781 161.7746124267578 C111.83026885986328 169.9777374267578 111.83026885986328 169.9777374267578 109.5982437133789 169.9777374267578 Z M139.73223876953125 139.73223876953125 C139.5089874267578 139.73223876953125 139.5089874267578 139.73223876953125 135.26776123046875 136.94198608398438 C131.02676391601562 134.15176391601562 131.02676391601562 134.15176391601562 123.93964385986328 131.3615264892578 C116.85273742675781 128.5714874267578 116.85273742675781 128.5714874267578 109.5982437133789 128.5714874267578 C102.34375 128.5714874267578 102.34375 128.5714874267578 95.25663757324219 131.3615264892578 C88.16972351074219 134.15176391601562 88.16972351074219 134.15176391601562 83.984375 136.94198608398438 C79.79902648925781 139.73223876953125 79.79902648925781 139.73223876953125 79.4642562866211 139.73223876953125 C77.45527648925781 139.73223876953125 77.45527648925781 139.73223876953125 69.02909851074219 131.3615264892578 C60.60273742675781 122.99101257324219 60.60273742675781 122.99101257324219 60.60273742675781 120.98223114013672 C60.60273742675781 119.53125 60.60273742675781 119.53125 61.71875 118.41523742675781 C70.42402648925781 109.82148742675781 70.42402648925781 109.82148742675781 83.59375 104.9107437133789 C96.76347351074219 100.0 96.76347351074219 100.0 109.5982437133789 100.0 C122.4330062866211 100.0 122.4330062866211 100.0 135.6027374267578 104.9107437133789 C148.7722625732422 109.82148742675781 148.7722625732422 109.82148742675781 157.4777374267578 118.41523742675781 C158.59375 119.53125 158.59375 119.53125 158.59375 120.98223114013672 C158.59375 122.99101257324219 158.59375 122.99101257324219 150.16738891601562 131.3615264892578 C141.7410125732422 139.73223876953125 141.7410125732422 139.73223876953125 139.73223876953125 139.73223876953125 Z M170.20098876953125 109.375 C168.97323608398438 109.375 168.97323608398438 109.375 167.6339874267578 108.48223114013672 C152.45526123046875 96.76347351074219 152.45526123046875 96.76347351074219 139.5089874267578 91.2388687133789 C126.5625 85.7142562866211 126.5625 85.7142562866211 109.5982437133789 85.7142562866211 C100.11151885986328 85.7142562866211 100.11151885986328 85.7142562866211 90.56913757324219 88.16972351074219 C81.0267562866211 90.625 81.0267562866211 90.625 73.93965148925781 94.08476257324219 C66.85273742675781 97.54472351074219 66.85273742675781 97.54472351074219 61.27226257324219 101.0044937133789 C55.691993713378906 104.4642562866211 55.691993713378906 104.4642562866211 52.45527648925781 106.91973114013672 C49.21875 109.375 49.21875 109.375 48.995506286621094 109.375 C47.098243713378906 109.375 47.098243713378906 109.375 38.72773742675781 101.0044937133789 C30.35723114013672 92.63398742675781 30.35723114013672 92.63398742675781 30.35723114013672 90.625 C30.35723114013672 89.2857437133789 30.35723114013672 89.2857437133789 31.473243713378906 88.16972351074219 C46.20526885986328 73.4375 46.20526885986328 73.4375 67.1875 65.29023742675781 C88.16972351074219 57.14277648925781 88.16972351074219 57.14277648925781 109.5982437133789 57.14277648925781 C131.02676391601562 57.14277648925781 131.02676391601562 57.14277648925781 152.0089874267578 65.29023742675781 C172.9910125732422 73.4375 172.9910125732422 73.4375 187.72323608398438 88.16972351074219 C188.83926391601562 89.2857437133789 188.83926391601562 89.2857437133789 188.83926391601562 90.625 C188.83926391601562 92.63398742675781 188.83926391601562 92.63398742675781 180.46875 101.0044937133789 C172.09823608398438 109.375 172.09823608398438 109.375 170.20098876953125 109.375 Z M200.4464874267578 79.1294937133789 C199.21875 79.1294937133789 199.21875 79.1294937133789 197.9910125732422 78.125 C178.01348876953125 60.60273742675781 178.01348876953125 60.60273742675781 156.52911376953125 51.729881286621094 C135.04473876953125 42.85723114013672 135.04473876953125 42.85723114013672 109.5982437133789 42.85723114013672 C84.1517562866211 42.85723114013672 84.1517562866211 42.85723114013672 62.667381286621094 51.729881286621094 C41.183006286621094 60.60273742675781 41.183006286621094 60.60273742675781 21.20526885986328 78.125 C19.977737426757812 79.1294937133789 19.977737426757812 79.1294937133789 18.75 79.1294937133789 C16.852737426757812 79.1294937133789 16.852737426757812 79.1294937133789 8.426368713378906 70.75898742675781 C0.0 62.38847351074219 0.0 62.38847351074219 0.0 60.379493713378906 C0.0 58.92851257324219 0.0 58.92851257324219 1.1160125732421875 57.8125 C21.98651885986328 37.05351257324219 21.98651885986328 37.05351257324219 50.78125 25.66973114013672 C79.57597351074219 14.285743713378906 79.57597351074219 14.285743713378906 109.5982437133789 14.285743713378906 C139.62051391601562 14.285743713378906 139.62051391601562 14.285743713378906 168.4152374267578 25.66973114013672 C197.2097625732422 37.05351257324219 197.2097625732422 37.05351257324219 218.08029174804688 57.8125 C219.1964874267578 58.92851257324219 219.1964874267578 58.92851257324219 219.1964874267578 60.379493713378906 C219.1964874267578 62.38847351074219 219.1964874267578 62.38847351074219 210.77011108398438 70.75898742675781 C202.34375 79.1294937133789 202.34375 79.1294937133789 200.4464874267578 79.1294937133789 Z""></path></svg>"
25ac054b53cc1e9443ba87fbb4f3f25d,"<svg xmlns=""http://www.w3.org/2000/svg"" viewBox=""0.0 0.0 200.0 200.0"" height=""200.0px"" width=""200.0px""><path fill="""" fill-opacity=""1.0""  filling=""0"" d=""M6.25 193.75 L100.0 6.25 L193.75 193.75 L100.0 131.25 L6.25 193.75 Z""></path>
<path fill=""#000"" fill-opacity=""1.0""  filling=""0"" d=""M0.6624984741210938 190.95623779296875 L94.4124984741211 3.4562454223632812 C95.56875610351562 1.1375045776367188 95.56875610351562 1.1375045776367188 98.0250015258789 0.31874847412109375 C100.48124694824219 -0.5 100.48124694824219 -0.5 102.79375457763672 0.6624984741210938 C104.65625762939453 1.59375 104.65625762939453 1.59375 105.58749389648438 3.4562454223632812 L199.33749389648438 190.95623779296875 C200.50001525878906 193.2687530517578 200.50001525878906 193.2687530517578 199.68124389648438 195.72500610351562 C198.8625030517578 198.18124389648438 198.8625030517578 198.18124389648438 196.54376220703125 199.33749389648438 C193.29998779296875 200.96249389648438 193.29998779296875 200.96249389648438 190.28125 198.95001220703125 L100.0 138.7624969482422 L9.71875 198.95001220703125 C7.5625 200.38751220703125 7.5625 200.38751220703125 5.025001525878906 199.88125610351562 C2.4874954223632812 199.36874389648438 2.4874954223632812 199.36874389648438 1.0500030517578125 197.21875 C-0.962493896484375 194.20001220703125 -0.962493896484375 194.20001220703125 0.6624984741210938 190.95623779296875 Z M22.362503051757812 175.49374389648438 L96.53125 126.04999542236328 C100.0 123.73750305175781 100.0 123.73750305175781 103.46875 126.04999542236328 L177.63751220703125 175.49374389648438 L100.0 20.224998474121094 L22.362503051757812 175.49374389648438 Z""></path></svg>"
8aeed0decb8802edd77fde5e026eb915,"<svg xmlns=""http://www.w3.org/2000/svg"" viewBox=""0.0 0.0 200.0 200.0"" height=""200.0px"" width=""200.0px""><path fill=""#000000"" fill-opacity=""1.0""  filling=""0"" d=""M100.0 171.875 C60.30400085449219 171.875 28.125 139.6959991455078 28.125 100.0 C28.125 60.30400085449219 60.30400085449219 28.125 100.0 28.125 C139.6959991455078 28.125 171.875 60.30400085449219 171.875 100.0 C171.875 139.6959991455078 139.6959991455078 171.875 100.0 171.875 Z M100.0 187.5 C148.3249969482422 187.5 187.5 148.3249969482422 187.5 100.0 C187.5 51.67499923706055 148.3249969482422 12.5 100.0 12.5 C51.67499923706055 12.5 12.5 51.67499923706055 12.5 100.0 C12.5 148.3249969482422 51.67499923706055 187.5 100.0 187.5 Z""></path></svg>"
81ef4bd0b6d6d5e1980b8e39646d5097,"<svg xmlns=""http://www.w3.org/2000/svg"" viewBox=""0.0 0.0 200.0 200.0"" height=""200.0px"" width=""200.0px""><path fill=""#272636"" fill-opacity=""1.0""  filling=""0"" d=""M93.1640625 135.546875 L125.390625 123.6328125 L204.4921875 34.5703125 C205.6640625 33.268165588378906 206.41268920898438 31.73828125 206.73828125 29.98046875 C207.06387329101562 28.22265625 206.93359375 26.497459411621094 206.34765625 24.8046875 C205.76171875 23.111915588378906 204.75253295898438 21.6796875 203.3203125 20.5078125 L191.9921875 10.7421875 C191.47128295898438 10.3515625 190.95059204101562 9.993553161621094 190.4296875 9.66796875 C189.90878295898438 9.342384338378906 189.38809204101562 9.08203125 188.8671875 8.88671875 C188.34628295898438 8.69140625 187.79296875 8.561134338378906 187.20703125 8.49609375 C186.62109375 8.431053161621094 186.06777954101562 8.3984375 185.546875 8.3984375 C184.765625 8.3984375 184.04940795898438 8.463478088378906 183.3984375 8.59375 C182.74746704101562 8.724021911621094 182.09628295898438 8.919334411621094 181.4453125 9.1796875 C180.79434204101562 9.440040588378906 180.17578125 9.798240661621094 179.58984375 10.25390625 C179.00390625 10.709571838378906 178.45059204101562 11.263084411621094 177.9296875 11.9140625 L98.828125 100.78125 L93.1640625 135.546875 Z M108.203125 105.2734375 L185.546875 18.359375 L196.875 27.9296875 L119.53125 115.0390625 L105.859375 120.1171875 L108.203125 105.2734375 Z M197.4609375 71.875 L197.4609375 171.875 C197.4609375 174.609375 196.484375 176.953125 194.53125 178.90625 C192.578125 180.859375 190.234375 181.8359375 187.5 181.8359375 L67.578125 181.8359375 C64.7134780883789 181.8359375 62.3046875 180.859375 60.3515625 178.90625 C58.3984375 176.953125 57.421875 174.609375 57.421875 171.875 L57.421875 51.953125 C57.421875 49.21875 58.3984375 46.875 60.3515625 44.921875 C62.3046875 42.96875 64.7134780883789 41.9921875 67.578125 41.9921875 L122.4609375 41.9921875 L122.4609375 31.8359375 L67.578125 31.8359375 C61.979103088378906 31.8359375 57.2265625 33.7890625 53.3203125 37.6953125 C49.4140625 41.6015625 47.4609375 46.354103088378906 47.4609375 51.953125 L47.4609375 171.875 C47.4609375 177.47402954101562 49.4140625 182.2265625 53.3203125 186.1328125 C57.2265625 190.0390625 61.979103088378906 191.9921875 67.578125 191.9921875 L187.5 191.9921875 C192.96875 191.9921875 197.65625 190.0390625 201.5625 186.1328125 C205.46875 182.2265625 207.421875 177.47402954101562 207.421875 171.875 L207.421875 71.875 L197.4609375 71.875 Z""></path></svg>"
4a77266da26727f9ae4858d0a368d168,"<svg xmlns=""http://www.w3.org/2000/svg"" viewBox=""0.0 0.0 200.0 200.0"" height=""200.0px"" width=""200.0px""><path fill=""currentColor"" fill-opacity=""1.0""  filling=""0"" d=""M100.0 153.9040069580078 L16.39800262451172 64.00800323486328 L28.60199737548828 52.65800094604492 L100.0 129.42999267578125 L171.3979949951172 52.65800094604492 L183.6020050048828 64.00800323486328 L100.0 153.9040069580078 Z""></path></svg>"
e3eb16f93299028540e0ca713c279086,"<svg xmlns=""http://www.w3.org/2000/svg"" viewBox=""0.0 0.0 200.0 200.0"" height=""200.0px"" width=""200.0px""><path fill=""#F14866"" fill-opacity=""1.0""  filling=""0"" d=""M138.52499389648438 64.24199676513672 C119.91600036621094 64.24199676513672 104.7750015258789 79.38500213623047 104.7750015258789 97.99199676513672 C104.7750015258789 116.5999984741211 119.91799926757812 131.74200439453125 138.52499389648438 131.74200439453125 L190.63900756835938 131.74200439453125 L190.63900756835938 64.24199676513672 L138.52499389648438 64.24199676513672 Z""></path>
<path fill=""#000000"" fill-opacity=""1.0""  filling=""0"" d=""M151.91799926757812 177.97300720214844 L47.87099838256836 177.97300720214844 C26.39099884033203 177.97300720214844 8.91400146484375 160.49400329589844 8.91400146484375 139.01600646972656 L8.91400146484375 61.5099983215332 C8.91400146484375 40.03099822998047 26.388999938964844 22.553001403808594 47.87099838256836 22.553001403808594 L151.91799926757812 22.553001403808594 C173.3979949951172 22.553001403808594 190.875 40.03099822998047 190.875 61.5099983215332 L190.875 139.01600646972656 C190.875 160.49400329589844 173.39999389648438 177.97300720214844 151.91799926757812 177.97300720214844 Z M47.87099838256836 37.44300079345703 C34.60200500488281 37.44300079345703 23.80500030517578 48.2400016784668 23.80500030517578 61.5099983215332 L23.80500030517578 139.01600646972656 C23.80500030517578 152.28500366210938 34.60200500488281 163.08200073242188 47.87099838256836 163.08200073242188 L151.91799926757812 163.08200073242188 C165.18800354003906 163.08200073242188 175.98399353027344 152.28500366210938 175.98399353027344 139.01600646972656 L175.98399353027344 61.5099983215332 C175.98399353027344 48.2400016784668 165.18800354003906 37.44300079345703 151.91799926757812 37.44300079345703 L47.87099838256836 37.44300079345703 Z""></path></svg>"
8d4aea82-e57e-4019-aff5-c8383c34c2a3,"<svg xmlns=""http://www.w3.org/2000/svg"" viewBox=""0.0 0.0 200.0 200.0"" height=""200.0px"" width=""200.0px""><path fill="""" fill-opacity=""1.0""  filling=""0"" d=""M100.0 200.0 C66.0 200.0 44.66699981689453 195.33299255371094 36.66699981689453 185.33299255371094 C32.66699981689453 180.66700744628906 33.33300018310547 176.66700744628906 33.33300018310547 176.0 L33.33300018310547 175.33299255371094 C34.0 174.66700744628906 66.66699981689453 109.33300018310547 66.66699981689453 86.66699981689453 C66.66699981689453 78.66699981689453 64.0 74.66699981689453 61.33300018310547 70.0 C56.66699981689453 62.66699981689453 52.0 55.33300018310547 56.66699981689453 36.0 C57.33300018310547 34.66699981689453 58.66699981689453 33.33300018310547 60.0 33.33300018310547 C74.66699981689453 33.33300018310547 92.66699981689453 44.0 100.0 54.0 C107.33300018310547 44.0 125.33300018310547 33.33300018310547 140.0 33.33300018310547 C141.33299255371094 33.33300018310547 142.66700744628906 34.66699981689453 143.33299255371094 36.0 C148.66700744628906 55.33300018310547 144.0 62.66699981689453 139.33299255371094 70.0 C136.0 74.66699981689453 133.33299255371094 78.66699981689453 133.33299255371094 86.66699981689453 C133.33299255371094 109.33300018310547 166.0 178.0 166.66700744628906 178.66700744628906 L166.66700744628906 179.33299255371094 C166.66700744628906 180.0 167.33299255371094 182.66700744628906 164.66700744628906 186.66700744628906 C157.33299255371094 195.33299255371094 135.33299255371094 200.0 100.0 200.0 Z M40.0 177.33299255371094 C40.0 178.0 40.66699981689453 179.33299255371094 42.0 181.33299255371094 C46.0 186.0 58.66699981689453 193.33299255371094 100.0 193.33299255371094 C145.33299255371094 193.33299255371094 156.66700744628906 185.33299255371094 159.33299255371094 182.66700744628906 C160.0 182.0 160.0 181.33299255371094 160.0 181.33299255371094 C156.66700744628906 173.33299255371094 126.66699981689453 110.0 126.66699981689453 86.66699981689453 C126.66699981689453 76.66699981689453 130.0 71.33300018310547 133.33299255371094 66.0 C137.33299255371094 60.0 140.66700744628906 54.66699981689453 137.33299255371094 40.0 C121.33300018310547 41.33300018310547 103.33300018310547 56.0 103.33300018310547 63.33300018310547 C103.33300018310547 65.33300018310547 102.0 66.66699981689453 100.0 66.66699981689453 C98.0 66.66699981689453 96.66699981689453 65.33300018310547 96.66699981689453 63.33300018310547 C96.66699981689453 56.0 78.66699981689453 41.33300018310547 62.66699981689453 40.0 C59.33300018310547 54.66699981689453 62.66699981689453 60.0 66.66699981689453 66.0 C70.0 70.66699981689453 73.33300018310547 76.66699981689453 73.33300018310547 86.66699981689453 C73.33300018310547 110.0 43.33300018310547 170.0 40.0 177.33299255371094 Z""></path>
<path fill="""" fill-opacity=""1.0""  filling=""0"" d=""M100.0 106.66699981689453 C81.33300018310547 106.66699981689453 68.66699981689453 98.0 68.0 98.0 C66.66699981689453 96.66699981689453 66.0 94.66699981689453 67.33300018310547 93.33300018310547 C68.66699981689453 92.0 70.66699981689453 91.33300018310547 72.0 92.66699981689453 C72.0 92.66699981689453 84.0 100.66699981689453 100.0 100.66699981689453 C116.0 100.66699981689453 128.0 91.33300018310547 128.0 91.33300018310547 C129.33299255371094 90.0 131.33299255371094 90.66699981689453 132.66700744628906 92.0 C134.0 93.33300018310547 133.33299255371094 95.33300018310547 132.0 96.66699981689453 C131.33299255371094 96.66699981689453 118.66699981689453 106.66699981689453 100.0 106.66699981689453 Z M70.0 40.0 C68.0 40.0 66.66699981689453 38.66699981689453 66.66699981689453 36.66699981689453 L66.66699981689453 3.3330001831054688 C66.66699981689453 1.3330001831054688 68.0 0.0 70.0 0.0 C72.0 0.0 73.33300018310547 1.3330001831054688 73.33300018310547 3.3330001831054688 L73.33300018310547 36.66699981689453 C73.33300018310547 38.66699981689453 72.0 40.0 70.0 40.0 Z M130.0 40.0 C128.0 40.0 126.66699981689453 38.66699981689453 126.66699981689453 36.66699981689453 L126.66699981689453 3.3330001831054688 C126.66699981689453 1.3330001831054688 128.0 0.0 130.0 0.0 C132.0 0.0 133.33299255371094 1.3330001831054688 133.33299255371094 3.3330001831054688 L133.33299255371094 36.66699981689453 C133.33299255371094 38.66699981689453 132.0 40.0 130.0 40.0 Z""></path></svg>"
42774b275712fad4243e86e2805aadc6,"<svg xmlns=""http://www.w3.org/2000/svg"" viewBox=""0.0 0.0 200.0 200.0"" height=""200.0px"" width=""200.0px""><path fill="""" fill-opacity=""1.0""  filling=""0"" d=""M100.0 63.91659927368164 A35.833396911621094 35.833396911621094 0.0 0 1 125.5 74.5 A6.25 6.25 0.0 0 1 125.5 83.34160614013672 L83.3333969116211 125.5 A6.25 6.25 0.0 0 1 74.4916000366211 125.5 A36.06660079956055 36.06660079956055 0.0 0 1 100.0 63.91659927368164 Z M111.66659545898438 79.5 A23.583398818969727 23.583398818969727 0.0 0 0 79.5 111.65839385986328 L111.66659545898438 79.5 Z M46.66659927368164 154.33340454101562 A6.224999904632568 6.224999904632568 0.0 0 1 42.59160232543945 152.8249969482422 A125.2583999633789 125.2583999633789 0.0 0 1 18.80840301513672 125.02499389648438 A50.625003814697266 50.625003814697266 0.0 0 1 18.80840301513672 75.02499389648438 C39.11659622192383 43.1416015625 68.7083969116211 24.833396911621094 100.0 24.833396911621094 A86.6166000366211 86.6166000366211 0.0 0 1 152.2666015625 43.09160232543945 A6.25 6.25 0.0 1 1 144.7666015625 53.09160232543945 A74.22500610351562 74.22500610351562 0.0 0 0 100.0 37.33340072631836 C73.06660461425781 37.33340072631836 47.32500457763672 53.53339767456055 29.3583984375 81.77499389648438 A38.13339614868164 38.13339614868164 0.0 0 0 29.3583984375 118.30840301513672 A112.79159545898438 112.79159545898438 0.0 0 0 50.75 143.30841064453125 A6.25 6.25 0.0 0 1 46.67500305175781 154.3000030517578 L46.66659927368164 154.33340454101562 Z M100.0 175.16661071777344 A82.7916030883789 82.7916030883789 0.0 0 1 67.74160766601562 168.5 A6.25 6.25 0.0 0 1 64.40840148925781 160.31658935546875 A6.25 6.25 0.0 0 1 72.59159851074219 156.9833984375 A70.3666000366211 70.3666000366211 0.0 0 0 100.0 162.65838623046875 C126.93339538574219 162.65838623046875 152.67498779296875 146.45840454101562 170.6416015625 118.21659851074219 A38.13339614868164 38.13339614868164 0.0 0 0 170.6416015625 81.68339538574219 A127.92500305175781 127.92500305175781 0.0 0 0 162.2165985107422 70.0 A6.25 6.25 0.0 0 1 163.16661071777344 61.21659851074219 A6.25 6.25 0.0 0 1 171.9499969482422 62.166603088378906 A140.20840454101562 140.20840454101562 0.0 0 1 181.19158935546875 74.9833984375 A50.625003814697266 50.625003814697266 0.0 0 1 181.19158935546875 124.9833984375 C160.88340759277344 156.8583984375 131.29159545898438 175.16661071777344 100.0 175.16661071777344 Z M105.75 135.58340454101562 A6.25 6.25 0.0 0 1 99.6083984375 130.4665985107422 A6.25 6.25 0.0 0 1 104.60839080810547 123.18339538574219 A23.4833984375 23.4833984375 0.0 0 0 123.09999084472656 104.70000457763672 A6.25 6.25 0.0 0 1 130.38339233398438 99.69999694824219 A6.25 6.25 0.0 0 1 135.38340759277344 106.9833984375 A35.3583984375 35.3583984375 0.0 0 1 125.5166015625 125.60000610351562 A35.3583984375 35.3583984375 0.0 0 1 106.88339233398438 135.4833984375 A6.291601657867432 6.291601657867432 0.0 0 1 105.75 135.58340454101562 Z M16.666603088378906 189.58340454101562 A6.2333984375 6.2333984375 0.0 0 1 12.25 187.75 A6.25 6.25 0.0 0 1 12.25 178.90838623046875 L74.5 116.6666030883789 A6.25 6.25 0.0 0 1 83.3333969116211 116.6666030883789 A6.25 6.25 0.0 0 1 83.3333969116211 125.5 L21.083396911621094 187.75 A6.2333984375 6.2333984375 0.0 0 1 16.666603088378906 189.58340454101562 Z M121.08340454101562 85.1666030883789 A6.2333984375 6.2333984375 0.0 0 1 116.6666030883789 83.3333969116211 A6.25 6.25 0.0 0 1 116.6666030883789 74.4916000366211 L178.91659545898438 12.25 A6.25 6.25 0.0 0 1 187.75 12.25 A6.25 6.25 0.0 0 1 187.75 21.083396911621094 L125.5 83.3333969116211 A6.2333984375 6.2333984375 0.0 0 1 121.08340454101562 85.1666030883789 Z""></path></svg>"
46985c942079349b8c4d5fcc20999368,"<svg xmlns=""http://www.w3.org/2000/svg"" viewBox=""0.0 0.0 200.0 200.0"" height=""200.0px"" width=""200.0px""><path fill=""currentColor"" fill-opacity=""1.0""  filling=""0"" d=""M95.7509994506836 83.26399993896484 C97.0250015258789 84.53299713134766 98.46700286865234 85.20999908447266 100.19000244140625 85.16699981689453 C102.0 85.12100219726562 103.4020004272461 84.48699951171875 104.62699890136719 83.26399993896484 L172.3730010986328 15.699996948242188 L28.007003784179688 15.699996948242188 L95.7509994506836 83.26399993896484 Z""></path>
<path fill=""currentColor"" fill-opacity=""1.0""  filling=""0"" d=""M15.870002746582031 177.093994140625 C15.870002746582031 181.07899475097656 19.222000122070312 184.42999267578125 23.207000732421875 184.42999267578125 L177.17300415039062 184.42999267578125 C181.1580047607422 184.42999267578125 184.50799560546875 181.07899475097656 184.50799560546875 177.093994140625 L184.50799560546875 28.10900115966797 L116.94400024414062 95.58200073242188 C112.45600128173828 100.06500244140625 106.70999908447266 102.64600372314453 100.19000244140625 102.64600372314453 C93.75900268554688 102.64600372314453 87.96299743652344 100.20099639892578 83.34400177001953 95.58200073242188 L15.870002746582031 28.10900115966797 L15.870002746582031 177.093994140625 Z""></path></svg>"
e3e0fff5ead535daf599d302dd645b45,"<svg xmlns=""http://www.w3.org/2000/svg"" viewBox=""0.0 0.0 200.0 200.0"" height=""200.0px"" width=""200.0px""><path fill=""currentColor"" fill-opacity=""1.0""  filling=""0"" d=""M114.1510009765625 188.67599487304688 A7.465000152587891 7.465000152587891 0.0 0 1 109.6729965209961 187.18099975585938 L79.81600189208984 164.78399658203125 A7.461999893188477 7.461999893188477 0.0 0 1 76.83000183105469 158.81100463867188 L76.83000183105469 116.86499786376953 L24.457000732421875 57.94599914550781 A29.113000869750977 29.113000869750977 0.0 0 1 46.2239990234375 9.522003173828125 L152.2239990234375 9.522003173828125 A29.113000869750977 29.113000869750977 0.0 0 1 173.96800231933594 57.95399856567383 L121.61599731445312 116.86499786376953 L121.61599731445312 181.21099853515625 A7.465000152587891 7.465000152587891 0.0 0 1 114.15399932861328 188.67599487304688 L114.1510009765625 188.67599487304688 Z M91.75900268554688 155.08099365234375 L106.68900299072266 166.2779998779297 L106.68900299072266 114.0270004272461 C106.68900299072266 112.19999694824219 107.36199951171875 110.43499755859375 108.57599639892578 109.06999969482422 L162.8300018310547 48.027000427246094 A14.180999755859375 14.180999755859375 0.0 0 0 152.2220001220703 24.445999145507812 L46.22200012207031 24.445999145507812 A14.180999755859375 14.180999755859375 0.0 0 0 35.615997314453125 48.02199935913086 L89.87799835205078 109.06800079345703 C91.08899688720703 110.43199920654297 91.75900268554688 112.1969985961914 91.75900268554688 114.02400207519531 L91.75900268554688 155.0780029296875 L91.75900268554688 155.08099365234375 Z""></path></svg>"
912205c69e8d840c623389740a95c61c,"<svg xmlns=""http://www.w3.org/2000/svg"" viewBox=""0.0 0.0 200.0 200.0"" height=""200.0px"" width=""200.0px""><path fill="""" fill-opacity=""1.0""  filling=""0"" d=""M109.765625 51.77734375 C95.2734375 37.578125 66.015625 37.5 66.015625 37.5 L46.484375 37.5 L46.484375 162.5 L66.015625 162.5 L66.015625 108.92578125 C66.015625 108.92578125 95.17578125 108.92578125 109.765625 123.203125 C124.35546875 137.48046875 153.515625 137.5 153.515625 137.5 L153.515625 66.07421875 C153.515625 66.07421875 124.35546875 66.07421875 109.765625 51.77734375 Z""></path></svg>"
73d9382bff01f823b41e1b5956f067d9,"<svg xmlns=""http://www.w3.org/2000/svg"" viewBox=""0.0 0.0 200.0 200.0"" height=""200.0px"" width=""200.0px""><path fill=""currentColor"" fill-opacity=""1.0""  filling=""0"" d=""M171.36199951171875 186.00799560546875 C169.04200744628906 186.00799560546875 167.15499877929688 184.13099670410156 167.15499877929688 181.81100463867188 C167.15499877929688 163.8769989013672 160.1820068359375 147.01300048828125 147.49000549316406 134.33099365234375 C145.8509979248047 132.6909942626953 145.8509979248047 130.02699279785156 147.47500610351562 128.38800048828125 C149.1300048828125 126.74800109863281 151.78700256347656 126.74800109863281 153.41799926757812 128.38800048828125 C167.68899536132812 142.66000366210938 175.5500030517578 161.63099670410156 175.5500030517578 181.81100463867188 C175.5500030517578 184.13099670410156 173.6820068359375 186.00799560546875 171.36199951171875 186.00799560546875 L171.36199951171875 186.00799560546875 Z M99.99500274658203 114.65699768066406 C82.05000305175781 114.65699768066406 65.19599914550781 121.64299774169922 52.513999938964844 134.33099365234375 C39.823001861572266 147.01300048828125 32.84600067138672 163.8769989013672 32.84600067138672 181.81100463867188 C32.84600067138672 184.1320037841797 30.97900390625 186.00799560546875 28.658004760742188 186.00799560546875 C26.337997436523438 186.00799560546875 24.451995849609375 184.1320037841797 24.451995849609375 181.81100463867188 C24.451995849609375 161.63099670410156 32.305999755859375 142.66000366210938 46.58700180053711 128.39700317382812 C60.84299850463867 114.13200378417969 79.81099700927734 106.26300048828125 99.99500274658203 106.26300048828125 C102.31500244140625 106.26300048828125 104.19200134277344 108.13899993896484 104.19200134277344 110.45999908447266 C104.19200134277344 112.77999877929688 102.31500244140625 114.65699768066406 99.99500274658203 114.65699768066406 L99.99500274658203 114.65699768066406 Z M100.0009994506836 114.72200012207031 C72.22000122070312 114.72200012207031 49.6349983215332 92.13099670410156 49.6349983215332 64.36000061035156 C49.6349983215332 36.59400177001953 72.22000122070312 13.994003295898438 100.0009994506836 13.994003295898438 C127.7760009765625 13.994003295898438 150.36700439453125 36.59400177001953 150.36700439453125 64.36000061035156 C150.36700439453125 92.13099670410156 127.7760009765625 114.72200012207031 100.0009994506836 114.72200012207031 L100.0009994506836 114.72200012207031 Z M100.0009994506836 22.38800048828125 C76.86000061035156 22.38800048828125 58.02899932861328 41.21900177001953 58.02899932861328 64.36000061035156 C58.02899932861328 87.50900268554688 76.86000061035156 106.3280029296875 100.0009994506836 106.3280029296875 C123.13500213623047 106.3280029296875 141.9720001220703 87.50900268554688 141.9720001220703 64.36000061035156 C141.9720001220703 41.21900177001953 123.13500213623047 22.38800048828125 100.0009994506836 22.38800048828125 L100.0009994506836 22.38800048828125 Z""></path></svg>"
53265889-a906-470a-8717-f3af3c5e5ccd,"<svg xmlns=""http://www.w3.org/2000/svg"" viewBox=""0.0 0.0 200.0 200.0"" height=""200.0px"" width=""200.0px""><path fill="""" fill-opacity=""1.0""  filling=""0"" d=""M80.10331726074219 15.358589172363281 A15.358593940734863 15.358593940734863 0.0 1 0 110.8207015991211 15.358589172363281 A15.358593940734863 15.358593940734863 0.0 1 0 80.10331726074219 15.358589172363281 Z M159.82363891601562 30.717185974121094 C154.876953125 30.717185974121094 150.6064453125 33.60546875 148.6037139892578 37.78651809692383 L74.41484069824219 37.78651809692383 C68.6148452758789 37.918357849121094 64.6634750366211 40.30624771118164 63.11894607543945 43.23164367675781 L31.505859375 96.5423812866211 L31.587112426757812 147.6580047607422 L7.208984375 188.20761108398438 C4.364646911621094 197.71542358398438 17.529693603515625 202.18553161621094 21.592384338378906 198.5283203125 L49.141014099121094 152.85800170898438 L49.141014099121094 116.61444854736328 C49.141014099121094 114.4208984375 52.608787536621094 111.8740234375 54.74843978881836 114.25859832763672 L89.384765625 149.44590759277344 L103.01953887939453 197.22869873046875 C105.91796875 202.51171875 119.56973266601562 199.9783172607422 119.35331726074219 191.86465454101562 L105.45663452148438 139.20469665527344 L71.35762023925781 104.18633270263672 C70.18144989013672 102.97968292236328 69.94316101074219 101.14082336425781 70.76953125 99.67401885986328 L80.716796875 82.00175476074219 A3.8041014671325684 3.8041014671325684 0.0 0 1 84.03262329101562 80.06328582763672 L97.50019073486328 80.06328582763672 C99.646484375 83.24043273925781 103.2816390991211 85.32929229736328 107.40507507324219 85.32929229736328 C114.0029296875 85.32929229736328 119.35176086425781 79.98046875 119.35176086425781 73.3828125 C119.35176086425781 66.78515625 114.0029296875 61.43632507324219 107.40507507324219 61.43632507324219 C102.7373046875 61.43632507324219 98.6966781616211 64.1148452758789 96.73125457763672 68.01875305175781 L91.81328582763672 68.01875305175781 C90.7300796508789 68.01875305175781 90.05058288574219 66.84765625 90.58808898925781 65.90625 L99.84590148925781 49.71445083618164 L149.25936889648438 49.71445083618164 C151.45468139648438 53.23808670043945 155.3621063232422 55.58554458618164 159.8185577392578 55.58554458618164 C166.68496704101562 55.58554458618164 172.25177001953125 50.01875305175781 172.25177001953125 43.15214920043945 C172.25177001953125 36.28574752807617 166.69003295898438 30.717185974121094 159.82363891601562 30.717185974121094 Z""></path></svg>"
b1ca02cfeedcd872a55c70ce6b3ff09c,"<svg xmlns=""http://www.w3.org/2000/svg"" viewBox=""0.0 0.0 200.0 200.0"" height=""200.0px"" width=""200.0px""><path fill=""currentColor"" fill-opacity=""1.0""  filling=""0"" d=""M159.70700073242188 15.898002624511719 C162.19500732421875 14.031997680664062 165.677001953125 14.279998779296875 167.87600708007812 16.47900390625 L183.71600341796875 32.319000244140625 C185.91600036621094 34.51800537109375 186.16299438476562 38.0 184.2969970703125 40.487998962402344 L175.22900390625 52.577999114990234 L184.2969970703125 64.66799926757812 C185.94500732421875 66.86599731445312 185.96299743652344 69.87899780273438 184.3509979248047 72.09400177001953 L184.2969970703125 72.16799926757812 L175.22900390625 84.25800323486328 L184.2969970703125 96.3479995727539 C185.94500732421875 98.5459976196289 185.96299743652344 101.55799865722656 184.3509979248047 103.77400207519531 L184.2969970703125 103.8479995727539 L175.22900390625 115.93699645996094 L184.2969970703125 128.02699279785156 C185.94500732421875 130.22500610351562 185.96299743652344 133.23800659179688 184.3509979248047 135.45399475097656 L184.2969970703125 135.52699279785156 L175.22900390625 147.61700439453125 L184.2969970703125 159.70700073242188 C186.14500427246094 162.1699981689453 185.9199981689453 165.60699462890625 183.78199768066406 167.80999755859375 L183.71600341796875 167.8769989013672 L167.87600708007812 183.71600341796875 C165.677001953125 185.91600036621094 162.19500732421875 186.16299438476562 159.70700073242188 184.2969970703125 L147.61700439453125 175.22900390625 L135.52699279785156 184.2969970703125 C133.32899475097656 185.94500732421875 130.31700134277344 185.96299743652344 128.1009979248047 184.3509979248047 L128.02699279785156 184.2969970703125 L115.93699645996094 175.22900390625 L103.8479995727539 184.2969970703125 C101.6500015258789 185.94500732421875 98.63700103759766 185.96299743652344 96.4209976196289 184.3509979248047 L96.3479995727539 184.2969970703125 L84.25800323486328 175.22900390625 L72.16799926757812 184.2969970703125 C69.97000122070312 185.94500732421875 66.95700073242188 185.96299743652344 64.74199676513672 184.3509979248047 L64.66799926757812 184.2969970703125 L52.577999114990234 175.22900390625 L40.487998962402344 184.2969970703125 C38.025001525878906 186.14500427246094 34.58799743652344 185.9199981689453 32.38499450683594 183.78199768066406 L32.319000244140625 183.71600341796875 L16.47900390625 167.87600708007812 C14.279998779296875 165.677001953125 14.031997680664062 162.19500732421875 15.898002624511719 159.70700073242188 L24.96600341796875 147.61700439453125 L15.898002624511719 135.52699279785156 C14.25 133.32899475097656 14.232002258300781 130.31700134277344 15.844001770019531 128.1009979248047 L15.898002624511719 128.02699279785156 L24.96600341796875 115.93699645996094 L15.898002624511719 103.8479995727539 C14.25 101.6500015258789 14.232002258300781 98.63700103759766 15.844001770019531 96.4209976196289 L15.898002624511719 96.3479995727539 L24.96600341796875 84.25800323486328 L15.898002624511719 72.16799926757812 C14.25 69.97000122070312 14.232002258300781 66.95700073242188 15.844001770019531 64.74199676513672 L15.898002624511719 64.66799926757812 L24.96600341796875 52.577999114990234 L15.898002624511719 40.487998962402344 C14.051002502441406 38.025001525878906 14.275001525878906 34.58799743652344 16.41400146484375 32.38499450683594 L16.47900390625 32.319000244140625 L32.319000244140625 16.47900390625 C34.51800537109375 14.279998779296875 38.0 14.031997680664062 40.487998962402344 15.898002624511719 L52.577999114990234 24.96600341796875 L64.66799926757812 15.898002624511719 C66.86599731445312 14.25 69.87899780273438 14.232002258300781 72.09400177001953 15.844001770019531 L72.16799926757812 15.898002624511719 L84.25800323486328 24.96600341796875 L96.3479995727539 15.898002624511719 C98.5459976196289 14.25 101.55799865722656 14.232002258300781 103.77400207519531 15.844001770019531 L103.8479995727539 15.898002624511719 L115.93699645996094 24.96600341796875 L128.02699279785156 15.898002624511719 C130.22500610351562 14.25 133.23800659179688 14.232002258300781 135.45399475097656 15.844001770019531 L135.52699279785156 15.898002624511719 L147.61700439453125 24.96600341796875 L159.70700073242188 15.898002624511719 Z M100.0979995727539 56.332000732421875 C75.927001953125 56.332000732421875 56.332000732421875 75.927001953125 56.332000732421875 100.0979995727539 C56.332000732421875 124.26899719238281 75.927001953125 143.86300659179688 100.0979995727539 143.86300659179688 C124.26899719238281 143.86300659179688 143.86300659179688 124.26899719238281 143.86300659179688 100.0979995727539 C143.86300659179688 75.927001953125 124.26899719238281 56.332000732421875 100.0979995727539 56.332000732421875 Z""></path></svg>"
thesantatitan_deepseek-svg-dataset_0004683,"<svg xmlns=""http://www.w3.org/2000/svg"" viewBox=""0 0 24 24"" width=""24"" height=""24"">
  <rect x=""2"" y=""5"" width=""20"" height=""15"" rx=""2"" fill=""none"" stroke=""currentColor"" stroke-width=""1.5""/>
  <rect x=""3"" y=""14"" width=""18"" height=""5"" rx=""1"" fill=""#333"" fill-opacity=""0.3"" />
  <path d=""M6.5 7H17.5"" stroke=""currentColor"" stroke-width=""1.5""/>
  <rect x=""10"" y=""18"" width=""4"" height=""2"" fill=""currentColor""/>
</svg>"
thesantatitan_deepseek-svg-dataset_0003059,"<svg width=""100"" height=""100"" viewBox=""0 0 100 100"" xmlns=""http://www.w3.org/2000/svg"">
  <rect width=""100"" height=""100"" fill=""#000000""/>
  <defs>
    <linearGradient id=""petalGradient"" x1=""0%"" y1=""0%"" x2=""100%"" y2=""100%"">
      <stop offset=""0%"" style=""stop-color:#FFFFFF;stop-opacity:1""/>
      <stop offset=""100%"" style=""stop-color:#FF0000;stop-opacity:1""/>
    </linearGradient>
  </defs>
  <path d=""M50,50m-18,0a18,18 0 1,1 36,0a18,18 0 1,1-36,0"" fill=""url(#petalGradient)""/>
  <path d=""M50,50m-25,0a25,25 0 1,1 50,0a25,25 0 1,1-50,0"" fill=""url(#petalGradient)""/>
  <circle cx=""50"" cy=""50"" r=""18"" fill=""#FF0000""/>
  <path d=""M50,50m-28,0a28,28 0 1,1 56,0a28,28 0 1,1-56,0"" fill=""url(#petalGradient)""/>
</svg>"
2ee5815d274c932d7595db413c0d45a8,"<svg xmlns=""http://www.w3.org/2000/svg"" viewBox=""0.0 0.0 200.0 200.0"" height=""200.0px"" width=""200.0px""><path fill=""#D5E0F7"" fill-opacity=""1.0""  filling=""0"" d=""M177.77774047851562 73.33340454101562 C177.77774047851562 43.33340072631836 153.8888702392578 18.888870239257812 123.88886260986328 18.888870239257812 C102.7777328491211 18.888870239257812 85.0 31.111129760742188 76.11112976074219 48.88886642456055 C71.6666030883789 47.222267150878906 67.2222671508789 46.11112976074219 62.222267150878906 46.11112976074219 C39.999996185302734 46.11112976074219 22.222267150878906 64.44453430175781 22.222267150878906 87.2222671508789 C22.222267150878906 108.88886260986328 38.88886642456055 126.6666030883789 60.000003814697266 127.7777328491211 L130.0 127.7777328491211 C156.66659545898438 125.0 177.77774047851562 101.6666030883789 177.77774047851562 73.33340454101562 Z""></path>
<path fill=""#88CDFB"" fill-opacity=""1.0""  filling=""0"" d=""M50.0 166.66659545898438 C46.66659927368164 166.66659545898438 44.44453048706055 164.44451904296875 44.44453048706055 161.1111297607422 L44.44453048706055 144.4445343017578 C44.44453048706055 141.11114501953125 46.66659927368164 138.8888702392578 50.0 138.8888702392578 C53.333396911621094 138.8888702392578 55.55546951293945 141.11114501953125 55.55546951293945 144.4445343017578 L55.55546951293945 161.1111297607422 C55.55546951293945 164.44451904296875 53.333396911621094 166.66659545898438 50.0 166.66659545898438 Z M116.6666030883789 166.66659545898438 C113.33340454101562 166.66659545898438 111.11112976074219 164.44451904296875 111.11112976074219 161.1111297607422 L111.11112976074219 144.4445343017578 C111.11112976074219 141.11114501953125 113.33340454101562 138.8888702392578 116.6666030883789 138.8888702392578 C119.44453430175781 138.8888702392578 122.2222671508789 141.11114501953125 122.2222671508789 144.4445343017578 L122.2222671508789 161.1111297607422 C122.2222671508789 164.44451904296875 120.0 166.66659545898438 116.6666030883789 166.66659545898438 Z M83.3333969116211 183.33340454101562 C80.0 183.33340454101562 77.7777328491211 180.5554656982422 77.7777328491211 177.77774047851562 L77.7777328491211 144.4445343017578 C77.7777328491211 141.11114501953125 80.0 138.8888702392578 83.3333969116211 138.8888702392578 C86.6666030883789 138.8888702392578 88.88886260986328 141.11114501953125 88.88886260986328 144.4445343017578 L88.88886260986328 177.77774047851562 C88.88886260986328 181.1111297607422 86.6666030883789 183.33340454101562 83.3333969116211 183.33340454101562 Z M150.0 183.33340454101562 C146.66659545898438 183.33340454101562 144.4445343017578 180.5554656982422 144.4445343017578 177.77774047851562 L144.4445343017578 144.4445343017578 C144.4445343017578 141.11114501953125 146.66659545898438 138.8888702392578 150.0 138.8888702392578 C152.77774047851562 138.8888702392578 155.5554656982422 141.11114501953125 155.5554656982422 144.4445343017578 L155.5554656982422 177.77774047851562 C155.5554656982422 181.1111297607422 153.33340454101562 183.33340454101562 150.0 183.33340454101562 Z""></path></svg>"
22c9af1ee5c39d0f2c1cfced7b303b31,"<svg xmlns=""http://www.w3.org/2000/svg"" viewBox=""0.0 0.0 200.0 200.0"" height=""200.0px"" width=""200.0px""><path fill=""#FFFFFF"" fill-opacity=""1.0""  filling=""0"" d=""M265.3548583984375 200.0 A64.25761413574219 64.25761413574219 0.0 0 1 201.88165283203125 142.14492797851562 L167.57186889648438 143.49745178222656 L111.4613265991211 66.2425765991211 C110.4609375 68.9556655883789 109.45252990722656 71.6767578125 108.33222961425781 74.37382507324219 A241.53652954101562 241.53652954101562 0.0 0 1 103.9144515991211 84.265625 A64.82597351074219 64.82597351074219 0.0 0 1 64.79472351074219 200.0 A64.72187805175781 64.72187805175781 0.0 0 1 64.79472351074219 70.572265625 A62.69707107543945 62.69707107543945 0.0 0 1 90.22090148925781 75.95840454101562 C91.4052734375 73.39726257324219 92.58184051513672 70.78828430175781 93.70234680175781 68.09121704101562 A298.77557373046875 298.77557373046875 0.0 0 0 111.51737976074219 0.01601409912109375 L111.66151428222656 0.01601409912109375 L161.26522827148438 0.080078125 L161.26522827148438 16.086524963378906 L125.01875305175781 16.086524963378906 A335.81427001953125 335.81427001953125 0.0 0 1 117.6318359375 47.5390625 L118.04804992675781 48.099220275878906 L201.28126525878906 48.099220275878906 L208.3322296142578 32.0927734375 L201.28126525878906 32.0927734375 L201.28126525878906 16.086524963378906 L249.30056762695312 16.086524963378906 L249.30056762695312 32.0927734375 L225.6669921875 32.0927734375 L217.51974487304688 50.58027648925781 L237.1755828857422 77.3109359741211 A62.641014099121094 62.641014099121094 0.0 0 1 265.3548583984375 70.572265625 A64.72187805175781 64.72187805175781 0.0 0 1 265.3548583984375 200.0 Z M78.5201187133789 127.21894836425781 A16.006446838378906 16.006446838378906 0.0 1 1 63.778324127197266 120.27207946777344 A258.1273498535156 258.1273498535156 0.0 0 0 82.9859390258789 90.32421875 A47.09882736206055 47.09882736206055 0.0 0 0 64.81875610351562 86.67460632324219 A48.43535232543945 48.43535232543945 0.0 1 0 96.439453125 98.8955078125 A270.17205810546875 270.17205810546875 0.0 0 1 78.5201187133789 127.21894836425781 Z M129.74061584472656 64.18574523925781 L169.82870483398438 119.40780639648438 L194.1584014892578 64.18574523925781 L129.70858764648438 64.18574523925781 L129.74061584472656 64.18574523925781 Z M209.86074829101562 68.03515625 L183.986328125 126.73866271972656 L202.29766845703125 126.01835632324219 A64.921875 64.921875 0.0 0 1 223.63417053222656 86.4585952758789 L209.86074829101562 68.03515625 Z M233.2060546875 99.3197250366211 A48.81953048706055 48.81953048706055 0.0 0 0 218.45623779296875 125.37812042236328 L251.70156860351562 124.06562805175781 L233.2060546875 99.3197250366211 Z M265.34686279296875 86.67460632324219 A47.12285232543945 47.12285232543945 0.0 0 0 246.83554077148438 90.4521484375 L269.0044860839844 120.60020446777344 A16.006446838378906 16.006446838378906 0.0 1 1 249.8927764892578 140.2560577392578 L217.83181762695312 141.5207061767578 A48.019142150878906 48.019142150878906 0.0 1 0 265.3548583984375 86.6826171875 L265.34686279296875 86.67460632324219 Z""></path></svg>"
6ffc093dac031f57dedbff4c54ad6b53,"<svg xmlns=""http://www.w3.org/2000/svg"" viewBox=""0.0 0.0 200.0 200.0"" height=""200.0px"" width=""200.0px""><path fill=""#666666"" fill-opacity=""1.0""  filling=""0"" d=""M17.518997192382812 27.537002563476562 L31.8280029296875 27.537002563476562 C36.4739990234375 27.537002563476562 40.2239990234375 23.768997192382812 40.2239990234375 19.141998291015625 L40.2239990234375 4.832000732421875 L17.518997192382812 27.537002563476562 Z M189.7760009765625 108.24600219726562 L196.13800048828125 101.88400268554688 C201.38099670410156 96.64199829101562 201.38099670410156 88.13400268554688 196.13800048828125 82.89199829101562 C190.89599609375 77.64900207519531 182.38800048828125 77.64900207519531 177.14599609375 82.89199829101562 L170.78399658203125 89.25399780273438 L189.7760009765625 108.24600219726562 Z M164.27200317382812 95.74600219726562 L116.66000366210938 143.35800170898438 L108.28399658203125 170.74600219726562 L135.6529998779297 162.36900329589844 L183.26499938964844 114.75700378417969 L164.27200317382812 95.74600219726562 Z""></path>
<path fill=""#666666"" fill-opacity=""1.0""  filling=""0"" d=""M130.6719970703125 182.38800048828125 L95.05599975585938 183.9550018310547 L105.97000122070312 139.01100158691406 L173.5260009765625 71.45500183105469 L173.5260009765625 17.462997436523438 C173.5260009765625 10.503997802734375 167.81700134277344 4.8130035400390625 160.83999633789062 4.8130035400390625 L44.38399887084961 4.8130035400390625 L44.38399887084961 18.9739990234375 C44.38399887084961 25.988998413085938 38.694000244140625 31.660003662109375 31.697998046875 31.660003662109375 L17.518997192382812 31.660003662109375 L17.518997192382812 182.53700256347656 C17.518997192382812 189.49600219726562 23.227996826171875 195.18699645996094 30.205001831054688 195.18699645996094 L160.83999633789062 195.18699645996094 C167.81700134277344 195.18699645996094 173.5260009765625 189.49600219726562 173.5260009765625 182.53700256347656 L173.5260009765625 143.26499938964844 L130.6719970703125 182.38800048828125 Z M48.470001220703125 39.608001708984375 L142.61199951171875 39.608001708984375 C147.2760009765625 39.608001708984375 151.08200073242188 43.37699890136719 151.08200073242188 48.04100036621094 C151.08200073242188 52.70500183105469 147.2949981689453 56.4739990234375 142.61199951171875 56.4739990234375 L48.45100021362305 56.4739990234375 C43.7869987487793 56.4739990234375 40.0 52.70500183105469 40.0 48.04100036621094 C40.0 43.37699890136719 43.7869987487793 39.608001708984375 48.470001220703125 39.608001708984375 Z M48.470001220703125 80.76499938964844 L103.86199951171875 80.76499938964844 C108.5260009765625 80.76499938964844 112.33200073242188 84.53399658203125 112.33200073242188 89.197998046875 C112.33200073242188 93.86199951171875 108.54499816894531 97.63099670410156 103.86199951171875 97.63099670410156 L48.45100021362305 97.63099670410156 C43.7869987487793 97.61199951171875 40.0 93.84300231933594 40.0 89.197998046875 C40.0 84.53399658203125 43.7869987487793 80.76499938964844 48.470001220703125 80.76499938964844 Z M78.33999633789062 138.75 L48.45100021362305 138.75 C43.7869987487793 138.75 39.98099899291992 134.9810028076172 39.98099899291992 130.31700134277344 C39.98099899291992 125.65299987792969 43.76900100708008 121.88400268554688 48.45100021362305 121.88400268554688 L78.33999633789062 121.88400268554688 C83.02200317382812 121.88400268554688 86.80999755859375 125.65299987792969 86.80999755859375 130.31700134277344 C86.80999755859375 134.9810028076172 83.02200317382812 138.75 78.33999633789062 138.75 Z""></path></svg>"
3307888a6e369e7b8fe8f97b1d5ca059,"<svg xmlns=""http://www.w3.org/2000/svg"" viewBox=""0.0 0.0 200.0 200.0"" height=""200.0px"" width=""200.0px""><path fill=""#000000"" fill-opacity=""1.0""  filling=""0"" d=""M174.031005859375 40.196998596191406 L73.81199645996094 40.196998596191406 C67.31199645996094 40.196998596191406 61.952999114990234 45.555999755859375 61.952999114990234 52.15599822998047 L61.952999114990234 134.2310028076172 C61.952999114990234 140.3159942626953 67.10900115966797 146.19400024414062 73.80899810791016 146.19400024414062 L128.5590057373047 146.19400024414062 L146.09100341796875 159.08099365234375 L155.99099731445312 146.19400024414062 L174.03399658203125 146.19400024414062 A11.793999671936035 11.793999671936035 0.0 0 0 185.78799438476562 134.2310028076172 L185.78799438476562 52.15599822998047 A11.793999671936035 11.793999671936035 0.0 0 0 174.03399658203125 40.196998596191406 L174.031005859375 40.196998596191406 Z M129.49400329589844 128.8719940185547 L120.0 128.8719940185547 L120.0 119.28099822998047 L129.48800659179688 119.28099822998047 L129.48800659179688 128.8719940185547 L129.49400329589844 128.8719940185547 Z M144.44400024414062 86.18399810791016 C143.0 88.75900268554688 140.31900024414062 91.75 136.2969970703125 95.35900115966797 C133.51600646972656 97.73100280761719 131.86599731445312 99.58799743652344 130.93800354003906 100.72200012207031 A12.031000137329102 12.031000137329102 0.0 0 0 129.08099365234375 104.74400329589844 C128.66900634765625 106.18800354003906 128.46299743652344 108.66200256347656 128.35899353027344 112.06199645996094 L120.4219970703125 112.06199645996094 L120.4219970703125 109.48699951171875 C120.4219970703125 106.18800354003906 120.83100128173828 103.40299987792969 121.75900268554688 100.92500305175781 C122.37799835205078 99.0719985961914 123.51200103759766 97.31900024414062 125.05899810791016 95.46299743652344 C126.19400024414062 94.12200164794922 128.1529998779297 92.16200256347656 131.04100036621094 89.58699798583984 C133.92799377441406 87.00599670410156 135.78399658203125 84.9469985961914 136.6060028076172 83.4000015258789 A10.36299991607666 10.36299991607666 0.0 0 0 137.843994140625 78.44999694824219 C137.843994140625 75.1500015258789 136.6060028076172 72.36599731445312 134.031005859375 69.78800201416016 C131.55599975585938 67.31199645996094 128.46299743652344 66.07499694824219 124.75 66.07499694824219 C121.24400329589844 66.07499694824219 118.25299835205078 67.20899963378906 115.88099670410156 69.48100280761719 C113.51300048828125 71.74700164794922 111.96600341796875 75.25299835205078 111.24400329589844 79.99700164794922 L102.68399810791016 78.96600341796875 C103.40599822998047 72.5719985961914 105.77799987792969 67.7249984741211 109.49099731445312 64.3219985961914 C113.3030014038086 60.922000885009766 118.35600280761719 59.16600036621094 124.54399871826172 59.16600036621094 C131.1439971923828 59.16600036621094 136.4029998779297 61.025001525878906 140.4219970703125 64.63400268554688 C144.44400024414062 68.24099731445312 146.3000030517578 72.67500305175781 146.4029998779297 77.93399810791016 C146.60899353027344 80.92500305175781 145.88699340820312 83.60600280761719 144.44400024414062 86.18399810791016 Z""></path>
<path fill=""#000000"" fill-opacity=""1.0""  filling=""0"" d=""M105.0530014038086 154.13400268554688 L105.0530014038086 157.33099365234375 C105.0530014038086 162.1750030517578 101.13400268554688 166.093994140625 96.39099884033203 166.093994140625 L56.28099822998047 166.093994140625 L43.39099884033203 175.47799682617188 L36.172000885009766 166.093994140625 L22.875 166.093994140625 C18.134002685546875 166.093994140625 14.21600341796875 162.1750030517578 14.21600341796875 157.33099365234375 L14.21600341796875 97.11299896240234 C14.21600341796875 92.26899719238281 18.134002685546875 88.3499984741211 22.875 88.3499984741211 L53.91299819946289 87.62799835205078 L53.91299819946289 139.18099975585938 C53.91299819946289 139.18099975585938 53.5 146.6060028076172 56.38800048828125 149.6999969482422 C60.305999755859375 153.92799377441406 67.10900115966797 154.031005859375 67.10900115966797 154.031005859375 L105.05599975585938 154.13400268554688 L105.0530014038086 154.13400268554688 Z""></path></svg>"
thesantatitan_deepseek-svg-dataset_0003803,"<svg width=""128"" height=""128"" viewBox=""0 0 128 128"" fill=""none"" xmlns=""http://www.w3.org/2000/svg"">
<path d=""M80.89 40.1l-.85 1h-17.5l-.77 1H43.5l-1.1 1.6h-3.2l-1.1-1.6h-10.9L19.7 40.1h10.9l-.4-1 2.3-4.8h22.9l2.3 4.8-1.3 1h-1.1l.4-1h16.1l-.4 1h1.1l1.3-1h1.5l-.77 1h17.5l-.85-1h10.3l1.3 1h1.1l-.4-1h-16.8l-2.3-4.8H4.6l-2.3 4.8h-10V61h28.5l-.77-1h-22.1l1.3 1h10.1l-.4-1h-9.6l-.77 1h-29.5l1.3-1h10.5l-.4-1h-10.5l1.3 1h29.5l-.77-1h9.6l-.4 1h10.1l-1.3-1h22.1l.77 1h-28.5v-9.1h53.6l-.77-1h-21.5l1.3 1h10.1l-.4-1h-9.5l-.77 1h-30.9l1.3-1h10.4l-.4 1h-10.4l1.3 1h30.9l-.77-1h9.5l-.4 1h10.1l-1.3-1h21.5l.77 1h-53.6v9.1Z"" fill=""#ff3860""/>
</svg>"
thesantatitan_deepseek-svg-dataset_0001862,"<svg width=""100"" height=""100"" viewBox=""0 0 100 100"" xmlns=""http://www.w3.org/2000/svg"">
  <rect width=""100"" height=""100"" fill=""#000000""/>
  <defs>
    <linearGradient id=""petalGradient"" x1=""0%"" y1=""0%"" x2=""100%"" y2=""100%"">
      <stop offset=""0%"" style=""stop-color:#FFFFFF;stop-opacity:1""/>
      <stop offset=""100%"" style=""stop-color:#FF0000;stop-opacity:1""/>
    </linearGradient>
  </defs>
  <path d=""M50,50m-18,0a18,18 0 1,1 36,0a18,18 0 1,1-36,0"" fill=""url(#petalGradient)""/>
  <path d=""M50,50m-25,0a25,25 0 1,1 50,0a25,25 0 1,1-50,0"" fill=""url(#petalGradient)""/>
  <circle cx=""50"" cy=""50"" r=""18"" fill=""#FF0000""/>
  <path d=""M50,50m-28,0a28,28 0 1,1 56,0a28,28 0 1,1-56,0"" fill=""url(#petalGradient)""/>
</svg>"
d3662fd819d68f1d3ea300f7ffbafaf1,"<svg xmlns=""http://www.w3.org/2000/svg"" viewBox=""0.0 0.0 200.0 200.0"" height=""200.0px"" width=""200.0px""><path fill=""currentColor"" fill-opacity=""1.0""  filling=""0"" d=""M14.286003112792969 100.0 C14.286003112792969 52.6609992980957 52.6609992980957 14.286003112792969 100.0 14.286003112792969 C147.33900451660156 14.286003112792969 185.71400451660156 52.6609992980957 185.71400451660156 100.0 C185.71400451660156 147.33900451660156 147.33900451660156 185.71400451660156 100.0 185.71400451660156 C52.6609992980957 185.71400451660156 14.286003112792969 147.33900451660156 14.286003112792969 100.0 Z M102.0459976196289 106.22899627685547 C112.66799926757812 108.84300231933594 115.8499984741211 112.30699920654297 115.8499984741211 118.15699768066406 C115.8499984741211 124.23600006103516 111.76100158691406 128.83599853515625 102.0459976196289 129.5749969482422 L102.0459976196289 106.22899627685547 Z M95.62899780273438 93.11100006103516 C86.54299926757812 90.83599853515625 83.13200378417969 87.03199768066406 83.13200378417969 81.86100006103516 C83.13200378417969 76.69300079345703 87.44999694824219 71.97899627685547 95.63200378417969 70.95700073242188 L95.63200378417969 93.11100006103516 L95.62899780273438 93.11100006103516 Z M102.0459976196289 94.64299774169922 L102.0459976196289 70.95700073242188 C109.31800079345703 71.86399841308594 114.42900085449219 76.01100158691406 115.16799926757812 83.1709976196289 L126.98200225830078 83.1709976196289 C126.52899932861328 70.27899932861328 116.24600219726562 61.75699996948242 102.0459976196289 60.61800003051758 L102.0459976196289 51.020999908447266 L95.62899780273438 51.020999908447266 L95.62899780273438 60.61800003051758 C81.31400299072266 61.70000076293945 71.09300231933594 70.10399627685547 71.09300231933594 82.8290023803711 C71.09300231933594 94.35700225830078 78.875 100.83599853515625 93.30000305175781 104.18599700927734 L95.62899780273438 104.75399780273438 L95.62899780273438 129.51800537109375 C86.48600006103516 128.5540008544922 82.16799926757812 123.66799926757812 81.14600372314453 117.02100372314453 L69.38899993896484 117.02100372314453 C69.78199768066406 130.6540069580078 81.2040023803711 138.77499389648438 95.62899780273438 139.85699462890625 L95.62899780273438 149.39599609375 L102.0459976196289 149.39599609375 L102.0459976196289 139.85699462890625 C116.53199768066406 138.83200073242188 127.89299774169922 130.93899536132812 127.89299774169922 117.02100372314453 C127.89299774169922 104.92500305175781 119.71399688720703 98.78900146484375 104.7750015258789 95.32499694824219 L102.0459976196289 94.64299774169922 Z""></path></svg>"
805e13c9-09d2-4828-a754-1939092246f4,"<svg fill=""none"" height=""128"" viewBox=""0 0 32 32"" width=""128"" xmlns=""http://www.w3.org/2000/svg""><path d=""m23.18 11.92c.21-.43.32-.91.32-1.43 0-.67-.2-1.29-.55-1.81s-.53-1.14-.53-1.77v-.01c0-1.82-1.48-3.3-3.29-3.3-.18 0-.36-.08-.46-.23-.59-.83-1.56-1.37-2.67-1.37-1.1 0-2.07.54-2.67 1.37-.1.15-.28.24-.45.24-1.82 0-3.3 1.48-3.3 3.3 0 .64-.18 1.25-.53 1.78-.34.51-.55 1.13-.55 1.8 0 .52.11 1 .32 1.43.07.15.07.32 0 .46-.21.42-.32.9-.32 1.41 0 1.77 1.44 3.21 3.21 3.21h8.57c1.77 0 3.21-1.44 3.21-3.21 0-.5-.11-.99-.32-1.41-.06-.14-.06-.31.01-.46z"" fill=""#000000""/><path d=""m9 18.01c.38-.31.79-.6 1.21-.87l5.79-.14 5.72.1c.45.28.88.58 1.28.92l1 5.98-1 6h-14l-1-6z"" fill=""#e6e6e6""/><path d=""m16.5 24.33v5.67h-1v-5.8l-4-6.7 1.35-1.54 3.15-.46 3.15.46 1.35 1.54z"" fill=""#8b62bf""/><g fill=""#f4f4f4""><path d=""m23 18.03c2.44 2.02 4 5.07 4 8.48v3.49h-4z""/><path d=""m19.21 15.99c.95.29 1.85.7 2.67 1.22l.19 2c.01.12-.07.23-.19.25l-.79.14c-.18.03-.25.24-.13.38l.76.84c.08.09.08.23-.01.32l-4.88 4.98c-.12.12-.33.03-.33-.14v-3.61c0-.04.01-.08.02-.11z""/><path d=""m10.12 17.21c.82-.52 1.72-.94 2.67-1.22l2.69 6.25.01.02c0 .03.01.06.01.09v3.61c0 .18-.21.26-.33.14l-4.88-4.98c-.09-.09-.09-.22-.01-.32l.76-.83c.12-.13.05-.35-.13-.38l-.79-.14c-.12-.03-.2-.13-.18-.26z""/><path d=""m9 18.02v11.98h-4v-3.49c0-3.42 1.56-6.47 4-8.49z""/></g><path d=""m27 23c.55 0 1 .41 1 .91v2.09h-2v-2.09c.01-.5.45-.91 1-.91z"" fill=""#422426""/><path d=""m27.22 20h-.22v1.44l-1.5 1.06-1.5-1.06v-1.44h-.22c-.17 0-.31-.21-.31-.46v-.08c0-.25.14-.46.31-.46h3.44c.17 0 .31.21.31.46v.08c-.01.25-.15.46-.31.46z"" fill=""#b4f6fc""/><path d=""m27 21.44h-3v6.31h3z"" fill=""#c3ef3c""/><path d=""m24.28 22.33h.42c.04 0 .08-.09.08-.2v-.04c0-.11-.04-.2-.08-.2h-.42c-.04 0-.08.09-.08.2v.04c0 .11.04.2.08.2z"" fill=""#008463""/><path d=""m24.28 24.12h.42c.04 0 .08-.09.08-.2v-.04c0-.11-.04-.2-.08-.2h-.42c-.04 0-.08.09-.08.2v.04c0 .11.04.2.08.2z"" fill=""#008463""/><path d=""m23.51 25.5c.01-.4.33-.75.7-.75h3c.43 0 .79.39.79.87v3.51c0 .48-.36.87-.79.87h-3c-.37 0-.69-.31-.7-.72-.01-.27.11-.51.3-.65-.19-.13-.31-.36-.31-.62s.13-.49.31-.62c-.19-.13-.31-.36-.31-.62s.13-.49.31-.62c-.18-.14-.31-.38-.3-.65z"" fill=""#573739""/><path d=""m16 18.5c-1.11 0-2-.96-2-2.16v-2.68c0-1.2.89-2.16 2-2.16s2 .96 2 2.16v2.68c0 1.2-.89 2.16-2 2.16z"" fill=""#452829""/><path d=""m19.91 7.36h-3.17c-1.26 0-2.44-.63-3.15-1.66-.12-.17-.37-.14-.45.06l-.08.19c-.23.55-.66.97-1.19 1.21-.03.01-.07.03-.1.04-.23.12-.78.48-.8 1.43l.13 3.16c.12 2.8 2.28 4.68 4.9 4.68s4.78-1.88 4.9-4.68l.12-3.01c0-1.33-.93-1.42-1.11-1.42z"" fill=""#573739""/><path d=""m15.65 10.29-.49 1.74c-.1.35.14.72.48.72h.73c.35 0 .59-.37.49-.72l-.5-1.74c-.1-.39-.59-.39-.71 0z"" fill=""#3d2123""/><path d=""m18.72 6.5h-5.4c-1.54 0-2.81 1.22-2.82 2.74 0 1.52 1.25 2.76 2.79 2.76.96 0 1.82-.49 2.31-1.24.2-.28.61-.28.81 0 .52.77 1.4 1.26 2.41 1.23 1.44-.05 2.66-1.29 2.68-2.71.02-1.52-1.23-2.78-2.78-2.78z"" fill=""#422426""/><path d=""m13.4 9.2c.55 0 1.01.39 1.3.82-.23.07-.45.13-.67.2-.45.12-.88.25-1.33.41l-.48-.43c-.19-.18-.18-.5.04-.65.31-.23.74-.35 1.14-.35z"" fill=""#000000""/><path d=""m18.61 9.2c-.56 0-1.02.39-1.3.82.24.08.48.15.72.21.43.13.84.25 1.28.4l.48-.43c.19-.18.18-.5-.04-.65-.31-.23-.74-.35-1.14-.35z"" fill=""#000000""/><path d=""m13.57 9.3c-.66 0-1.21.45-1.36 1.05-.04.17.1.34.28.34h2.22c.14 0 .26-.13.23-.26-.13-.65-.69-1.13-1.37-1.13z"" fill=""#ffffff""/><path d=""m18.43 9.3c.66 0 1.21.45 1.36 1.05.04.17-.1.34-.27.34h-2.22c-.14 0-.26-.13-.23-.26.12-.65.69-1.13 1.36-1.13z"" fill=""#ffffff""/><path d=""m12.88 10.46c0-.5.4-.89.89-.89.5 0 .89.39.89.89 0 .07 0 .16-.03.23h-1.72c-.02-.07-.03-.15-.03-.23z"" fill=""#7d4533""/><path d=""m19.12 10.46c0-.5-.4-.89-.89-.89-.5 0-.89.39-.89.89 0 .08.01.16.03.23h1.72c.02-.07.03-.15.03-.23z"" fill=""#7d4533""/><path d=""m13.77 9.94c.28 0 .51.23.51.52 0 .08-.02.16-.07.23h-.9c-.04-.07-.06-.15-.06-.23 0-.29.23-.52.52-.52z"" fill=""#000000""/><path d=""m18.23 9.94c-.28 0-.51.23-.51.52 0 .08.02.16.07.23h.9c.04-.07.06-.15.06-.23 0-.29-.23-.52-.52-.52z"" fill=""#000000""/><path d=""m13.63 10.11c0 .08-.07.16-.16.16s-.16-.08-.16-.16c0-.09.07-.17.16-.17s.16.08.16.17z"" fill=""#ffffff""/><path d=""m18.09 10.11c0 .08-.07.16-.16.16s-.16-.08-.16-.16c0-.09.07-.17.16-.17s.16.08.16.17z"" fill=""#ffffff""/><path d=""m16 13.71c-.55 0-1.07-.14-1.51-.39-.15-.08-.3.1-.21.25.36.58 1 .98 1.72.98s1.36-.4 1.72-.98c.1-.15-.07-.32-.21-.25-.45.25-.96.39-1.51.39z"" fill=""#290118""/><path d=""m19.4 8.65c.04.03.08.04.13.04.1 0 .18-.05.23-.15.08-.13.04-.29-.1-.37-.02-.01-.89-.5-1.89-.32-.15.03-.25.17-.22.31.03.16.17.25.32.22.73-.13 1.4.2 1.51.26.01 0 .02.01.02.01z"" fill=""#000000""/><path d=""m12.23 8.55c.06.09.14.14.24.14.05 0 .09-.01.13-.03.01-.01.73-.41 1.53-.27.16.03.29-.07.31-.22.03-.14-.08-.28-.22-.31-.95-.18-1.79.27-1.89.32-.13.08-.17.24-.1.37z"" fill=""#000000""/><path d=""m10.24 9.24c.01-1.68 1.4-3 3.08-3h5.4c1.69 0 3.07 1.37 3.04 3.04-.02 1.57-1.35 2.92-2.93 2.97h-.01c-1.1.04-2.06-.5-2.63-1.34-.09-.13-.28-.13-.37 0-.54.81-1.48 1.35-2.53 1.35-1.68 0-3.05-1.35-3.05-3.02zm.52.01c0 1.37 1.13 2.49 2.53 2.49.87 0 1.64-.45 2.09-1.12l.01-.01c.29-.43.94-.43 1.23 0v.01c.47.69 1.27 1.13 2.19 1.11 1.3-.05 2.41-1.17 2.43-2.46.01-1.37-1.11-2.51-2.52-2.51h-5.4c-1.4 0-2.55 1.11-2.56 2.49z"" fill=""#9b9b9b""/></svg>"
f317b1db71a938871c811c8e3a64ff78,"<svg xmlns=""http://www.w3.org/2000/svg"" viewBox=""0.0 0.0 200.0 200.0"" height=""200.0px"" width=""200.0px""><path fill=""currentColor"" fill-opacity=""1.0""  filling=""0"" d=""M173.66099548339844 87.05400085449219 C173.66099548339844 86.07099914550781 172.85699462890625 85.26799774169922 171.875 85.26799774169922 L158.48199462890625 85.26799774169922 C157.5 85.26799774169922 156.6959991455078 86.07099914550781 156.6959991455078 87.05400085449219 C156.6959991455078 118.37100219726562 131.31700134277344 143.75 100.0 143.75 C68.68299865722656 143.75 43.30400085449219 118.37100219726562 43.30400085449219 87.05400085449219 C43.30400085449219 86.07099914550781 42.5 85.26799774169922 41.518001556396484 85.26799774169922 L28.125 85.26799774169922 C27.14299774169922 85.26799774169922 26.339004516601562 86.07099914550781 26.339004516601562 87.05400085449219 C26.339004516601562 124.70999908447266 54.597999572753906 155.781005859375 91.07099914550781 160.1790008544922 L91.07099914550781 183.03599548339844 L58.63800048828125 183.03599548339844 C55.58000183105469 183.03599548339844 53.125 186.22799682617188 53.125 190.1790008544922 L53.125 198.21400451660156 C53.125 199.1959991455078 53.75 200.0 54.50899887084961 200.0 L145.49099731445312 200.0 C146.25 200.0 146.875 199.1959991455078 146.875 198.21400451660156 L146.875 190.1790008544922 C146.875 186.22799682617188 144.4199981689453 183.03599548339844 141.36199951171875 183.03599548339844 L108.03600311279297 183.03599548339844 L108.03600311279297 160.2899932861328 C144.93299865722656 156.27200317382812 173.66099548339844 125.02200317382812 173.66099548339844 87.05400085449219 Z M100.0 125.0 C120.95999908447266 125.0 137.9459991455078 108.21399688720703 137.9459991455078 87.5 L137.9459991455078 37.5 C137.9459991455078 16.785995483398438 120.95999908447266 0.0 100.0 0.0 C79.04000091552734 0.0 62.05400085449219 16.785995483398438 62.05400085449219 37.5 L62.05400085449219 87.5 C62.05400085449219 108.21399688720703 79.04000091552734 125.0 100.0 125.0 Z M79.01799774169922 37.5 C79.01799774169922 26.205001831054688 88.37100219726562 16.964004516601562 100.0 16.964004516601562 C111.62999725341797 16.964004516601562 120.98200225830078 26.205001831054688 120.98200225830078 37.5 L120.98200225830078 87.5 C120.98200225830078 98.79499816894531 111.62999725341797 108.03600311279297 100.0 108.03600311279297 C88.37100219726562 108.03600311279297 79.01799774169922 98.79499816894531 79.01799774169922 87.5 L79.01799774169922 37.5 Z""></path></svg>"
de3d096a9919e2d36bfab7d98f12471b,"<svg xmlns=""http://www.w3.org/2000/svg"" viewBox=""0.0 0.0 200.0 200.0"" height=""200.0px"" width=""200.0px""><path fill=""#333333"" fill-opacity=""1.0""  filling=""0"" d=""M102.08300018310547 162.5 A6.25 6.25 0.0 0 1 102.08300018310547 175.0 L60.41699981689453 175.0 A6.25 6.25 0.0 0 1 60.41699981689453 162.5 L102.08300018310547 162.5 Z M139.58299255371094 162.5 A6.25 6.25 0.0 0 1 139.58299255371094 175.0 L127.08300018310547 175.0 A6.25 6.25 0.0 0 1 127.08300018310547 162.5 L139.58299255371094 162.5 Z M68.75 137.5 A6.25 6.25 0.0 0 1 68.75 150.0 L39.58300018310547 150.0 A6.25 6.25 0.0 0 1 39.58300018310547 137.5 L68.75 137.5 Z M160.41700744628906 137.5 A6.25 6.25 0.0 0 1 160.41700744628906 150.0 L93.75 150.0 A6.25 6.25 0.0 0 1 93.75 137.5 L160.41700744628906 137.5 Z M98.55000305175781 22.91699981689453 C131.92100524902344 22.91699981689453 158.9669952392578 49.96699905395508 158.9669952392578 83.33300018310547 C158.9669952392578 93.70800018310547 156.3419952392578 103.68800354003906 151.4709930419922 112.50399780273438 L177.08299255371094 112.5 A6.25 6.25 0.0 0 1 177.08299255371094 125.0 L127.08300018310547 125.0 A6.25 6.25 0.0 0 1 127.08300018310547 112.5 L136.56199645996094 112.5 L137.30799865722656 111.52100372314453 A47.66699981689453 47.66699981689453 0.0 0 0 146.4669952392578 83.33300018310547 C146.4669952392578 58.90399932861328 128.18800354003906 38.75 104.62100219726562 35.79199981689453 L104.25 35.746002197265625 L104.4749984741211 37.53799819946289 C104.62100219726562 38.90399932861328 104.71700286865234 40.28300094604492 104.76699829101562 41.66699981689453 L104.80000305175781 43.75 C104.80000305175781 72.91699981689453 83.39199829101562 97.08799743652344 55.395999908447266 101.4000015258789 L54.229000091552734 101.56199645996094 L54.625 102.50800323486328 A47.83300018310547 47.83300018310547 0.0 0 0 59.70800018310547 111.39199829101562 L60.5369987487793 112.5 L102.08300018310547 112.5 A6.25 6.25 0.0 0 1 102.08300018310547 125.0 L22.91699981689453 125.0 A6.25 6.25 0.0 0 1 22.91699981689453 112.5 L45.632999420166016 112.5 A60.06700134277344 60.06700134277344 0.0 0 1 39.75 97.26699829101562 A6.25 6.25 0.0 0 1 45.33300018310547 89.5999984741211 L45.87900161743164 89.5790023803711 L46.46699905395508 89.58300018310547 C71.78299713134766 89.58300018310547 92.30000305175781 69.06199645996094 92.30000305175781 43.75 C92.30000305175781 39.367000579833984 91.68800354003906 35.06700134277344 90.49199676513672 30.945999145507812 A6.25 6.25 0.0 0 1 95.75800323486328 22.996002197265625 L96.30799865722656 22.954002380371094 L97.19999694824219 22.932998657226562 L98.55000305175781 22.91699981689453 Z""></path></svg>"
6a23eaf9af94f1dc2c6757965b09958b,"<svg xmlns=""http://www.w3.org/2000/svg"" viewBox=""0.0 0.0 200.0 200.0"" height=""200.0px"" width=""200.0px""><path fill="""" fill-opacity=""1.0""  filling=""0"" d=""M187.96875 25.0 L146.5625 25.0 C140.8984375 25.0 136.171875 29.609375 136.171875 35.2734375 L136.171875 50.742183685302734 L63.7890625 50.742183685302734 L63.7890625 35.2734375 C63.7890625 29.609375 59.1015625 25.0 53.3984375 25.0 L11.9921875 25.0 C6.2890625 25.0 1.6796875 29.609375 1.6796875 35.2734375 L1.6796875 164.7265625 C1.6796875 170.390625 6.2890625 175.0 12.0703125 175.0 L188.0078125 175.0 C193.7890625 175.0 198.3984375 170.390625 198.3984375 164.7265625 L198.3984375 35.2734375 C198.3203125 29.609375 193.7109375 25.0 187.96875 25.0 Z M58.515625 138.984375 C44.21875 138.984375 32.578125 127.3828125 32.578125 113.046875 C32.578125 98.6328125 44.179691314697266 87.03125 58.515625 87.03125 C72.9296875 87.03125 84.53125 98.6328125 84.53125 113.046875 C84.53125 127.3828125 72.9296875 138.984375 58.515625 138.984375 Z M141.484375 138.984375 C127.0703125 138.984375 115.46875 127.3828125 115.46875 112.96875762939453 C115.46875 98.671875 127.0703125 87.03125 141.484375 87.03125 C155.78125 87.03125 167.421875 98.6328125 167.421875 112.96875762939453 C167.421875 127.3828125 155.78125 138.984375 141.484375 138.984375 Z""></path></svg>"
f82a1d17293a309f41c745a2dd9e3057,"<svg xmlns=""http://www.w3.org/2000/svg"" viewBox=""0.0 0.0 200.0 200.0"" height=""200.0px"" width=""200.0px""><path fill="""" fill-opacity=""1.0""  filling=""0"" d=""M141.66659545898438 100.0 A8.333398818969727 8.333398818969727 0.0 0 1 150.0 108.3333969116211 L150.0 183.33340454101562 L133.33340454101562 183.33340454101562 L133.33340454101562 116.6666030883789 L66.6666030883789 116.6666030883789 L66.6666030883789 183.33340454101562 L50.0 183.33340454101562 L50.0 108.3333969116211 A8.333398818969727 8.333398818969727 0.0 0 1 58.333396911621094 100.0 L141.66659545898438 100.0 Z M100.0 133.33340454101562 L100.0 150.0 L83.3333969116211 150.0 L83.3333969116211 133.33340454101562 L100.0 133.33340454101562 Z M100.0 50.0 A50.0 50.0 0.0 0 1 144.7333984375 77.6333999633789 L129.8166046142578 85.09159851074219 A33.33340072631836 33.33340072631836 0.0 0 0 70.17499542236328 85.09159851074219 L55.2666015625 77.6333999633789 A50.0 50.0 0.0 0 1 100.0 50.0 Z M100.0 16.666603088378906 A83.3333969116211 83.3333969116211 0.0 0 1 174.54998779296875 62.72500228881836 L159.6416015625 70.18339538574219 A66.6666030883789 66.6666030883789 0.0 0 0 100.0 33.333396911621094 A66.6666030883789 66.6666030883789 0.0 0 0 40.3583984375 70.18339538574219 L25.44159698486328 62.72500228881836 A83.3333969116211 83.3333969116211 0.0 0 1 100.0 16.666603088378906 Z""></path></svg>"
36395e670d119b48df4895776d5b74c2,"<svg xmlns=""http://www.w3.org/2000/svg"" viewBox=""0.0 0.0 200.0 200.0"" height=""200.0px"" width=""200.0px""><path fill=""currentColor"" fill-opacity=""1.0""  filling=""0"" d=""M174.69500732421875 23.169998168945312 L25.30500030517578 23.169998168945312 C18.23200225830078 23.169998168945312 12.5 28.90399932861328 12.5 35.97700500488281 L12.5 164.0229949951172 C12.5 171.0959930419922 18.23200225830078 176.8280029296875 25.30500030517578 176.8280029296875 L174.69700622558594 176.8280029296875 C181.77000427246094 176.8280029296875 187.5019989013672 171.0959930419922 187.5019989013672 164.0229949951172 L187.5019989013672 35.97700500488281 C187.5 28.90399932861328 181.76800537109375 23.169998168945312 174.69500732421875 23.169998168945312 Z M21.037002563476562 164.0229949951172 L21.037002563476562 108.53500366210938 L95.73200225830078 108.53500366210938 L95.73200225830078 164.0229949951172 L21.037002563476562 164.0229949951172 Z M178.96299743652344 164.0229949951172 L104.26799774169922 164.0229949951172 L104.26799774169922 108.53500366210938 L178.96299743652344 108.53500366210938 L178.96299743652344 164.0229949951172 Z M178.96299743652344 100.0 L21.037002563476562 100.0 L21.037002563476562 44.512001037597656 L178.96499633789062 44.512001037597656 L178.96499633789062 100.0 L178.96299743652344 100.0 Z""></path></svg>"
0feb0f573c27675b0d3a4d9a314f8127,"<svg xmlns=""http://www.w3.org/2000/svg"" viewBox=""0.0 0.0 200.0 200.0"" height=""200.0px"" width=""200.0px""><path fill="""" fill-opacity=""1.0""  filling=""0"" d=""M100.0 0.0 C65.896484375 36.176170349121094 17.265426635742188 31.431838989257812 17.265426635742188 31.431838989257812 L17.265426635742188 128.69882202148438 C108.3023452758789 289.1265563964844 182.7345733642578 128.69882202148438 182.7345733642578 128.69882202148438 L182.7345733642578 31.431838989257812 C182.7345733642578 31.431838989257812 130.54296875 37.36211013793945 100.0 0.0 Z M136.97421264648438 75.9375 L82.5601577758789 130.3513641357422 A4.466796875 4.466796875 0.0 0 1 76.26640319824219 130.3513641357422 L53.05839920043945 107.14102172851562 A4.447851657867432 4.447851657867432 0.0 0 1 59.34980392456055 100.85214233398438 L79.4146499633789 120.91698455810547 L130.6828155517578 69.6460952758789 A4.449609279632568 4.449609279632568 0.0 0 1 136.97421264648438 75.9375 Z""></path></svg>"
580d7d5cdf416645f13d6d9e3aa2590b,"<svg xmlns=""http://www.w3.org/2000/svg"" viewBox=""0.0 0.0 200.0 200.0"" height=""200.0px"" width=""200.0px""><path fill=""#232323"" fill-opacity=""1.0""  filling=""0"" d=""M156.73800659179688 34.987998962402344 L135.88299560546875 34.987998962402344 L135.88299560546875 27.051002502441406 C135.88299560546875 22.573997497558594 132.25399780273438 18.94499969482422 127.7770004272461 18.94499969482422 L72.2229995727539 18.94499969482422 C67.74600219726562 18.94499969482422 64.11699676513672 22.573997497558594 64.11699676513672 27.051002502441406 L64.11699676513672 34.987998962402344 L43.262001037597656 34.987998962402344 C29.832000732421875 34.987998962402344 18.94499969482422 45.875 18.94499969482422 59.30500030517578 L18.94499969482422 156.73800659179688 C18.94499969482422 170.16799926757812 29.832000732421875 181.05499267578125 43.262001037597656 181.05499267578125 L156.73800659179688 181.05499267578125 C170.16799926757812 181.05499267578125 181.05499267578125 170.16799926757812 181.05499267578125 156.73800659179688 L181.05499267578125 59.30500030517578 C181.05499267578125 45.875 170.16799926757812 34.987998962402344 156.73800659179688 34.987998962402344 Z M152.33799743652344 83.80699920654297 L95.02300262451172 135.38900756835938 C94.3280029296875 136.01400756835938 93.59600067138672 136.5570068359375 92.85199737548828 137.01400756835938 C92.7030029296875 137.39500427246094 92.47699737548828 137.72999572753906 92.16799926757812 138.00999450683594 C91.28900146484375 138.80099487304688 89.89600372314453 138.99000549316406 88.31099700927734 138.66799926757812 C86.96099853515625 138.7989959716797 85.78299713134766 138.53500366210938 84.98600006103516 137.8179931640625 C84.72100067138672 137.5800018310547 84.51399993896484 137.30099487304688 84.3550033569336 136.99400329589844 C83.6520004272461 136.5469970703125 82.96099853515625 136.0229949951172 82.29900360107422 135.42799377441406 L56.82400131225586 112.50199890136719 C53.30699920654297 109.33599853515625 52.02299880981445 105.36100006103516 53.95500183105469 103.62300109863281 C55.888999938964844 101.88300323486328 60.30699920654297 103.04100036621094 63.821998596191406 106.20500183105469 L88.2969970703125 128.22999572753906 L144.99600219726562 77.20099639892578 C148.51400756835938 74.03500366210938 153.00799560546875 72.9469985961914 155.0330047607422 74.77300262451172 C157.06199645996094 76.5979995727539 155.85400390625 80.64099884033203 152.33799743652344 83.80699920654297 Z""></path></svg>"
fa6ccf7e-9549-47c5-8c05-0b96ec5d56f3,"<svg height=""128"" preserveAspectRatio=""xMidYMid"" viewBox=""0 -25 256 256"" width=""128"" xmlns=""http://www.w3.org/2000/svg""><path d=""m101.61 9.07c.24 1.4-.46 2.56-2.79 3.73-3.03-1.63-9.55-2.56-14.9-2.1-5.82.47-10.71 2.33-10.02 6.29.94 3.96 6.52 6.29 16.54 5.35 24.45-2.09 24.21-18.62 60.07-21.88 27.95-2.57 43.55 6.05 45.65 16.53 1.63 8.15-5.13 16.07-25.39 17.7-17.93 1.63-28.41-3.26-29.34-8.15-.46-2.57.93-6.29 9.55-7.22.93 3.96 5.82 8.15 17.46 6.98 8.39-.7 15.37-3.72 14.44-8.38-.93-4.89-9.78-7.68-23.75-6.52-28.41 2.56-35.39 18.16-59.61 20.26-17.23 1.63-31.2-4.66-33.07-13.97-.7-3.5-.7-11.65 17.47-13.28 9.31-.69 16.76.94 17.69 4.66zm-90.81 97.34c-7.92 10.01-11.41 21.65-10.71 33.06s6.28 20.73 15.13 27.95c9.32 7.21 19.33 9.31 30.74 7.21 4.42-.69 9.31-3.02 13.74-4.42-9.32 0-17.23-3.03-25.15-9.31-8.62-6.29-14.44-15.14-15.83-25.85-2.1-10.01 0-19.33 5.58-27.48 6.29-7.92 14.44-12.34 25.15-13.74 10.71-.7 20.03 2.1 29.34 8.62-2.09-3.03-5.12-5.12-7.91-7.92-9.32-6.29-19.33-9.31-31.67-6.29-11.18 2.33-20.49 8.15-28.41 18.17zm124.81-53.79c-30.04 0-56.82-3.03-76.14-7.22-20.73-5.13-31.67-10.71-31.67-17.93 0-3.03 1.39-5.59 5.59-8.62-13.04 5.12-20.03 9.32-20.03 15.84.7 7.21 12.34 14.43 36.09 20.02 22.36 5.59 51 8.62 85.46 8.62 35.16 0 63.11-3.03 85.46-8.62 23.75-5.59 35.16-13.04 35.16-20.02 0-5.13-5.12-10.02-14.43-13.74 2.09 1.39 3.72 3.72 3.72 6.28 0 7.22-10.71 13.04-32.36 17.93-20.03 4.43-45.65 7.46-76.85 7.46zm85.69 20.02c-22.35 5.12-50.99 8.62-85.46 8.62-35.16 0-63.8-3.73-86.15-8.62-20.03-5.12-30.74-10.71-34.47-16.53 3.73 25.15 12.34 48.9 23.75 69.86 8.62 13.04 17.24 24.45 25.85 36.79 3.73 7.22 6.29 14.44 7.92 21.65 5.59 7.92 13.74 13.04 23.75 15.84 12.34 4.42 25.15 6.29 38.19 5.59h1.4c13.04.7 26.78-1.4 39.35-5.59 9.31-3.03 17.23-7.92 23.05-15.84h.7c1.4-7.21 3.73-14.43 7.22-21.65 8.62-12.34 17.23-23.75 25.85-36.79 11.41-20.73 19.33-44.48 23.75-69.86-4.66 6.52-15.37 12.11-34.7 16.53z"" fill=""#28334c""/></svg>"
a0e1e594-d8ab-43e1-a395-eeb8db7132a5,"<svg height=""128"" viewBox=""0 0 256 256"" width=""128"" xmlns=""http://www.w3.org/2000/svg""><path d=""m236 128a108 108 0 1 0 -172.23 86.77c.24.21.49.41.75.6.28.2.56.39.85.56a107.79 107.79 0 0 0 125.26 0c.29-.17.57-.36.85-.56.26-.19.51-.4.75-.6a107.91 107.91 0 0 0 43.77-86.77zm-49.46 60.16-13.52-18.61 15.82-48.7 21.92-7.12a83.65 83.65 0 0 1 -24.22 74.43zm-81.54-28.5-14.21-43.75 37.21-27.04 37.21 27.04-14.21 43.75zm98.34-68.75-21.91 7.11-41.43-30.1v-23.05a84.21 84.21 0 0 1 63.34 46.03zm-87.34-46.04v23.05l-41.43 30.1-21.91-7.12a84.21 84.21 0 0 1 63.34-46.03zm-72 83.13a84.11 84.11 0 0 1 1.24-14.27l21.92 7.12 15.82 48.7-13.52 18.61a83.74 83.74 0 0 1 -25.46-60.16zm44.86 74.29 13.54-18.63h51.21l13.53 18.63a83.75 83.75 0 0 1 -78.28 0z""/></svg>"
c8d9f86a253c3316308f642ebf1df890,"<svg xmlns=""http://www.w3.org/2000/svg"" viewBox=""0.0 0.0 200.0 200.0"" height=""200.0px"" width=""200.0px""><path fill=""#444444"" fill-opacity=""1.0""  filling=""0"" d=""M41.66699981689453 41.66699981689453 L158.33299255371094 41.66699981689453 L158.33299255371094 158.33299255371094 L41.66699981689453 158.33299255371094 L41.66699981689453 41.66699981689453 Z M58.33300018310547 58.33300018310547 L58.33300018310547 141.66700744628906 L141.66700744628906 141.66700744628906 L141.66700744628906 58.33300018310547 L58.33300018310547 58.33300018310547 Z""></path></svg>"
6533809323284ce30427cde779fff269,"<svg xmlns=""http://www.w3.org/2000/svg"" viewBox=""0.0 0.0 200.0 200.0"" height=""200.0px"" width=""200.0px""><path fill=""#07A1A5"" fill-opacity=""1.0""  filling=""0"" d=""M13.040000915527344 56.13999938964844 L188.39300537109375 56.13999938964844 L188.39300537109375 63.07500076293945 L13.040000915527344 63.07500076293945 L13.040000915527344 56.13999938964844 M187.4199981689453 65.29900360107422 L14.043998718261719 65.29900360107422 L14.043998718261719 154.89599609375 L31.490997314453125 154.89599609375 L31.490997314453125 170.02699279785156 L48.051998138427734 170.02699279785156 L48.051998138427734 154.89599609375 L151.6699981689453 154.89599609375 L151.6699981689453 170.02699279785156 L168.2310028076172 170.02699279785156 L168.2310028076172 154.89599609375 L187.4499969482422 154.89599609375 L187.4499969482422 65.29900360107422 L187.4199981689453 65.29900360107422 M183.46299743652344 109.83200073242188 L128.5260009765625 109.83200073242188 L128.5260009765625 72.88999938964844 L183.46299743652344 72.88999938964844 L183.46299743652344 109.83200073242188 M76.71700286865234 72.88999938964844 L124.5989990234375 72.88999938964844 L124.5989990234375 148.0279998779297 L76.71700286865234 148.0279998779297 L76.71700286865234 72.88999938964844 M72.76100158691406 72.88999938964844 L72.76100158691406 109.83200073242188 L17.970001220703125 109.83200073242188 L17.970001220703125 72.88999938964844 L72.76100158691406 72.88999938964844 M17.970001220703125 113.11900329589844 L72.76100158691406 113.11900329589844 L72.76100158691406 148.0279998779297 L17.970001220703125 148.0279998779297 L17.970001220703125 113.11900329589844 M44.06700134277344 166.1060028076172 L35.38800048828125 166.1060028076172 L35.38800048828125 154.947998046875 L44.06700134277344 154.947998046875 L44.06700134277344 166.1060028076172 M164.24600219726562 166.63499450683594 L155.56700134277344 166.63499450683594 L155.56700134277344 154.94700622558594 L164.24600219726562 154.94700622558594 L164.24600219726562 166.63499450683594 M128.5260009765625 148.0279998779297 L128.5260009765625 113.11900329589844 L183.46299743652344 113.11900329589844 L183.46299743652344 148.0279998779297 L128.5260009765625 148.0279998779297""></path></svg>"
db5e492cdd2ef3eff0a1a5798a2e1e03,"<svg xmlns=""http://www.w3.org/2000/svg"" viewBox=""0.0 0.0 200.0 200.0"" height=""200.0px"" width=""200.0px""><path fill=""#0C2B4A"" fill-opacity=""1.0""  filling=""0"" d=""M88.3010025024414 99.70700073242188 A11.680000305175781 11.680000305175781 0.0 1 0 111.66000366210938 99.70700073242188 A11.680000305175781 11.680000305175781 0.0 1 0 88.3010025024414 99.70700073242188 Z""></path>
<path fill=""#0C2B4A"" fill-opacity=""1.0""  filling=""0"" d=""M150.82000732421875 12.53900146484375 L78.8280029296875 12.53900146484375 L78.8280029296875 60.566001892089844 L68.28099822998047 47.637001037597656 L57.73400115966797 60.566001892089844 L57.73400115966797 12.53900146484375 L49.21900177001953 12.53900146484375 C42.77299880981445 12.53900146484375 37.5 17.811996459960938 37.5 24.25799560546875 L37.5 175.82000732421875 C37.5 182.26600646972656 42.77299880981445 187.53900146484375 49.21900177001953 187.53900146484375 L150.80099487304688 187.53900146484375 C157.24600219726562 187.53900146484375 162.52000427246094 182.26600646972656 162.52000427246094 175.82000732421875 L162.52000427246094 24.25799560546875 C162.53900146484375 17.811996459960938 157.26600646972656 12.53900146484375 150.82000732421875 12.53900146484375 Z M130.42999267578125 112.24600219726562 L125.83999633789062 120.19499969482422 C125.21499633789062 121.2699966430664 123.8479995727539 121.64099884033203 122.77300262451172 121.01599884033203 L118.2229995727539 118.37899780273438 C117.4219970703125 117.93000030517578 116.4260025024414 117.98799896240234 115.7229995727539 118.5739974975586 C113.51599884033203 120.31199645996094 111.03500366210938 121.68000030517578 108.33999633789062 122.61699676513672 C107.44100189208984 122.93000030517578 106.8550033569336 123.78900146484375 106.8550033569336 124.72699737548828 L106.8550033569336 130.23399353027344 C106.8550033569336 131.46499633789062 105.85900115966797 132.47999572753906 104.60900115966797 132.47999572753906 L95.4489974975586 132.47999572753906 C94.21900177001953 132.47999572753906 93.2030029296875 131.48399353027344 93.2030029296875 130.23399353027344 L93.2030029296875 124.78500366210938 C93.2030029296875 123.8280029296875 92.5979995727539 122.96900177001953 91.6989974975586 122.6760025024414 C88.96499633789062 121.75800323486328 86.44499969482422 120.37100219726562 84.21900177001953 118.63300323486328 C83.49600219726562 118.06600189208984 82.5199966430664 117.98799896240234 81.71900177001953 118.45700073242188 L77.24600219726562 121.03500366210938 C76.1719970703125 121.66000366210938 74.80500030517578 121.28900146484375 74.18000030517578 120.21499633789062 L69.58999633789062 112.26599884033203 C68.96499633789062 111.19100189208984 69.33599853515625 109.8239974975586 70.41000366210938 109.1989974975586 L74.00399780273438 107.10900115966797 C74.86299896240234 106.60199737548828 75.31199645996094 105.58599853515625 75.0780029296875 104.62899780273438 C74.56999969482422 102.63700103759766 74.31600189208984 100.56600189208984 74.31600189208984 98.41799926757812 C74.31600189208984 97.20700073242188 74.3949966430664 95.99600219726562 74.56999969482422 94.8239974975586 C74.68800354003906 93.9260025024414 74.2770004272461 93.0270004272461 73.47699737548828 92.55899810791016 L70.39099884033203 90.78099822998047 C69.31600189208984 90.15599822998047 68.94499969482422 88.78900146484375 69.56999969482422 87.71499633789062 L74.16000366210938 79.78500366210938 C74.78500366210938 78.71099853515625 76.1520004272461 78.33999633789062 77.22699737548828 78.96499633789062 L79.53099822998047 80.29299926757812 C80.39099884033203 80.78099822998047 81.48400115966797 80.66400146484375 82.18800354003906 79.9800033569336 C84.86299896240234 77.4219970703125 88.08599853515625 75.43000030517578 91.66000366210938 74.1989974975586 C92.55899810791016 73.88700103759766 93.16400146484375 73.0270004272461 93.16400146484375 72.06999969482422 L93.16400146484375 69.74600219726562 C93.16400146484375 68.51599884033203 94.16000366210938 67.5 95.41000366210938 67.5 L104.56999969482422 67.5 C105.8010025024414 67.5 106.81600189208984 68.49600219726562 106.81600189208984 69.74600219726562 L106.81600189208984 72.12899780273438 C106.81600189208984 73.08599853515625 107.4020004272461 73.9260025024414 108.3010025024414 74.23799896240234 C111.8550033569336 75.46900177001953 115.03900146484375 77.46099853515625 117.69499969482422 80.0 C118.41799926757812 80.68399810791016 119.51200103759766 80.81999969482422 120.35199737548828 80.31199645996094 L122.77300262451172 78.9260025024414 C123.8479995727539 78.3010025024414 125.21499633789062 78.6719970703125 125.83999633789062 79.74600219726562 L130.42999267578125 87.69499969482422 C131.05499267578125 88.7699966430664 130.6840057373047 90.13700103759766 129.60899353027344 90.76200103759766 L126.38700103759766 92.63700103759766 C125.58599853515625 93.08599853515625 125.15599822998047 93.98400115966797 125.29299926757812 94.88300323486328 C125.4489974975586 96.03500366210938 125.5469970703125 97.22699737548828 125.5469970703125 98.43800354003906 C125.5469970703125 100.5469970703125 125.29299926757812 102.5979995727539 124.80500030517578 104.5510025024414 C124.56999969482422 105.50800323486328 125.0199966430664 106.50399780273438 125.85900115966797 107.01200103759766 L129.62899780273438 109.1989974975586 C130.66400146484375 109.80500030517578 131.03500366210938 111.1719970703125 130.42999267578125 112.24600219726562 Z""></path></svg>"
18626b764590055f2aae6292fd38df50,"<svg xmlns=""http://www.w3.org/2000/svg"" viewBox=""0.0 0.0 200.0 200.0"" height=""200.0px"" width=""200.0px""><path fill=""#000000"" fill-opacity=""1.0""  filling=""0"" d=""M128.33242797851562 0.0 C138.3074188232422 0.0 146.39004516601562 8.140037536621094 146.39004516601562 18.182418823242188 L155.4150390625 18.182418823242188 C170.375 18.182418823242188 182.5 30.392578125 182.5 45.455074310302734 L182.5 172.72500610351562 C182.5 187.7900390625 170.375 200.0 155.41757202148438 200.0 L47.08242416381836 200.0 C32.125 200.0 20.0 187.7900390625 20.0 172.72500610351562 L20.0 45.45742416381836 C20.0 30.394920349121094 32.125 18.182418823242188 47.08242416381836 18.182418823242188 L56.10995864868164 18.182418823242188 C56.10995864868164 8.142578125 64.1949234008789 0.0 74.1675796508789 0.0 L128.33242797851562 0.0 Z M56.10995864868164 36.36249923706055 L47.084964752197266 36.36249923706055 C42.09746170043945 36.36249923706055 38.05507278442383 40.43495559692383 38.05507278442383 45.455074310302734 L38.05507278442383 172.72500610351562 C38.05507278442383 177.74493408203125 42.09746170043945 181.81503295898438 47.08242416381836 181.81503295898438 L155.41757202148438 181.81503295898438 C160.40252685546875 181.81503295898438 164.44256591796875 177.74493408203125 164.44256591796875 172.72500610351562 L164.44256591796875 45.44999694824219 C164.44256591796875 40.43242263793945 160.40252685546875 36.35995864868164 155.41757202148438 36.35995864868164 L146.39004516601562 36.35995864868164 C146.39004516601562 46.40253829956055 138.30508422851562 54.54257583618164 128.33242797851562 54.54257583618164 L74.1675796508789 54.54257583618164 C64.19257354736328 54.54257583618164 56.10995864868164 46.40253829956055 56.10995864868164 36.35995864868164 L56.10995864868164 36.36249923706055 Z M128.3349609375 18.182418823242188 L74.1650390625 18.182418823242188 L74.1650390625 36.36249923706055 L128.330078125 36.36249923706055 L128.330078125 18.182418823242188 L128.3349609375 18.182418823242188 Z""></path></svg>"
af5c92c5dd805ba882bf2cf71f1c0da5,"<svg xmlns=""http://www.w3.org/2000/svg"" viewBox=""0.0 0.0 200.0 200.0"" height=""200.0px"" width=""200.0px""><path fill="""" fill-opacity=""1.0""  filling=""0"" d=""M164.31640625 37.460933685302734 L35.6640625 37.460933685302734 C22.890625 37.460933685302734 12.5 47.65625 12.5 60.17578125 L12.5 139.70703125 C12.5 152.24609375 22.890625 162.421875 35.6640625 162.421875 L164.31640625 162.421875 C177.08984375 162.421875 187.48046875 152.2265625 187.48046875 139.70703125 L187.48046875 60.17578125 C187.48046875 47.65625 177.08984375 37.460933685302734 164.31640625 37.460933685302734 Z M178.828125 139.7265625 C178.828125 142.265625 178.14453125 144.6484375 176.953125 146.69921875 L140.9375 114.47264862060547 C139.1796875 112.890625 136.42578125 113.00780487060547 134.82421875 114.74609375 C133.203125 116.484375 133.33984375 119.16015625 135.09765625 120.7421875 L170.625 152.5390625 C168.7109375 153.45703125 166.58203125 153.96484375 164.31640625 153.96484375 L35.6640625 153.96484375 C33.4375 153.96484375 31.328125 153.4765625 29.453125 152.59765625 L64.90234375 120.859375 C66.66015625 119.27734375 66.796875 116.6015625 65.17578125 114.86327362060547 C63.5546875 113.125 60.8203125 113.00780487060547 59.0625 114.58984375 L23.06640625 146.796875 C21.8359375 144.70703125 21.15234375 142.3046875 21.15234375 139.7265625 L21.15234375 60.17578125 C21.15234375 57.382808685302734 21.97265625 54.78515625 23.3984375 52.578128814697266 L60.72265625 82.421875 C62.578125 83.90625 65.3125 83.6328125 66.81640625 81.81640625 C68.3203125 80.0 68.046875 77.32421875 66.19140625 75.83984375 L30.13671875 47.011722564697266 C31.8359375 46.328128814697266 33.7109375 45.937503814697266 35.6640625 45.937503814697266 L164.31640625 45.937503814697266 C166.30859375 45.937503814697266 168.203125 46.328128814697266 169.94140625 47.05078125 L133.80859375 75.91796875 C131.953125 77.40234375 131.6796875 80.078125 133.18359375 81.89453125 C134.6875 83.7109375 137.421875 83.984375 139.27734375 82.5 L176.62109375 52.63671875 C178.0078125 54.824222564697266 178.828125 57.40234375 178.828125 60.15625 L178.828125 139.7265625 Z M109.86328125 83.359375 C111.09375 83.359375 112.05078125 84.39453125 111.953125 85.5859375 C111.01563262939453 96.25 110.56639862060547 101.796875 110.56639862060547 102.22657012939453 C110.56639862060547 106.69921875 111.875 108.92578125 114.47264862060547 108.92578125 C116.89453125 108.92578125 118.88671875 107.63671112060547 120.46875 105.0390625 C122.05078125 102.46092987060547 122.83203125 99.08203125 122.83203125 94.94140625 C122.83203125 88.88671875 120.87890625 83.92578125 116.953125 80.078125 C113.02734375 76.23046875 107.6171875 74.31640625 100.68359375 74.31640625 C93.92578125 74.31640625 88.33984375 76.640625 83.90625 81.26953125 C79.47265625 85.8984375 77.265625 91.69921875 77.265625 98.65234375 C77.265625 105.46875 79.3359375 110.9375 83.49609375 115.09765625 C87.63671875 119.2578125 93.30078125 121.328125 100.44921875 121.328125 C104.78515625 121.328125 108.69140625 120.76171875 112.109375 119.62890625 C113.45703887939453 119.1796875 114.86327362060547 120.17578125 114.86327362060547 121.58203125 C114.86327362060547 122.44140625 114.31640625 123.22265625 113.49608612060547 123.515625 C109.78514862060547 124.82421875 105.29296112060547 125.46875 100.01952362060547 125.46875 C91.69921875 125.46875 84.98046875 123.0078125 79.86328125 118.10546875 C74.74609375 113.20311737060547 72.1875 106.77734375 72.1875 98.84765625 C72.1875 90.64453125 74.86328125 83.828125 80.234375 78.3984375 C85.60546875 72.96875 92.48046875 70.25390625 100.85938262939453 70.25390625 C108.69140625 70.25390625 115.15624237060547 72.51953125 120.25390625 77.03125 C125.3515625 81.54296875 127.890625 87.421875 127.890625 94.66796875 C127.890625 100.05859375 126.5234375 104.47266387939453 123.7890625 107.89063262939453 C121.0546875 111.30860137939453 117.71484375 113.00780487060547 113.78905487060547 113.00780487060547 C108.76953887939453 113.00780487060547 106.25 110.41015625 106.19140625 105.19530487060547 L106.0546875 105.19530487060547 C104.35546875 110.41015625 101.11328125 113.00780487060547 96.328125 113.00780487060547 C93.22265625 113.00780487060547 90.68359375 111.89453887939453 88.75 109.64844512939453 C86.81640625 107.40235137939453 85.83984375 104.35546875 85.83984375 100.48828125 C85.83984375 95.4296875 87.16796875 91.2109375 89.84375 87.87109375 C92.51953125 84.53125 95.95703125 82.8515625 100.15625 82.8515625 C101.81640625 82.8515625 103.28125 83.26171875 104.55078125 84.08203125 C105.83985137939453 84.90234375 106.640625 85.91796875 106.97265625 87.1484375 L107.10938262939453 87.1484375 C107.12890625 87.08984375 107.1875 86.4453125 107.28515625 85.234375 C107.3828125 84.1796875 108.28125762939453 83.359375 109.375 83.359375 L109.86328125 83.359375 Z M91.03515625 100.52734375 C91.03515625 103.04686737060547 91.58203125 105.05860137939453 92.67578125 106.58203125 C93.76953125 108.10546875 95.3125 108.86719512939453 97.32421875 108.86719512939453 C100.09765625 108.86719512939453 102.28515625 107.50000762939453 103.88672637939453 104.78515625 C105.48827362060547 102.07030487060547 106.2890625 98.4765625 106.2890625 94.00390625 C106.2890625 89.31640625 104.27735137939453 86.97265625 100.25390625 86.97265625 C97.51953125 86.97265625 95.3125 88.28125 93.59375 90.8984375 C91.89453125 93.515625 91.03515625 96.73828125 91.03515625 100.52734375 Z""></path></svg>"
6514c1d3e873cde2d0b364aa72b94b03,"<svg xmlns=""http://www.w3.org/2000/svg"" viewBox=""0.0 0.0 200.0 200.0"" height=""200.0px"" width=""200.0px""><path fill=""#5282C3"" fill-opacity=""1.0""  filling=""0"" d=""M47.33700180053711 148.85400390625 C38.30699920654297 148.85400390625 30.899002075195312 156.19000244140625 30.899002075195312 165.29100036621094 C30.899002075195312 174.3209991455078 38.236000061035156 181.72799682617188 47.33700180053711 181.72799682617188 C56.367000579833984 181.72799682617188 63.77399826049805 174.39199829101562 63.77399826049805 165.29100036621094 C63.77399826049805 156.26100158691406 56.367000579833984 148.85400390625 47.33700180053711 148.85400390625 Z M47.33700180053711 174.6739959716797 C42.1870002746582 174.6739959716797 37.95399856567383 170.4409942626953 37.95399856567383 165.29100036621094 C37.95399856567383 160.14100646972656 42.1870002746582 155.9080047607422 47.33700180053711 155.9080047607422 C52.48699951171875 155.9080047607422 56.720001220703125 160.14100646972656 56.720001220703125 165.29100036621094 C56.720001220703125 170.4409942626953 52.48699951171875 174.6739959716797 47.33700180053711 174.6739959716797 Z M121.83399963378906 148.85400390625 C112.80400085449219 148.85400390625 105.39700317382812 156.19000244140625 105.39700317382812 165.29100036621094 C105.39700317382812 174.3209991455078 112.73400115966797 181.72799682617188 121.83399963378906 181.72799682617188 C130.86399841308594 181.72799682617188 138.27200317382812 174.39199829101562 138.27200317382812 165.29100036621094 C138.27200317382812 156.26100158691406 130.93499755859375 148.85400390625 121.83399963378906 148.85400390625 Z M121.83399963378906 174.6739959716797 C116.68399810791016 174.6739959716797 112.4520034790039 170.4409942626953 112.4520034790039 165.29100036621094 C112.4520034790039 160.14100646972656 116.68399810791016 155.9080047607422 121.83399963378906 155.9080047607422 C126.98400115966797 155.9080047607422 131.2169952392578 160.14100646972656 131.2169952392578 165.29100036621094 C131.2169952392578 170.4409942626953 127.05500030517578 174.6739959716797 121.83399963378906 174.6739959716797 Z M45.78499984741211 72.52200317382812 L124.3740005493164 72.52200317382812 L124.3740005493164 79.5770034790039 L45.78499984741211 79.5770034790039 L45.78499984741211 72.52200317382812 Z M50.65299987792969 95.0260009765625 L119.64700317382812 95.0260009765625 L119.64700317382812 102.08100128173828 L50.65299987792969 102.08100128173828 L50.65299987792969 95.0260009765625 Z M58.34199905395508 115.55500030517578 L111.95800018310547 115.55500030517578 L111.95800018310547 122.61000061035156 L58.34199905395508 122.61000061035156 L58.34199905395508 115.55500030517578 Z""></path>
<path fill=""#5282C3"" fill-opacity=""1.0""  filling=""0"" d=""M185.75 19.259002685546875 C185.53799438476562 19.259002685546875 185.3260040283203 19.259002685546875 185.04400634765625 19.330001831054688 L163.2449951171875 21.445999145507812 L149.3470001220703 49.17100143432617 L149.5590057373047 49.3120002746582 L19.75299835205078 49.3120002746582 C16.790000915527344 49.3120002746582 14.180000305175781 50.512001037597656 12.48699951171875 52.698001861572266 C10.793998718261719 54.814998626708984 10.300003051757812 57.707000732421875 11.004997253417969 60.52899932861328 L30.053001403808594 135.4499969482422 C31.39299774169922 140.74099731445312 36.755001068115234 144.9739990234375 42.25699996948242 144.9739990234375 L125.99600219726562 144.9739990234375 C131.4290008544922 144.9739990234375 136.86099243164062 140.8820037841797 138.3419952392578 135.59100341796875 L159.01199340820312 60.599998474121094 C159.78799438476562 57.77799987792969 159.2949981689453 54.8849983215332 157.6719970703125 52.698001861572266 C157.24899291992188 52.13399887084961 156.7550048828125 51.63999938964844 156.19000244140625 51.21699905395508 L167.75999450683594 28.14800262451172 L185.75 26.38500213623047 C187.72500610351562 26.38500213623047 189.27699279785156 24.832000732421875 189.27699279785156 22.85700225830078 C189.27699279785156 20.811004638671875 187.6540069580078 19.259002685546875 185.75 19.259002685546875 Z M152.24000549316406 58.624000549316406 L131.57000732421875 133.61500549316406 C130.93499755859375 135.80299377441406 128.3249969482422 137.84800720214844 126.06700134277344 137.84800720214844 L42.25699996948242 137.84800720214844 C40.0 137.84800720214844 37.459999084472656 135.8730010986328 36.895999908447266 133.68600463867188 L17.847999572753906 58.76499938964844 C17.637001037597656 58.060001373291016 17.707000732421875 57.354000091552734 18.05999755859375 57.00199890136719 C18.413002014160156 56.57899856567383 18.97699737548828 56.367000579833984 19.75299835205078 56.367000579833984 L150.406005859375 56.367000579833984 C151.1820068359375 56.367000579833984 151.74600219726562 56.57899856567383 152.0279998779297 57.00199890136719 C152.38099670410156 57.284000396728516 152.45199584960938 57.91899871826172 152.24000549316406 58.624000549316406 Z""></path></svg>"
85a815b47e2f89ffeb68de032151f56d,"<svg xmlns=""http://www.w3.org/2000/svg"" viewBox=""0.0 0.0 200.0 200.0"" height=""200.0px"" width=""200.0px""><path fill=""currentColor"" fill-opacity=""1.0""  filling=""0"" d=""M161.39999389648438 91.83300018310547 C162.26699829101562 89.03299713134766 162.73300170898438 86.03299713134766 162.73300170898438 83.0999984741211 C162.73300170898438 66.5 149.1999969482422 53.03300094604492 132.5330047607422 53.03300094604492 A30.0 30.0 0.0 0 0 114.5999984741211 58.96699905395508 A33.46699905395508 33.46699905395508 0.0 0 0 87.66699981689453 45.5 C69.06700134277344 45.5 53.867000579833984 60.70000076293945 53.867000579833984 79.30000305175781 L53.867000579833984 79.56700134277344 A37.619998931884766 37.619998931884766 0.0 0 0 20.0 116.96700286865234 C20.0 137.6999969482422 36.867000579833984 154.5 57.53300094604492 154.5 L146.8000030517578 154.5 C165.13299560546875 154.5 180.0 139.6999969482422 180.0 121.5 C180.0 108.83300018310547 172.5330047607422 97.36699676513672 161.39999389648438 91.83300018310547 Z M106.19999694824219 127.0999984741211 C106.53299713134766 128.83299255371094 105.26699829101562 130.36700439453125 103.53299713134766 130.36700439453125 L86.53299713134766 130.36700439453125 C84.80000305175781 130.36700439453125 83.46700286865234 128.83299255371094 83.80000305175781 127.0999984741211 L87.4000015258789 108.36699676513672 C82.73300170898438 105.76699829101562 79.5999984741211 100.76699829101562 79.5999984741211 95.03299713134766 C79.5999984741211 86.5 86.53299713134766 79.63300323486328 95.0 79.63300323486328 C103.53299713134766 79.63300323486328 110.46700286865234 86.5 110.46700286865234 95.03299713134766 C110.46700286865234 100.69999694824219 107.33300018310547 105.76699829101562 102.66699981689453 108.36699676513672 L106.19999694824219 127.0999984741211 Z""></path></svg>"
8f92d1229080b7ce7b1fcec21cb213db,"<svg xmlns=""http://www.w3.org/2000/svg"" viewBox=""0.0 0.0 200.0 200.0"" height=""200.0px"" width=""200.0px""><path fill=""#231815"" fill-opacity=""1.0""  filling=""0"" d=""M176.7969970703125 66.36699676513672 L135.13699340820312 24.707000732421875 C134.88299560546875 24.4530029296875 134.57000732421875 24.33599853515625 134.23800659179688 24.33599853515625 C133.906005859375 24.33599853515625 133.593994140625 24.4530029296875 133.33999633789062 24.707000732421875 L84.76599884033203 73.28099822998047 C84.2770004272461 73.7699966430664 84.2770004272461 74.56999969482422 84.76599884033203 75.05899810791016 L101.19100189208984 91.48400115966797 L93.16400146484375 99.49199676513672 L76.73799896240234 83.06600189208984 C76.48400115966797 82.81199645996094 76.1719970703125 82.69499969482422 75.85900115966797 82.69499969482422 C75.5469970703125 82.69499969482422 75.21499633789062 82.81199645996094 74.9800033569336 83.06600189208984 L26.36700439453125 131.66000366210938 C25.878997802734375 132.1479949951172 25.878997802734375 132.94900512695312 26.36700439453125 133.43800354003906 L68.0469970703125 175.11700439453125 C68.3010025024414 175.37100219726562 68.61299896240234 175.48800659179688 68.9260025024414 175.48800659179688 C69.23799896240234 175.48800659179688 69.56999969482422 175.37100219726562 69.80500030517578 175.11700439453125 L118.39800262451172 126.52300262451172 C118.88700103759766 126.03500366210938 118.88700103759766 125.23400115966797 118.39800262451172 124.74600219726562 L101.9729995727539 108.31999969482422 L110.0 100.29299926757812 L126.4260025024414 116.71900177001953 C126.68000030517578 116.9729995727539 126.99199676513672 117.08999633789062 127.30500030517578 117.08999633789062 C127.61699676513672 117.08999633789062 127.9489974975586 116.9729995727539 128.1840057373047 116.71900177001953 L176.77699279785156 68.125 C177.28500366210938 67.65599822998047 177.28500366210938 66.8550033569336 176.7969970703125 66.36699676513672 Z M101.62100219726562 125.6449966430664 L68.94499969482422 158.32000732421875 L43.16400146484375 132.53900146484375 L75.85900115966797 99.84400177001953 L84.33599853515625 108.31999969482422 L74.3550033569336 118.3010025024414 L83.2030029296875 127.14800262451172 L93.18399810791016 117.16799926757812 L101.62100219726562 125.6449966430664 Z M127.3239974975586 99.94100189208984 L118.8479995727539 91.46499633789062 L128.8280029296875 81.48400115966797 L120.0 72.65599822998047 L110.0199966430664 82.63700103759766 L101.54299926757812 74.16000366210938 L134.23800659179688 41.46500015258789 L160.02000427246094 67.24600219726562 L127.3239974975586 99.94100189208984 Z""></path></svg>"
1bfff390-28ce-4d73-85d4-0c58113fdd88,"<svg xmlns=""http://www.w3.org/2000/svg"" viewBox=""0.0 0.0 200.0 200.0"" height=""200.0px"" width=""200.0px""><path fill=""#474747"" fill-opacity=""1.0""  filling=""0"" d=""M149.41400146484375 12.109001159667969 C155.88600158691406 12.109001159667969 161.13299560546875 17.356002807617188 161.13299560546875 23.8280029296875 L161.13299560546875 78.90599822998047 L176.1719970703125 78.90599822998047 C182.57899475097656 78.90599822998047 187.78599548339844 84.0479965209961 187.89100646972656 90.43099975585938 L187.89100646972656 162.69500732421875 C187.89100646972656 169.10299682617188 182.7480010986328 174.3090057373047 176.36599731445312 174.41299438476562 L176.1719970703125 174.41400146484375 L150.39100646972656 174.41400146484375 L150.39100646972656 176.1719970703125 C150.39100646972656 182.57899475097656 145.2480010986328 187.78599548339844 138.86599731445312 187.88900756835938 L138.6719970703125 187.89100646972656 L61.327999114990234 187.89100646972656 C54.85599899291992 187.89100646972656 49.60900115966797 182.6439971923828 49.60900115966797 176.1719970703125 L49.60900115966797 174.41400146484375 L23.8280029296875 174.41400146484375 C17.420997619628906 174.41400146484375 12.213996887207031 169.27200317382812 12.109001159667969 162.88900756835938 L12.109001159667969 90.625 C12.109001159667969 84.21800231933594 17.251998901367188 79.01100158691406 23.634002685546875 78.90799713134766 L23.8280029296875 78.90599822998047 L38.867000579833984 78.90599822998047 L38.867000579833984 23.8280029296875 C38.867000579833984 17.420997619628906 44.00899887084961 12.213996887207031 50.391998291015625 12.111000061035156 L50.58599853515625 12.109001159667969 L149.41400146484375 12.109001159667969 Z M136.3280029296875 160.93800354003906 L63.672000885009766 160.93800354003906 L63.672000885009766 173.8280029296875 L136.3280029296875 173.8280029296875 L136.3280029296875 160.93800354003906 Z M173.8280029296875 92.96900177001953 L26.1719970703125 92.96900177001953 L26.1719970703125 160.3520050048828 L49.60900115966797 160.3520050048828 L49.60900115966797 158.593994140625 C49.60900115966797 152.18600463867188 54.75199890136719 146.97999572753906 61.13399887084961 146.8769989013672 L61.327999114990234 146.875 L138.6719970703125 146.875 C145.1439971923828 146.875 150.39100646972656 152.1219940185547 150.39100646972656 158.593994140625 L150.39100646972656 160.3520050048828 L173.8280029296875 160.3520050048828 L173.8280029296875 92.96900177001953 Z M147.07000732421875 26.1719970703125 L52.93000030517578 26.1719970703125 L52.93000030517578 78.90599822998047 L147.07000732421875 78.90599822998047 L147.07000732421875 26.1719970703125 Z""></path>
<path fill=""#1B69FD"" fill-opacity=""1.0""  filling=""0"" d=""M50.58599853515625 100.0 L50.58599853515625 115.625 L34.96099853515625 115.625 L34.96099853515625 100.0 L50.58599853515625 100.0 Z""></path></svg>"
7768eaa8d8a3f4de8d722af327e6e4fa,"<svg xmlns=""http://www.w3.org/2000/svg"" viewBox=""0.0 0.0 200.0 200.0"" height=""200.0px"" width=""200.0px""><path fill=""#040000"" fill-opacity=""1.0""  filling=""0"" d=""M100.0 12.5 C41.660152435302734 12.5 12.5 41.6796875 12.5 100.0 C12.5 158.3203125 41.660152435302734 187.5 100.0 187.5 C158.33984375 187.5 187.5 158.33984375 187.5 100.0 C187.5 41.660152435302734 158.33984375 12.5 100.0 12.5 Z M107.96875 169.2578125 C108.203125 168.4765625 108.33984375 167.65625 108.33984375 166.81640625 L108.33984375 138.59375 C108.33984375 134.08203125 104.6875 130.4296875 100.17578887939453 130.4296875 C95.6640625 130.4296875 92.01171875 134.08203125 92.01171875 138.59375 L92.01171875 166.81640625 C92.01171875 167.67578125 92.1484375 168.49609375 92.3828125 169.27734375 C53.33984375 166.953125 32.7734375 146.15234375 30.6640625 106.89453125 C31.19140625 107.01172637939453 31.73828125 107.05077362060547 32.3046875 107.05077362060547 L60.507808685302734 107.05077362060547 C65.01953125 107.05077362060547 68.671875 103.39844512939453 68.671875 98.88671875 C68.671875 94.375 65.01953125 90.72265625 60.507808685302734 90.72265625 L32.3046875 90.72265625 C31.796875 90.72265625 31.2890625 90.78125 30.8203125 90.859375 C33.57421875 53.164066314697266 53.964839935302734 33.125 92.03125 30.72265625 L92.03125 59.1796875 C92.03125 63.69140625 95.68359375 67.34375 100.1953125 67.34375 C104.70702362060547 67.34375 108.359375 63.69140625 108.359375 59.1796875 L108.359375 30.9765625 L108.359375 30.76171875 C146.1328125 33.26171875 166.40625 53.261722564697266 169.16015625 90.80078125 C168.828125 90.76171875 168.4765625 90.7421875 168.125 90.7421875 L139.94140625 90.7421875 C135.4296875 90.7421875 131.77734375 94.39453125 131.77734375 98.90625 C131.77734375 103.41796875 135.4296875 107.0703125 139.94140625 107.0703125 L168.14453125 107.0703125 C168.53515625 107.0703125 168.92578125 107.03125 169.31640625 106.9921875 C167.1875 146.0546875 146.73828125 166.81640625 107.96875 169.2578125 Z""></path></svg>"
959e0c49460d7355330faa5fc6966fa6,"<svg xmlns=""http://www.w3.org/2000/svg"" viewBox=""0.0 0.0 200.0 200.0"" height=""200.0px"" width=""200.0px""><path fill=""#29332B"" fill-opacity=""1.0""  filling=""0"" d=""M100.08100128173828 0.5199966430664062 C37.02199935913086 -0.30500030517578125 -2.7809982299804688 39.2130012512207 0.7939987182617188 99.52999877929688 C2.78900146484375 159.7570037841797 42.59299850463867 199.8470001220703 100.08100128173828 199.09300231933594 C157.5679931640625 199.8470001220703 197.37100219726562 159.7570037841797 199.36700439453125 99.52999877929688 C202.94200134277344 39.2130012512207 163.13800048828125 -0.305999755859375 100.08100128173828 0.5199966430664062 Z M100.08100128173828 124.4990005493164 C86.46099853515625 124.51100158691406 75.41999816894531 113.45099639892578 75.25900268554688 99.65899658203125 C75.0719985961914 85.86499786376953 86.11299896240234 74.84300231933594 100.08100128173828 74.8550033569336 C114.0479965209961 74.84300231933594 125.08799743652344 85.86499786376953 124.90299987792969 99.65899658203125 C124.74099731445312 113.45099639892578 113.6989974975586 124.51100158691406 100.08100128173828 124.4990005493164 Z""></path></svg>"
86eb9093f8e49aba9fee562bd0701ed4,"<svg xmlns=""http://www.w3.org/2000/svg"" viewBox=""0.0 0.0 200.0 200.0"" height=""200.0px"" width=""200.0px""><path fill=""#FFCD00"" fill-opacity=""1.0""  filling=""0"" d=""M175.33200073242188 106.38700103759766 L147.69500732421875 106.38700103759766 C144.76600646972656 106.38700103759766 142.38299560546875 104.00399780273438 142.38299560546875 101.0739974975586 L142.38299560546875 98.94499969482422 C142.38299560546875 96.01599884033203 144.76600646972656 93.63300323486328 147.69500732421875 93.63300323486328 L175.33200073242188 93.63300323486328 C178.26199340820312 93.63300323486328 180.64500427246094 96.01599884033203 180.64500427246094 98.94499969482422 L180.64500427246094 101.0739974975586 C180.64500427246094 104.00399780273438 178.26199340820312 106.38700103759766 175.33200073242188 106.38700103759766 Z M140.156005859375 69.94100189208984 C138.08599853515625 72.01200103759766 134.70700073242188 72.01200103759766 132.63699340820312 69.94100189208984 L131.13299560546875 68.43800354003906 C129.06199645996094 66.36699676513672 129.06199645996094 62.987998962402344 131.13299560546875 60.917999267578125 L150.6840057373047 41.367000579833984 C152.75399780273438 39.297000885009766 156.13299560546875 39.297000885009766 158.2030029296875 41.367000579833984 L159.70700073242188 42.87099838256836 C161.77699279785156 44.941001892089844 161.77699279785156 48.31999969482422 159.70700073242188 50.39099884033203 L140.156005859375 69.94100189208984 Z M101.21099853515625 59.60900115966797 L99.08200073242188 59.60900115966797 C96.1520004272461 59.60900115966797 93.7699966430664 57.22700119018555 93.7699966430664 54.297000885009766 L93.7699966430664 26.64099884033203 C93.7699966430664 23.71099853515625 96.1520004272461 21.3280029296875 99.08200073242188 21.3280029296875 L101.21099853515625 21.3280029296875 C104.14099884033203 21.3280029296875 106.52300262451172 23.71099853515625 106.52300262451172 26.64099884033203 L106.52300262451172 54.297000885009766 C106.52300262451172 57.22700119018555 104.16000366210938 59.60900115966797 101.21099853515625 59.60900115966797 Z M67.53900146484375 69.94100189208984 C65.4489974975586 72.01200103759766 62.09000015258789 72.01200103759766 60.0 69.94100189208984 L40.39099884033203 50.39099884033203 C38.31999969482422 48.31999969482422 38.31999969482422 44.941001892089844 40.39099884033203 42.87099838256836 L41.89500045776367 41.367000579833984 C43.98400115966797 39.297000885009766 47.34400177001953 39.297000885009766 49.433998107910156 41.367000579833984 L69.04299926757812 60.917999267578125 C71.11299896240234 62.987998962402344 71.13300323486328 66.3479995727539 69.06199645996094 68.41799926757812 L69.04299926757812 68.43800354003906 L67.53900146484375 69.94100189208984 Z M57.75400161743164 98.94499969482422 L57.75400161743164 101.0739974975586 C57.75400161743164 104.00399780273438 55.37099838256836 106.38700103759766 52.441001892089844 106.38700103759766 L24.688003540039062 106.38700103759766 C21.75799560546875 106.40599822998047 19.354995727539062 104.02300262451172 19.354995727539062 101.09400177001953 L19.354995727539062 98.94499969482422 C19.354995727539062 96.01599884033203 21.737998962402344 93.63300323486328 24.667999267578125 93.63300323486328 L52.422000885009766 93.63300323486328 C55.37099838256836 93.61299896240234 57.75400161743164 95.97699737548828 57.75400161743164 98.94499969482422 C57.75400161743164 98.9260025024414 57.75400161743164 98.9260025024414 57.75400161743164 98.94499969482422 Z M60.0 130.0590057373047 C62.09000015258789 127.98799896240234 65.4489974975586 127.98799896240234 67.53900146484375 130.0590057373047 L69.04299926757812 131.56199645996094 C71.11299896240234 133.63299560546875 71.13300323486328 136.99200439453125 69.06199645996094 139.06199645996094 L69.04299926757812 139.08200073242188 L49.433998107910156 158.63299560546875 C47.34400177001953 160.7030029296875 43.98400115966797 160.7030029296875 41.89500045776367 158.63299560546875 L40.39099884033203 157.12899780273438 C38.31999969482422 155.0590057373047 38.30099868774414 151.69900512695312 40.37099838256836 149.62899780273438 L40.39099884033203 149.60899353027344 L60.0 130.0590057373047 Z M99.08200073242188 140.39100646972656 L101.25 140.39100646972656 C104.18000030517578 140.39100646972656 106.56199645996094 142.7729949951172 106.56199645996094 145.7030029296875 L106.56199645996094 173.33999633789062 C106.56199645996094 176.27000427246094 104.18000030517578 178.65199279785156 101.25 178.65199279785156 L99.08200073242188 178.65199279785156 C96.1520004272461 178.65199279785156 93.7699966430664 176.27000427246094 93.7699966430664 173.33999633789062 L93.7699966430664 145.7030029296875 C93.7699966430664 142.7729949951172 96.1520004272461 140.39100646972656 99.08200073242188 140.39100646972656 Z M132.7729949951172 130.0590057373047 C134.86300659179688 127.98799896240234 138.22300720214844 127.98799896240234 140.31199645996094 130.0590057373047 L159.9219970703125 149.60899353027344 C161.99200439453125 151.67999267578125 161.99200439453125 155.0590057373047 159.9219970703125 157.12899780273438 L158.41799926757812 158.63299560546875 C156.3280029296875 160.7030029296875 152.968994140625 160.7030029296875 150.87899780273438 158.63299560546875 L131.25 139.08200073242188 C129.17999267578125 137.01199340820312 129.16000366210938 133.65199279785156 131.22999572753906 131.58200073242188 L131.25 131.56199645996094 L132.7729949951172 130.0590057373047 Z M67.0510025024414 100.0 C67.0510025024414 118.2030029296875 81.7969970703125 132.968994140625 100.0 132.968994140625 C118.2030029296875 132.968994140625 132.968994140625 118.2229995727539 132.968994140625 100.0199966430664 L132.968994140625 99.9800033569336 C132.968994140625 81.7770004272461 118.2229995727539 67.03099822998047 100.0199966430664 67.01200103759766 C81.81600189208984 66.99199676513672 67.0510025024414 81.7770004272461 67.0510025024414 100.0 C67.0510025024414 99.9800033569336 67.0510025024414 100.0 67.0510025024414 100.0 Z""></path></svg>"
e9ffd3297260257322b15ba6510e836e,"<svg xmlns=""http://www.w3.org/2000/svg"" viewBox=""0.0 0.0 200.0 200.0"" height=""200.0px"" width=""200.0px""><path fill=""currentColor"" fill-opacity=""1.0""  filling=""0"" d=""M14.557998657226562 43.297000885009766 L185.22500610351562 43.297000885009766 L99.89199829101562 157.0749969482422 L14.557998657226562 43.297000885009766 Z""></path></svg>"
0fddcd7d7cc5f4e47d3593536e7f797e,"<svg xmlns=""http://www.w3.org/2000/svg"" viewBox=""0.0 0.0 200.0 200.0"" height=""200.0px"" width=""200.0px""><path fill="""" fill-opacity=""1.0""  filling=""0"" d=""M100.0 25.0 A75.0 75.0 0.0 1 0 100.0 175.0 A75.0 75.0 0.0 0 0 100.0 25.0 Z M8.337493896484375 100.0 A91.66250610351562 91.66250610351562 0.0 1 1 191.66250610351562 100.0 A91.66250610351562 91.66250610351562 0.0 0 1 8.337493896484375 100.0 Z M66.66250610351562 66.66250610351562 L133.33749389648438 66.66250610351562 L133.33749389648438 133.32501220703125 L66.66250610351562 133.32501220703125 L66.66250610351562 66.66250610351562 Z""></path></svg>"
58851b06-b2b9-4a7e-96f4-c057ecfcb03e,"<svg fill=""none"" height=""128"" viewBox=""0 0 15 15"" width=""128"" xmlns=""http://www.w3.org/2000/svg""><g fill=""#000000""><path d=""m7.5 0c-1.93 0-3.5 1.57-3.5 3.5s1.57 3.5 3.5 3.5 3.5-1.57 3.5-3.5-1.57-3.5-3.5-3.5z""/><path d=""m5.5 8.99c-1.93 0-3.5 1.57-3.5 3.5v2.5h11v-2.5c0-1.93-1.57-3.5-3.5-3.5z""/></g></svg>"
afc35e09-e0b3-4005-85a6-5b9ea92ffc44,"<svg fill=""none"" height=""128"" viewBox=""0 0 24 24"" width=""128"" xmlns=""http://www.w3.org/2000/svg""><path d=""m18.82 13.33-5.33 5.99c-.79.89-2.19.89-2.98 0l-5.33-5.99c-.67-.76-.67-1.9 0-2.66l5.33-5.99c.79-.89 2.19-.89 2.98 0l5.33 5.99c.67.76.67 1.9 0 2.66z"" stroke=""#000000"" stroke-linecap=""round"" stroke-linejoin=""round"" stroke-width=""1.5""/></svg>"
dd69f2cfb431fdf4ced08f7255dd6970,"<svg xmlns=""http://www.w3.org/2000/svg"" viewBox=""0.0 0.0 200.0 200.0"" height=""200.0px"" width=""200.0px""><path fill=""#DD0E27"" fill-opacity=""1.0""  filling=""0"" d=""M122.36288452148438 37.52285385131836 A13.28574275970459 13.28574275970459 0.0 0 0 122.35429382324219 37.49433898925781 L75.60566711425781 37.49433898925781 C75.49433898925781 38.54277038574219 75.49140930175781 40.0771484375 75.64276885986328 42.03437423706055 L75.654296875 42.445709228515625 C75.10859680175781 73.88847351074219 58.45429992675781 93.40859985351562 26.640037536621094 100.03437805175781 C18.85723114013672 102.12577819824219 12.8115234375 98.8115234375 10.045700073242188 91.03437805175781 L9.902931213378906 90.53437805175781 C7.9599609375 81.98281860351562 10.522857666015625 75.27421569824219 17.522850036621094 71.7056655883789 L18.048629760742188 71.4371109008789 L18.62578582763672 71.31719207763672 C38.57148361206055 67.1656265258789 47.134376525878906 53.322853088378906 44.79706954956055 28.0771484375 L44.78007507324219 27.671478271484375 C44.78007507324219 14.514251708984375 51.44570541381836 7.019927978515625 63.64004135131836 7.019927978515625 L135.89999389648438 7.019927978515625 L136.4970703125 7.059959411621094 C145.9572296142578 8.351364135742188 151.8572235107422 13.648628234863281 153.1884765625 22.365623474121094 L153.2400360107422 22.697067260742188 L153.2400360107422 57.06855773925781 C153.2400360107422 58.89999771118164 153.1943359375 58.8486328125 154.3427734375 58.85136795043945 C165.9228515625 59.345703125 173.24276733398438 59.097068786621094 175.54571533203125 58.30859375 L177.18008422851562 57.75136947631836 L178.75723266601562 58.448631286621094 C193.4513702392578 64.95722961425781 194.6228485107422 76.04862976074219 182.234375 87.39434051513672 L181.37149047851562 88.18281555175781 L180.234375 88.4427719116211 C175.24862670898438 89.5771484375 165.20567321777344 90.10000610351562 149.59141540527344 90.10000610351562 C132.1199188232422 90.10000610351562 122.36288452148438 82.15995788574219 122.36288452148438 67.12284851074219 L122.36288452148438 37.52285385131836 Z M85.85722351074219 95.2056655883789 L85.85722351074219 79.7314453125 L86.5771484375 78.63143920898438 C95.41426086425781 65.14570617675781 106.4000015258789 65.14570617675781 115.2486343383789 78.6285171508789 L115.97148132324219 79.728515625 L115.97148132324219 95.2056655883789 L172.41424560546875 95.2056655883789 L172.82286071777344 95.22578430175781 C180.69140625 95.95722961425781 185.271484375 101.3970718383789 185.93710327148438 110.11152648925781 L185.962890625 110.4457015991211 L185.93438720703125 110.78007507324219 C185.2599639892578 119.6371078491211 180.47421264648438 124.9085922241211 172.41424560546875 124.9085922241211 L136.32852172851562 124.9085922241211 C149.21426391601562 138.83436584472656 165.55722045898438 149.6572265625 185.4228515625 157.3884735107422 L185.93710327148438 157.58848571777344 L186.3857421875 157.90859985351562 C193.28280639648438 162.8371124267578 194.8828125 169.7314453125 190.6628875732422 176.88848876953125 L190.49139404296875 177.154296875 C185.8056640625 183.94570922851562 178.70858764648438 186.11151123046875 170.1828155517578 183.44863891601562 C148.6115264892578 175.82852172851562 130.52578735351562 163.6943359375 115.97148132324219 147.0656280517578 L115.97148132324219 179.29141235351562 L115.95429229736328 179.6884765625 C115.24003601074219 187.61993408203125 109.88008117675781 192.28848266601562 101.25995635986328 192.96563720703125 L100.92578125 192.99432373046875 L100.59434509277344 192.96856689453125 C91.35722351074219 192.29434204101562 85.85722351074219 187.4970703125 85.85722351074219 179.29141235351562 L85.85722351074219 147.0656280517578 C69.8656234741211 164.1142578125 50.228519439697266 176.51718139648438 27.0 184.24864196777344 L26.6943359375 184.3371124267578 C18.628517150878906 186.38848876953125 12.022850036621094 183.39706420898438 8.031448364257812 175.9599609375 L7.8171844482421875 175.55996704101562 L7.6884765625 175.12286376953125 C5.5400390625 167.8486328125 8.57421875 161.68008422851562 15.865623474121094 157.64004516601562 L16.237106323242188 157.4572296142578 C39.4228515625 147.35137939453125 56.05429458618164 136.462890625 66.18281555175781 124.9085922241211 L27.128517150878906 124.9085922241211 C19.465621948242188 124.9085922241211 15.019920349121094 119.57148742675781 14.368560791015625 110.77149200439453 L14.3427734375 110.4457015991211 L14.368560791015625 110.1171875 C15.011528015136719 101.46562957763672 19.242774963378906 95.99140930175781 26.682815551757812 95.228515625 L27.131446838378906 95.2056655883789 L85.85429382324219 95.2056655883789 L85.85722351074219 95.2056655883789 Z""></path></svg>"
6f4c365ad0d7bba6930c3f3633213f66,"<svg xmlns=""http://www.w3.org/2000/svg"" viewBox=""0.0 0.0 200.0 200.0"" height=""200.0px"" width=""200.0px""><path fill="""" fill-opacity=""1.0""  filling=""0"" d=""M174.17999267578125 12.694999694824219 L50.742000579833984 12.694999694824219 C43.808998107910156 12.694999694824219 38.16400146484375 18.31999969482422 38.16400146484375 25.27300262451172 L38.16400146484375 49.74599838256836 L25.214996337890625 49.74599838256836 C18.28099822998047 49.74599838256836 12.637001037597656 55.37099838256836 12.637001037597656 62.32400131225586 L12.637001037597656 174.74600219726562 C12.637001037597656 181.67999267578125 18.262001037597656 187.32400512695312 25.214996337890625 187.32400512695312 L137.05099487304688 187.32400512695312 C143.98399353027344 187.32400512695312 149.62899780273438 181.69900512695312 149.62899780273438 174.74600219726562 L149.62899780273438 161.99200439453125 L174.16000366210938 161.99200439453125 C181.093994140625 161.99200439453125 186.73800659179688 156.36700439453125 186.73800659179688 149.41400146484375 L186.73800659179688 25.27300262451172 C186.75799560546875 18.31999969482422 181.13299560546875 12.694999694824219 174.17999267578125 12.694999694824219 Z M137.1479949951172 174.7270050048828 L137.1479949951172 174.74600219726562 C137.1479949951172 174.76600646972656 137.10899353027344 174.78500366210938 137.10899353027344 174.78500366210938 L25.214996337890625 174.78500366210938 C25.19499969482422 174.78500366210938 25.176002502441406 174.74600219726562 25.176002502441406 174.74600219726562 L25.176002502441406 62.30500030517578 L25.176002502441406 62.28499984741211 C25.176002502441406 62.26599884033203 25.214996337890625 62.24599838256836 25.214996337890625 62.24599838256836 L25.23400115966797 62.24599838256836 L38.183998107910156 62.26599884033203 C38.183998107910156 62.26599884033203 37.89099884033203 155.09800720214844 37.89099884033203 155.74200439453125 C37.89099884033203 159.19900512695312 40.683998107910156 161.99200439453125 44.14099884033203 161.99200439453125 L137.1479949951172 161.99200439453125 L137.1479949951172 174.7270050048828 Z M50.683998107910156 25.23400115966797 C50.683998107910156 25.214996337890625 50.722999572753906 25.19499969482422 50.722999572753906 25.19499969482422 L174.19900512695312 25.19499969482422 C174.218994140625 25.19499969482422 174.23800659179688 25.23400115966797 174.23800659179688 25.23400115966797 L174.23800659179688 149.4340057373047 C174.23800659179688 149.4530029296875 174.19900512695312 149.47300720214844 174.19900512695312 149.47300720214844 L50.683998107910156 149.47300720214844 L50.683998107910156 25.23400115966797 Z""></path></svg>"
43538b024f1f60fe918a5bf3940aea9f,"<svg xmlns=""http://www.w3.org/2000/svg"" viewBox=""0.0 0.0 200.0 200.0"" height=""200.0px"" width=""200.0px""><path fill=""currentColor"" fill-opacity=""1.0""  filling=""0"" d=""M185.63699340820312 4.555999755859375 L14.6719970703125 4.555999755859375 C6.640998840332031 4.555999755859375 1.5439987182617188 9.652999877929688 1.5439987182617188 17.682998657226562 L1.5439987182617188 146.9499969482422 C1.5439987182617188 154.9810028076172 6.640998840332031 160.07699584960938 14.6719970703125 160.07699584960938 L89.57499694824219 160.07699584960938 L89.57499694824219 174.28599548339844 L57.60599899291992 174.28599548339844 C53.28200149536133 174.28599548339844 50.96500015258789 176.447998046875 50.96500015258789 180.927001953125 L50.96500015258789 188.95799255371094 C50.96500015258789 193.28199768066406 53.12699890136719 195.59800720214844 57.60599899291992 195.59800720214844 L142.7030029296875 195.59800720214844 C147.02699279785156 195.59800720214844 149.343994140625 193.43600463867188 149.343994140625 188.95799255371094 L149.343994140625 180.927001953125 C149.343994140625 176.6020050048828 147.18099975585938 174.28599548339844 142.7030029296875 174.28599548339844 L110.73400115966797 174.28599548339844 L110.73400115966797 160.07699584960938 L185.63699340820312 160.07699584960938 C193.66799926757812 160.07699584960938 198.76400756835938 154.9810028076172 198.76400756835938 146.9499969482422 L198.76400756835938 17.682998657226562 C198.76400756835938 9.652999877929688 193.51400756835938 4.555999755859375 185.63699340820312 4.555999755859375 Z M185.63699340820312 146.7949981689453 L14.6719970703125 146.7949981689453 L14.6719970703125 17.682998657226562 L185.63699340820312 17.682998657226562 L185.63699340820312 146.7949981689453 Z""></path>
<path fill=""currentColor"" fill-opacity=""1.0""  filling=""0"" d=""M162.625 51.35100173950195 L118.14700317382812 56.9109992980957 L127.10399627685547 69.11199951171875 L99.76799774169922 90.5790023803711 L73.8219985961914 63.861000061035156 L36.448001861572266 93.66799926757812 L45.250999450683594 104.63300323486328 L72.74099731445312 82.7030029296875 L98.53299713134766 109.26599884033203 L135.59800720214844 80.23200225830078 L145.1739959716797 92.74099731445312 L162.625 51.35100173950195 Z""></path></svg>"
df01f46bd358f107b4919b94efb0b365,"<svg height=""128"" viewBox=""0 0 512 512"" width=""128"" xmlns=""http://www.w3.org/2000/svg""><path d=""m425.03 0-3.2 20.05-6.47 40.04h-318.72l-9.67-60.09z"" fill=""#7a9048""/><path d=""m75.81 167.4h360.39v166.33h-360.39z"" fill=""#eee8b8""/><path d=""m512 197.4h-512l46.79-66.48.07-.08 49.78-70.75h318.72z"" fill=""#a3b95c""/><path d=""m333.96 259.96v73.75h-155.92v-73.75c0-19.66 16.08-35.74 35.74-35.74h84.45c19.65.01 35.73 16.09 35.73 35.74z"" fill=""#a3b95c""/><path d=""m54.76 333.72h402.49v28.16h-402.49z"" fill=""#7a9048""/><path d=""m252.1 224.23h7.8v109.49h-7.8z"" fill=""#7a9048""/><g fill=""#a3b95c""><path d=""m133.04 285.28c10.61-1.78 18.97-10.14 20.75-20.75h-20.75z""/><path d=""m153.79 256.08c-1.78-10.61-10.14-18.97-20.75-20.75v20.75z""/><path d=""m103.84 264.54c1.78 10.61 10.14 18.97 20.75 20.75v-20.75z""/><path d=""m124.59 235.33c-10.61 1.78-18.97 10.14-20.75 20.75h20.75z""/><path d=""m387.41 285.28c10.61-1.78 18.97-10.14 20.75-20.75h-20.75z""/><path d=""m408.16 256.08c-1.78-10.61-10.14-18.97-20.75-20.75v20.75z""/><path d=""m358.21 264.54c1.78 10.61 10.14 18.97 20.75 20.75v-20.75z""/><path d=""m378.96 235.33c-10.61 1.78-18.97 10.14-20.75 20.75h20.75z""/></g><g fill=""#edeb96""><path d=""m335.89 49.57h25.76v79.09h-25.76z""/><path d=""m310.13 30.05h25.76v41.86h-25.76z""/><path d=""m361.65 30.05h25.76v41.86h-25.76z""/></g><circle cx=""233.864"" cy=""279.767"" fill=""#7a9048"" r=""8.854""/><circle cx=""278.136"" cy=""279.767"" fill=""#7a9048"" r=""8.854""/><path d=""m436.2 197.4h75.8l-96.64-137.31 6.47-40.04 3.2-20.05h-169.03v361.88h201.25v-28.16h-21.05z"" fill=""#040000"" opacity="".1""/></svg>"
58b9421f28c24d526023e8b1b2493325,"<svg xmlns=""http://www.w3.org/2000/svg"" viewBox=""0.0 0.0 200.0 200.0"" height=""200.0px"" width=""200.0px""><path fill="""" fill-opacity=""1.0""  filling=""0"" d=""M67.2144546508789 55.532814025878906 C54.353515625 55.532814025878906 43.94218826293945 65.9595718383789 43.94218826293945 78.80487823486328 C43.94218826293945 91.66250610351562 54.35176086425781 102.07538604736328 67.2144546508789 102.07538604736328 C80.07186889648438 102.07538604736328 90.4814453125 91.66250610351562 90.4814453125 78.80487823486328 C90.4830093383789 65.9595718383789 80.07186889648438 55.532814025878906 67.2144546508789 55.532814025878906 Z M67.8375015258789 92.7626953125 C60.292972564697266 92.7626953125 54.183597564697266 86.65508270263672 54.183597564697266 79.1224594116211 C54.183597564697266 71.5746078491211 60.292972564697266 65.44979858398438 67.8375015258789 65.44979858398438 C75.3871078491211 65.44979858398438 81.49824523925781 71.5746078491211 81.49824523925781 79.1224594116211 C81.49824523925781 86.65508270263672 75.3871078491211 92.7626953125 67.8375015258789 92.7626953125 Z M75.25508117675781 79.1224594116211 C75.25508117675781 83.22187805175781 71.92304992675781 86.5708999633789 67.81172180175781 86.5708999633789 C63.69198989868164 86.5708999633789 60.36347579956055 83.22187805175781 60.36347579956055 79.1224594116211 C60.36347579956055 74.99238586425781 63.69198989868164 71.67754364013672 67.81172180175781 71.67754364013672 C71.92304992675781 71.67754364013672 75.25508117675781 74.99238586425781 75.25508117675781 79.1224594116211 Z M113.43769836425781 55.532814025878906 C100.58027648925781 55.532814025878906 90.1654281616211 65.9595718383789 90.1654281616211 78.80487823486328 C90.1654281616211 91.66250610351562 100.58027648925781 102.07538604736328 113.43769836425781 102.07538604736328 C126.28984069824219 102.07538604736328 136.7097625732422 91.66250610351562 136.7097625732422 78.80487823486328 C136.7080078125 65.9595718383789 126.28984069824219 55.532814025878906 113.43769836425781 55.532814025878906 Z M114.0589828491211 92.7626953125 C106.5093765258789 92.7626953125 100.40507507324219 86.65508270263672 100.40507507324219 79.1224594116211 C100.40507507324219 71.5746078491211 106.5093765258789 65.44979858398438 114.0589828491211 65.44979858398438 C121.60879516601562 65.44979858398438 127.71308898925781 71.5746078491211 127.71308898925781 79.1224594116211 C127.71308898925781 86.65508270263672 121.61054992675781 92.7626953125 114.0589828491211 92.7626953125 Z M121.47831726074219 79.1224594116211 C121.47831726074219 83.22187805175781 118.1498031616211 86.5708999633789 114.02812194824219 86.5708999633789 C109.91348266601562 86.5708999633789 106.58496856689453 83.22187805175781 106.58496856689453 79.1224594116211 C106.58496856689453 74.99238586425781 109.91348266601562 71.67754364013672 114.02812194824219 71.67754364013672 C118.1498031616211 71.67754364013672 121.47831726074219 74.99238586425781 121.47831726074219 79.1224594116211 Z M60.392578125 150.1750030517578 L58.835548400878906 120.69375610351562 L58.835548400878906 100.83769226074219 L125.857421875 100.83769226074219 L125.5517578125 104.56269836425781 L136.091796875 104.56269836425781 L153.47598266601562 93.08378601074219 L157.81210327148438 93.08378601074219 L157.81210327148438 151.4074249267578 L137.02557373046875 142.41934204101562 L123.99491882324219 142.09825134277344 L123.99491882324219 149.544921875 L60.392578125 150.1750030517578 Z""></path></svg>"
4a968506f2c7f3da659a1d8cdc568ddd,"<svg xmlns=""http://www.w3.org/2000/svg"" viewBox=""0.0 0.0 200.0 200.0"" height=""200.0px"" width=""200.0px""><path fill="""" fill-opacity=""1.0""  filling=""0"" d=""M76.41659545898438 36.56660461425781 L93.0833969116211 57.375 L166.66659545898438 57.375 L166.66659545898438 161.4084014892578 L33.333396911621094 161.4084014892578 L33.333396911621094 36.57500076293945 L76.41659545898438 36.57500076293945 M83.3333969116211 15.75 L33.333396911621094 15.75 C24.166603088378906 15.75 16.75 25.116600036621094 16.75 36.55840301513672 L16.666603088378906 161.39999389648438 C16.666603088378906 172.85000610351562 24.166603088378906 182.20840454101562 33.333396911621094 182.20840454101562 L166.66659545898438 182.20840454101562 C175.83340454101562 182.20840454101562 183.33340454101562 172.85000610351562 183.33340454101562 161.4084014892578 L183.33340454101562 57.375 C183.33340454101562 45.93340301513672 175.83340454101562 36.56660461425781 166.66659545898438 36.56660461425781 L100.0 36.56660461425781 L83.3333969116211 15.75 Z""></path></svg>"
832a8032c3da6573c5530a5f6537486a,"<svg xmlns=""http://www.w3.org/2000/svg"" viewBox=""0.0 0.0 200.0 200.0"" height=""200.0px"" width=""200.0px""><path fill=""#D6F3FA"" fill-opacity=""1.0""  filling=""0"" d=""M126.6796875 12.4609375 L52.207027435302734 12.4609375 C34.375 12.4609375 19.78515625 27.05078125 19.78515625 44.882808685302734 L19.78515625 81.97265625 C19.78515625 99.70703125 34.19921875 114.21875 51.894535064697266 114.37499237060547 L51.894535064697266 154.8828125 C51.894535064697266 162.51953125 58.144535064697266 168.75 65.76171875 168.75 L121.26953125 168.75 C128.90625 168.75 135.13671875 162.5 135.13671875 154.8828125 L135.13671875 113.2421875 C148.88671875 109.49217987060547 159.1015625 96.89453125 159.1015625 81.9921875 L159.1015625 44.882808685302734 C159.1015625 27.05078125 144.51171875 12.4609375 126.6796875 12.4609375 Z""></path>
<path fill=""#18BAE5"" fill-opacity=""1.0""  filling=""0"" d=""M80.95703125 99.1015625 C80.95703125 97.2265625 82.48046875 95.703125 84.35546875 95.703125 L104.74609375 95.703125 C106.62110137939453 95.703125 108.14453125 97.2265625 108.14453125 99.1015625 C108.14453125 100.9765625 106.62110137939453 102.5 104.74609375 102.5 L84.35546875 102.5 C82.48046875 102.5 80.95703125 100.9765625 80.95703125 99.1015625 Z M125.1171875 122.890625 L84.35546875 122.890625 C82.48046875 122.890625 80.95703125 124.4140625 80.95703125 126.2890625 C80.95703125 128.1640625 82.48046875 129.6875 84.35546875 129.6875 L125.13671875 129.6875 C127.01171875 129.6875 128.53515625 128.1640625 128.53515625 126.2890625 C128.53515625 124.4140625 126.9921875 122.890625 125.1171875 122.890625 Z M125.1171875 150.078125 L84.35546875 150.078125 C82.48046875 150.078125 80.95703125 151.6015625 80.95703125 153.4765625 C80.95703125 155.3515625 82.48046875 156.875 84.35546875 156.875 L125.13671875 156.875 C127.01171875 156.875 128.53515625 155.3515625 128.53515625 153.4765625 C128.53515625 151.6015625 126.9921875 150.078125 125.1171875 150.078125 Z M180.546875 48.2421875 L180.546875 78.49609375 C180.546875 95.390625 166.38671875 109.16016387939453 148.90625 109.375 L148.90625 172.7734375 C148.90625 180.859375 142.16796875 187.44140625 133.90625 187.44140625 L75.56640625 187.44140625 C67.28515625 187.44140625 60.56640625 180.859375 60.56640625 172.7734375 L60.56640625 109.29686737060547 C43.26171875 108.3984375 29.453125 94.94140625 29.453125 78.4765625 L29.453125 48.2421875 C29.453125 33.96484375 41.81640625 22.36328125 57.01171875 22.36328125 L64.375 22.36328125 C66.89453125 22.36328125 68.9453125 24.35546875 68.9453125 26.81640625 C68.9453125 29.27734375 66.89453125 31.26953125 64.375 31.26953125 L57.01171875 31.26953125 C46.85546875 31.26953125 38.59375 38.88671875 38.59375 48.26171875 L38.59375 78.515625 C38.59375 90.078125 48.281253814697266 99.5703125 60.56640625 100.44921875 L60.56640625 71.93359375 L53.769527435302734 71.93359375 C51.894535064697266 71.93359375 50.37109375 70.41015625 50.37109375 68.53515625 C50.37109375 66.66015625 51.894535064697266 65.13671875 53.769527435302734 65.13671875 L155.703125 65.13671875 C157.578125 65.13671875 159.1015625 66.66015625 159.1015625 68.53515625 C159.1015625 70.41015625 157.578125 71.93359375 155.703125 71.93359375 L148.90625 71.93359375 L148.90625 100.48828125 C161.484375 100.27344512939453 171.640625 90.5078125 171.640625 78.49609375 L171.640625 48.2421875 C171.640625 38.8671875 163.59375 31.25 153.7109375 31.25 L93.88671875 31.25 C91.42578125 31.25 89.43359375 29.2578125 89.43359375 26.796875 C89.43359375 24.3359375 91.42578125 22.34375 93.88671875 22.34375 L153.7109375 22.34375 C168.515625 22.34375 180.546875 33.96484375 180.546875 48.2421875 Z M142.109375 172.79296875 L142.109375 71.93359375 L67.36328125 71.93359375 L67.36328125 172.79296875 C67.36328125 177.12890625 71.0546875 180.6640625 75.56640625 180.6640625 L133.90625 180.6640625 C138.4375 180.6640625 142.109375 177.12890625 142.109375 172.79296875 Z M76.85546875 31.25 L81.30859375 31.25 C83.75 31.25 85.76171875 29.2578125 85.76171875 26.796875 C85.76171875 24.35546875 83.76953125 22.34375 81.30859375 22.34375 L76.85546875 22.34375 C74.4140625 22.34375 72.40234375 24.3359375 72.40234375 26.796875 C72.40234375 29.23828125 74.4140625 31.25 76.85546875 31.25 Z""></path></svg>"
9e331a32e09fbc708dea49b88027cd6e,"<svg xmlns=""http://www.w3.org/2000/svg"" viewBox=""0.0 0.0 200.0 200.0"" height=""200.0px"" width=""200.0px""><path fill="""" fill-opacity=""1.0""  filling=""0"" d=""M153.22265625 76.30859375 L100.8203125 33.28125 C98.75 31.2109375 95.37109375 31.2109375 93.3203125 33.28125 L93.0859375 33.515625 L92.8515625 33.75 L40.91796875 76.30859375 C39.86328125 77.36328125 39.35546875 78.75 39.375 80.13671875 L39.375 159.58984375 C39.375 162.5 41.757808685302734 164.90234375 44.687496185302734 164.90234375 C44.94140625 164.90234375 45.1953125 164.8828125 45.4296875 164.84375 L148.75 164.84375 C148.984375 164.8828125 149.23828125 164.90234375 149.4921875 164.90234375 C152.40234375 164.90234375 154.8046875 162.51953125 154.8046875 159.58984375 L154.8046875 80.1953125 L154.8046875 80.13671875 C154.78515625 78.75 154.27734375 77.36328125 153.22265625 76.30859375 Z M49.98046875 82.5390625 L97.12890625 43.906246185302734 L144.1796875 82.5390625 L144.1796875 154.21875 L49.98046875 154.21875 L49.98046875 82.5390625 Z M93.49609375 118.06640625 C96.77734375 115.13671875 98.828125 110.87890625 98.828125 106.15234375 C98.828125 97.32421875 91.6796875 90.15625 82.83203125 90.15625 C74.00390625 90.15625 66.8359375 97.3046875 66.8359375 106.15234375 C66.8359375 110.87890625 68.90625 115.13671875 72.16796875 118.06640625 C64.00390625 121.66015625 57.98828125 129.27734375 56.640625 138.3984375 L109.00389862060547 138.3984375 C107.67578125 129.27734375 101.67967987060547 121.66015625 93.49609375 118.06640625 Z M132.265625 114.27733612060547 L114.33594512939453 114.27733612060547 C111.42578125 114.27733612060547 109.0234375 111.89453887939453 109.0234375 108.96485137939453 C109.0234375 106.0546875 111.40625762939453 103.65234375 114.33594512939453 103.65234375 L132.265625 103.65234375 C135.17578125 103.65234375 137.578125 106.03516387939453 137.578125 108.96485137939453 C137.578125 111.89453887939453 135.17578125 114.27733612060547 132.265625 114.27733612060547 Z M132.265625 132.5 L114.33594512939453 132.5 C111.42578125 132.5 109.0234375 130.1171875 109.0234375 127.1875 C109.0234375 124.27734375 111.40625762939453 121.875 114.33594512939453 121.875 L132.265625 121.875 C135.17578125 121.875 137.578125 124.2578125 137.578125 127.1875 C137.578125 130.1171875 135.17578125 132.5 132.265625 132.5 Z""></path></svg>"
3ab946716c079e386eae3c608eb3e510,"<svg xmlns=""http://www.w3.org/2000/svg"" viewBox=""0.0 0.0 200.0 200.0"" height=""200.0px"" width=""200.0px""><path fill=""#666666"" fill-opacity=""1.0""  filling=""0"" d=""M186.60800170898438 84.9990005493164 C176.84800720214844 59.38199996948242 153.04200744628906 39.729000091552734 123.46199798583984 33.46600341796875 A42.57099914550781 42.57099914550781 0.0 0 1 157.86099243164062 16.388999938964844 C181.0449981689453 16.388999938964844 199.83299255371094 34.199005126953125 199.83299255371094 56.1510009765625 C199.83299255371094 67.54399871826172 194.71400451660156 77.74800109863281 186.60800170898438 84.9990005493164 Z M106.59500122070312 24.949996948242188 L106.59500122070312 44.51499938964844 C147.49000549316406 47.73500061035156 179.02499389648438 79.92400360107422 179.02499389648438 119.16500091552734 A71.61900329589844 71.61900329589844 0.0 0 1 164.61199951171875 162.21299743652344 L176.7259979248047 182.08900451660156 A10.871000289916992 10.871000289916992 0.0 0 1 177.94700622558594 190.7169952392578 C177.12600708007812 193.68099975585938 175.13800048828125 196.15699768066406 172.33999633789062 197.69000244140625 C166.61099243164062 200.7989959716797 159.31500244140625 198.93299865722656 156.0070037841797 193.51499938964844 L147.30099487304688 179.21299743652344 A82.06700134277344 82.06700134277344 0.0 0 1 99.9219970703125 194.15899658203125 C82.93299865722656 194.15899658203125 66.34500122070312 188.94000244140625 52.7760009765625 179.3800048828125 L43.65999984741211 194.33700561523438 A12.102999687194824 12.102999687194824 0.0 0 1 33.27799987792969 199.99899291992188 C31.26799774169922 199.99899291992188 29.214004516601562 199.52200317382812 27.347999572753906 198.48899841308594 A11.326000213623047 11.326000213623047 0.0 0 1 21.740997314453125 191.53799438476562 A10.8149995803833 10.8149995803833 0.0 0 1 22.951004028320312 182.91099548339844 L35.410003662109375 162.44700622558594 A71.5739974975586 71.5739974975586 0.0 0 1 20.807998657226562 119.16500091552734 C20.807998657226562 80.34600067138672 51.99800109863281 48.17900085449219 92.427001953125 44.58100128173828 L92.427001953125 24.949996948242188 A13.302000045776367 13.302000045776367 0.0 0 1 85.38700103759766 13.43499755859375 C85.38700103759766 6.028999328613281 91.72799682617188 0.0 99.51100158691406 0.0 C107.29499816894531 0.0 113.63500213623047 6.028999328613281 113.63500213623047 13.43499755859375 C113.63500213623047 18.209999084472656 110.88099670410156 22.573997497558594 106.59500122070312 24.949996948242188 Z M44.73699951171875 119.16500091552734 C44.73699951171875 147.95599365234375 69.48699951171875 171.37399291992188 99.9219970703125 171.37399291992188 C130.3459930419922 171.37399291992188 155.0959930419922 147.95599365234375 155.0959930419922 119.16500091552734 C155.0959930419922 90.37300109863281 130.3459930419922 66.95500183105469 99.9219970703125 66.95500183105469 C69.48699951171875 66.95500183105469 44.73699951171875 90.37300109863281 44.73699951171875 119.16500091552734 Z M117.53199768066406 134.6320037841797 L96.43499755859375 134.6320037841797 C90.59500122070312 134.6320037841797 85.84300231933594 130.1020050048828 85.84300231933594 124.52799987792969 L85.84300231933594 97.9010009765625 C85.84300231933594 92.3270034790039 90.59500122070312 87.7969970703125 96.43499755859375 87.7969970703125 C102.28700256347656 87.7969970703125 107.0510025024414 92.3270034790039 107.0510025024414 97.9010009765625 L107.0510025024414 114.43399810791016 L117.53199768066406 114.43399810791016 C123.38400268554688 114.43399810791016 128.13600158691406 118.97599792480469 128.13600158691406 124.53900146484375 C128.13600158691406 130.11300659179688 123.38400268554688 134.6320037841797 117.53199768066406 134.6320037841797 Z M13.236000061035156 84.98699951171875 L13.236000061035156 84.9990005493164 C5.129997253417969 77.74800109863281 0.0 67.53299713134766 0.0 56.1510009765625 C0.0 34.18800354003906 18.788002014160156 16.388999938964844 41.96099853515625 16.388999938964844 C56.229000091552734 16.388999938964844 68.78700256347656 23.162002563476562 76.37100219726562 33.46600341796875 C46.779998779296875 39.729000091552734 22.985000610351562 59.38199996948242 13.236000061035156 84.98699951171875 Z""></path></svg>"
1b80bd25-ccb4-4041-9895-142e59610944,"<svg height=""128"" viewBox=""0 0 15 15"" width=""128"" xmlns=""http://www.w3.org/2000/svg""><path d=""m10.71 4-2.86-2.85c-.19-.2-.51-.2-.71 0l-2.85 2.85h-2.79c-.28 0-.5.22-.5.5v9c0 .28.22.5.5.5h12c.28 0 .5-.22.5-.5v-9c0-.28-.22-.5-.5-.5zm-3.21-1.79 1.79 1.79h-3.58zm5.5 10.79h-11v-8h11zm-8-5c-.55 0-1-.45-1-1s.45-1 1-1 1 .45 1 1-.45 1-1 1zm7 4h-7.5l1.5-3 1.25 2.5 2.25-4.5z""/></svg>"
89aef77e14a596edcf6a61dc687e18f2,"<svg xmlns=""http://www.w3.org/2000/svg"" viewBox=""0.0 0.0 200.0 200.0"" height=""200.0px"" width=""200.0px""><path fill="""" fill-opacity=""1.0""  filling=""0"" d=""M120.8333969116211 112.5 L137.5 112.5 L137.5 87.5 L120.8333969116211 87.5 M150.0 116.6666030883789 C150.0 121.25 146.25 125.0 141.66659545898438 125.0 L135.41659545898438 125.0 L135.41659545898438 137.5 L122.9166030883789 137.5 L122.9166030883789 125.0 L116.6666030883789 125.0 C112.0833969116211 125.0 108.3333969116211 121.25 108.3333969116211 116.6666030883789 L108.3333969116211 83.3333969116211 C108.3333969116211 78.75 112.0833969116211 75.0 116.6666030883789 75.0 L141.66659545898438 75.0 C146.25 75.0 150.0 78.75 150.0 83.3333969116211 M91.6666030883789 125.0 L79.1666030883789 125.0 L79.1666030883789 108.3333969116211 L62.5 108.3333969116211 L62.5 125.0 L50.0 125.0 L50.0 75.0 L62.5 75.0 L62.5 95.8333969116211 L79.1666030883789 95.8333969116211 L79.1666030883789 75.0 L91.6666030883789 75.0 M158.33340454101562 33.333396911621094 L41.666603088378906 33.333396911621094 C32.416603088378906 33.333396911621094 25.0 40.750003814697266 25.0 50.0 L25.0 150.0 C25.0 159.16659545898438 32.5 166.66659545898438 41.666603088378906 166.66659545898438 L158.33340454101562 166.66659545898438 C167.5 166.66659545898438 175.0 159.16659545898438 175.0 150.0 L175.0 50.0 C175.0 40.750003814697266 167.5 33.333396911621094 158.33340454101562 33.333396911621094 Z""></path></svg>"
2efc5bf83782701ffe988db621c4bef9,"<svg fill=""none"" height=""128"" viewBox=""0 -.5 25 25"" width=""128"" xmlns=""http://www.w3.org/2000/svg""><path d=""m16.5 12-3.5 2.33v4.67l7-4.67v-4.66l-7-4.67v4.67z"" style=""fill-rule:evenodd;clip-rule:evenodd;stroke:#000000;stroke-width:1.5;stroke-linecap:round;stroke-linejoin:round""/><path d=""m6.42 9.04c-.35-.23-.81-.13-1.04.21-.23.35-.14.81.2 1.04zm6.16 5.92c.35.23.81.13 1.04-.21.23-.35.14-.81-.2-1.04zm-5.83-5.29c0-.42-.34-.75-.75-.75s-.75.33-.75.75zm-1.5 4.66c0 .42.34.75.75.75s.75-.33.75-.75zm.33-5.29c-.34.23-.43.7-.2 1.04.23.35.69.44 1.04.21zm7.84-3.42c.34-.23.43-.69.2-1.04-.23-.34-.69-.43-1.04-.2zm0 4.67c.34-.23.43-.69.2-1.04-.23-.34-.69-.44-1.04-.21zm-7.84 3.42c-.34.23-.43.69-.2 1.04.23.34.69.44 1.04.21zm.84 0c-.35-.23-.81-.14-1.04.21-.23.34-.14.81.2 1.04zm6.16 5.91c.35.23.81.14 1.04-.2.23-.35.14-.81-.2-1.04zm7.84-9.33c.34-.23.43-.69.2-1.04-.23-.34-.69-.44-1.04-.21zm-3.92 1.71-.42-.62c-.2.14-.33.37-.33.62s.13.49.33.62zm3.08 2.96c.35.23.81.13 1.04-.21.23-.35.14-.81-.2-1.04zm-14-4.67 7 4.67.84-1.25-7-4.67zm-.33-.62v4.66h1.5v-4.66zm1.17.62 7-4.67-.84-1.24-7 4.66zm6.16-1.25-7 4.67.84 1.25 7-4.67zm-7 5.92 7 4.66.84-1.24-7-4.67zm14-5.92-3.5 2.34.84 1.24 3.5-2.33zm-3.5 3.58 3.5 2.34.84-1.25-3.5-2.33z"" fill=""#000000""/></svg>"
69c33b61d96656ff61ed82d455d9142b,"<svg xmlns=""http://www.w3.org/2000/svg"" viewBox=""0.0 0.0 200.0 200.0"" height=""200.0px"" width=""200.0px""><path fill="""" fill-opacity=""1.0""  filling=""0"" d=""M149.60000610351562 32.900001525878906 A83.4375 83.4375 0.0 1 1 46.98749923706055 35.5625 A8.4375 8.4375 0.0 1 1 57.724998474121094 48.587501525878906 A66.5625 66.5625 0.0 1 0 139.5625 46.462501525878906 A8.4375 8.4375 0.0 1 1 149.60000610351562 32.900001525878906 Z M100.03750610351562 12.5 C104.43749237060547 12.5 108.07499694824219 15.625 108.69999694824219 19.6875 L108.7874984741211 20.9375 L108.7874984741211 66.5625 A8.600000381469727 8.600000381469727 0.0 0 1 100.03750610351562 75.0 A8.662500381469727 8.662500381469727 0.0 0 1 91.38749694824219 67.8125 L91.2874984741211 66.5625 L91.2874984741211 20.9375 C91.2874984741211 16.275001525878906 95.2125015258789 12.5 100.03750610351562 12.5 Z""></path></svg>"
3c0fc1a44e3b6a8aaae3f7daacfccc90,"<svg xmlns=""http://www.w3.org/2000/svg"" viewBox=""0.0 0.0 200.0 200.0"" height=""200.0px"" width=""200.0px""><path fill=""#272636"" fill-opacity=""1.0""  filling=""0"" d=""M171.71099853515625 181.49600219726562 L28.313003540039062 181.49600219726562 C25.722999572753906 181.49600219726562 23.624000549316406 179.39700317382812 23.624000549316406 176.8070068359375 L23.624000549316406 145.39300537109375 C23.624000549316406 142.80299377441406 25.7239990234375 140.70399475097656 28.313003540039062 140.70399475097656 C30.902999877929688 140.70399475097656 33.00299835205078 142.80299377441406 33.00299835205078 145.39300537109375 L33.00299835205078 172.11700439453125 L167.02099609375 172.11700439453125 L167.02099609375 145.39300537109375 C167.02099609375 142.80299377441406 169.12100219726562 140.70399475097656 171.71099853515625 140.70399475097656 C174.30099487304688 140.70399475097656 176.39999389648438 142.80299377441406 176.39999389648438 145.39300537109375 L176.39999389648438 176.8070068359375 C176.4010009765625 179.39700317382812 174.30099487304688 181.49600219726562 171.71099853515625 181.49600219726562 L171.71099853515625 181.49600219726562 Z M100.24299621582031 150.08299255371094 C99.06800079345703 150.08299255371094 97.89299774169922 149.6439971923828 96.98400115966797 148.76600646972656 L55.823001861572266 109.0 C53.96099853515625 107.19999694824219 53.909000396728516 104.23200225830078 55.70899963378906 102.36900329589844 C57.50899887084961 100.50599670410156 60.47800064086914 100.45500183105469 62.34000015258789 102.25499725341797 L100.24299621582031 138.8719940185547 L138.14500427246094 102.25499725341797 C140.00799560546875 100.45500183105469 142.9770050048828 100.50599670410156 144.7760009765625 102.36900329589844 C146.5760040283203 104.23100280761719 146.52499389648438 107.19999694824219 144.66200256347656 109.0 L103.5009994506836 148.76600646972656 C102.59300231933594 149.64300537109375 101.41799926757812 150.08299255371094 100.24299621582031 150.08299255371094 L100.24299621582031 150.08299255371094 Z M100.24299621582031 150.08299255371094 C97.65299987792969 150.08299255371094 95.5530014038086 147.98300170898438 95.5530014038086 145.39300537109375 L95.5530014038086 23.160995483398438 C95.5530014038086 20.570999145507812 97.65299987792969 18.47100067138672 100.24299621582031 18.47100067138672 C102.83300018310547 18.47100067138672 104.93199920654297 20.570999145507812 104.93199920654297 23.160995483398438 L104.93199920654297 145.39300537109375 C104.93199920654297 147.98300170898438 102.83300018310547 150.08299255371094 100.24299621582031 150.08299255371094 Z""></path></svg>"
41326c8540b89371b2ac41cd1ce06b32,"<svg xmlns=""http://www.w3.org/2000/svg"" viewBox=""0.0 0.0 200.0 200.0"" height=""200.0px"" width=""200.0px""><path fill=""#5288F5"" fill-opacity=""1.0""  filling=""0"" d=""M175.5080108642578 21.2890625 A10.59999942779541 10.59999942779541 0.0 0 0 166.28204345703125 16.0 L38.580078125 16.0 A14.613085746765137 14.613085746765137 0.0 0 0 24.0 30.61406707763672 L24.0 162.6220703125 A22.3779296875 22.3779296875 0.0 0 0 46.32793045043945 185.0 L142.3400421142578 185.0 A22.3779296875 22.3779296875 0.0 0 0 164.66796875 162.6220703125 L164.66796875 51.72597885131836 L175.64102172851562 31.942970275878906 A10.656054496765137 10.656054496765137 0.0 0 0 175.5080108642578 21.2890625 Z M140.330078125 92.5570297241211 L48.26191711425781 92.5570297241211 A7.810937404632568 7.810937404632568 0.0 0 1 48.26191711425781 76.93496704101562 L140.330078125 76.93496704101562 A7.810937404632568 7.810937404632568 0.0 0 1 140.330078125 92.5570297241211 Z""></path></svg>"
thesantatitan_deepseek-svg-dataset_0003427,"<svg width=""100"" height=""100"" viewBox=""0 0 100 100"" xmlns=""http://www.w3.org/2000/svg"">
  <rect width=""100"" height=""100"" fill=""#000000""/>
  <defs>
    <linearGradient id=""petalGradient"" x1=""0%"" y1=""0%"" x2=""100%"" y2=""100%"">
      <stop offset=""0%"" style=""stop-color:#FFFFFF;stop-opacity:1""/>
      <stop offset=""100%"" style=""stop-color:#FF0000;stop-opacity:1""/>
    </linearGradient>
  </defs>
  <path d=""M50,50m-18,0a18,18 0 1,1 36,0a18,18 0 1,1-36,0"" fill=""url(#petalGradient)""/>
  <path d=""M50,50m-25,0a25,25 0 1,1 50,0a25,25 0 1,1-50,0"" fill=""url(#petalGradient)""/>
  <circle cx=""50"" cy=""50"" r=""18"" fill=""#FF0000""/>
  <path d=""M50,50m-28,0a28,28 0 1,1 56,0a28,28 0 1,1-56,0"" fill=""url(#petalGradient)""/>
</svg>"
7fc400bb5e93c44d6b63d0fdc6e0ff14,"<svg xmlns=""http://www.w3.org/2000/svg"" viewBox=""0.0 0.0 200.0 200.0"" height=""200.0px"" width=""200.0px""><path fill=""#599FFF"" fill-opacity=""1.0""  filling=""0"" d=""M129.14100646972656 169.17999267578125 L71.13300323486328 169.17999267578125 L71.13300323486328 102.61699676513672 C71.13300323486328 100.1760025024414 73.1050033569336 98.2030029296875 75.5469970703125 98.2030029296875 L124.74600219726562 98.2030029296875 C127.18800354003906 98.2030029296875 129.16000366210938 100.1760025024414 129.16000366210938 102.61699676513672 L129.16000366210938 169.17999267578125 L129.14100646972656 169.17999267578125 Z""></path>
<path fill=""#0064E3"" fill-opacity=""1.0""  filling=""0"" d=""M88.69100189208984 69.12100219726562 C87.06999969482422 69.12100219726562 85.76200103759766 67.81199645996094 85.76200103759766 66.19100189208984 L85.76200103759766 40.58599853515625 C85.76200103759766 38.96500015258789 87.06999969482422 37.65599822998047 88.69100189208984 37.65599822998047 C90.31199645996094 37.65599822998047 91.62100219726562 38.96500015258789 91.62100219726562 40.58599853515625 L91.62100219726562 66.21099853515625 C91.62100219726562 67.81199645996094 90.31199645996094 69.12100219726562 88.69100189208984 69.12100219726562 Z M63.08599853515625 69.12100219726562 C61.46500015258789 69.12100219726562 60.15599822998047 67.81199645996094 60.15599822998047 66.19100189208984 L60.15599822998047 40.58599853515625 C60.15599822998047 38.96500015258789 61.46500015258789 37.65599822998047 63.08599853515625 37.65599822998047 C64.70700073242188 37.65599822998047 66.01599884033203 38.96500015258789 66.01599884033203 40.58599853515625 L66.01599884033203 66.21099853515625 C66.01599884033203 67.81199645996094 64.70700073242188 69.12100219726562 63.08599853515625 69.12100219726562 Z M114.2770004272461 69.12100219726562 C112.65599822998047 69.12100219726562 111.3479995727539 67.81199645996094 111.3479995727539 66.19100189208984 L111.3479995727539 40.58599853515625 C111.3479995727539 38.96500015258789 112.65599822998047 37.65599822998047 114.2770004272461 37.65599822998047 C115.89800262451172 37.65599822998047 117.20700073242188 38.96500015258789 117.20700073242188 40.58599853515625 L117.20700073242188 66.21099853515625 C117.20700073242188 67.81199645996094 115.89800262451172 69.12100219726562 114.2770004272461 69.12100219726562 Z M139.88299560546875 69.12100219726562 C138.26199340820312 69.12100219726562 136.9530029296875 67.81199645996094 136.9530029296875 66.19100189208984 L136.9530029296875 40.58599853515625 C136.9530029296875 38.96500015258789 138.26199340820312 37.65599822998047 139.88299560546875 37.65599822998047 C141.50399780273438 37.65599822998047 142.81199645996094 38.96500015258789 142.81199645996094 40.58599853515625 L142.81199645996094 66.21099853515625 C142.81199645996094 67.81199645996094 141.50399780273438 69.12100219726562 139.88299560546875 69.12100219726562 Z""></path>
<path fill=""#0064E3"" fill-opacity=""1.0""  filling=""0"" d=""M164.66799926757812 174.12100219726562 L35.332000732421875 174.12100219726562 C30.15599822998047 174.12100219726562 25.938003540039062 169.90199279785156 25.938003540039062 164.70700073242188 L25.938003540039062 59.80500030517578 C25.938003540039062 57.96900177001953 26.64099884033203 56.22999954223633 27.910003662109375 54.902000427246094 L53.77000045776367 28.0469970703125 C55.097999572753906 26.68000030517578 56.952999114990234 25.878997802734375 58.867000579833984 25.878997802734375 L165.19500732421875 25.878997802734375 C170.09800720214844 25.878997802734375 174.08200073242188 29.862998962402344 174.08200073242188 34.76599884033203 L174.08200073242188 59.6879997253418 C174.08200073242188 60.722999572753906 173.53500366210938 61.69900131225586 172.63699340820312 62.22700119018555 L164.76600646972656 66.81600189208984 C164.218994140625 67.12899780273438 163.88699340820312 67.73400115966797 163.88699340820312 68.35900115966797 L163.88699340820312 89.3550033569336 C163.88699340820312 89.9800033569336 164.218994140625 90.58599853515625 164.76600646972656 90.89800262451172 L172.63699340820312 95.48799896240234 C173.53500366210938 96.01599884033203 174.08200073242188 96.9729995727539 174.08200073242188 98.0270004272461 L174.08200073242188 164.74600219726562 C174.06199645996094 169.90199279785156 169.843994140625 174.12100219726562 164.66799926757812 174.12100219726562 Z M58.867000579833984 31.737998962402344 C58.53499984741211 31.737998962402344 58.222999572753906 31.875 58.007999420166016 32.10900115966797 L32.128997802734375 58.96500015258789 C31.91400146484375 59.19900131225586 31.7969970703125 59.492000579833984 31.7969970703125 59.80500030517578 L31.7969970703125 164.7270050048828 C31.7969970703125 166.67999267578125 33.378997802734375 168.281005859375 35.332000732421875 168.281005859375 L164.66799926757812 168.281005859375 C166.62100219726562 168.281005859375 168.2030029296875 166.69900512695312 168.2030029296875 164.7270050048828 L168.2030029296875 99.68800354003906 L161.77699279785156 95.93800354003906 C159.4340057373047 94.56999969482422 157.98800659179688 92.03099822998047 157.98800659179688 89.33599853515625 L157.98800659179688 68.35900115966797 C157.98800659179688 65.6449966430664 159.4340057373047 63.125 161.77699279785156 61.757999420166016 L168.2030029296875 58.007999420166016 L168.2030029296875 34.76599884033203 C168.2030029296875 33.10499572753906 166.85499572753906 31.737998962402344 165.17599487304688 31.737998962402344 L58.867000579833984 31.737998962402344 Z""></path></svg>"
9e72c6dd78d3115435efdd77656d9cf7,"<svg xmlns=""http://www.w3.org/2000/svg"" viewBox=""0.0 0.0 200.0 200.0"" height=""200.0px"" width=""200.0px""><path fill=""#186a81"" fill-opacity=""1.0""  filling=""0"" d=""M185.8520050048828 125.5780029296875 C184.093994140625 131.48800659179688 181.72999572753906 137.1909942626953 178.79299926757812 142.61700439453125 L188.7969970703125 152.625 L152.625 188.7969970703125 L142.61700439453125 178.79299926757812 C137.1909942626953 181.72999572753906 131.48800659179688 184.093994140625 125.5780029296875 185.8520050048828 L125.5780029296875 200.0 L74.4219970703125 200.0 L74.4219970703125 185.8520050048828 C68.51200103759766 184.093994140625 62.808998107910156 181.72999572753906 57.382999420166016 178.79299926757812 L47.375 188.7969970703125 L11.2030029296875 152.625 L21.207000732421875 142.61700439453125 C18.270004272460938 137.1909942626953 15.905998229980469 131.48800659179688 14.148002624511719 125.5780029296875 L0.0 125.5780029296875 L0.0 74.4219970703125 L14.148002624511719 74.4219970703125 C15.905998229980469 68.51200103759766 18.270004272460938 62.808998107910156 21.207000732421875 57.382999420166016 L11.2030029296875 47.375 L47.375 11.2030029296875 L57.382999420166016 21.207000732421875 C62.808998107910156 18.270004272460938 68.51200103759766 15.905998229980469 74.4219970703125 14.148002624511719 L74.4219970703125 0.0 L125.5780029296875 0.0 L125.5780029296875 14.148002624511719 C131.48800659179688 15.905998229980469 137.1909942626953 18.270004272460938 142.61700439453125 21.207000732421875 L152.625 11.2030029296875 L188.7969970703125 47.375 L178.79299926757812 57.382999420166016 C181.72999572753906 62.808998107910156 184.093994140625 68.51200103759766 185.8520050048828 74.4219970703125 L200.0 74.4219970703125 L200.0 125.5780029296875 L185.8520050048828 125.5780029296875 Z""></path>
<path fill=""#00465f"" fill-opacity=""1.0""  filling=""0"" d=""M185.8520050048828 125.5780029296875 C184.093994140625 131.48800659179688 181.72999572753906 137.1909942626953 178.79299926757812 142.61700439453125 L188.7969970703125 152.625 L152.625 188.7969970703125 L142.61700439453125 178.79299926757812 C137.1909942626953 181.72999572753906 131.48800659179688 184.093994140625 125.5780029296875 185.8520050048828 L125.5780029296875 200.0 L100.0 200.0 L100.0 0.0 L125.5780029296875 0.0 L125.5780029296875 14.148002624511719 C131.48800659179688 15.905998229980469 137.1909942626953 18.270004272460938 142.61700439453125 21.207000732421875 L152.625 11.2030029296875 L188.7969970703125 47.375 L178.79299926757812 57.382999420166016 C181.72999572753906 62.808998107910156 184.093994140625 68.51200103759766 185.8520050048828 74.4219970703125 L200.0 74.4219970703125 L200.0 125.5780029296875 L185.8520050048828 125.5780029296875 Z""></path>
<path fill=""#eaf4f4"" fill-opacity=""1.0""  filling=""0"" d=""M100.0 162.55099487304688 C65.50800323486328 162.55099487304688 37.44900131225586 134.49200439453125 37.44900131225586 100.0 C37.44900131225586 65.50800323486328 65.50800323486328 37.44900131225586 100.0 37.44900131225586 L114.0009994506836 99.125 L100.0 162.55099487304688 Z""></path>
<path fill=""#cae8ea"" fill-opacity=""1.0""  filling=""0"" d=""M162.55099487304688 100.0 C162.55099487304688 134.49200439453125 134.49200439453125 162.55099487304688 100.0 162.55099487304688 L100.0 37.44900131225586 C134.49200439453125 37.44900131225586 162.55099487304688 65.50800323486328 162.55099487304688 100.0 Z""></path>
<path fill=""#00dc7b"" fill-opacity=""1.0""  filling=""0"" d=""M120.68800354003906 112.97699737548828 C120.68800354003906 121.50800323486328 114.4219970703125 128.72999572753906 105.85900115966797 131.03500366210938 L105.85900115966797 137.5590057373047 L94.14099884033203 137.5590057373047 L94.14099884033203 131.03500366210938 C85.5780029296875 128.72999572753906 79.31199645996094 121.50800323486328 79.31199645996094 112.97699737548828 L91.03099822998047 112.97699737548828 C91.03099822998047 116.89800262451172 95.05500030517578 120.09400177001953 100.0 120.09400177001953 C104.94499969482422 120.09400177001953 108.96900177001953 116.89800262451172 108.96900177001953 112.97699737548828 C108.96900177001953 109.0510025024414 104.94499969482422 105.85900115966797 100.0 105.85900115966797 C88.59400177001953 105.85900115966797 79.31199645996094 97.41000366210938 79.31199645996094 87.02300262451172 C79.31199645996094 78.49199676513672 85.5780029296875 71.2699966430664 94.14099884033203 68.96499633789062 L94.14099884033203 62.441001892089844 L105.85900115966797 62.441001892089844 L105.85900115966797 68.96499633789062 C114.4219970703125 71.2699966430664 120.68800354003906 78.49199676513672 120.68800354003906 87.02300262451172 L108.96900177001953 87.02300262451172 C108.96900177001953 83.10199737548828 104.94499969482422 79.90599822998047 100.0 79.90599822998047 C95.05500030517578 79.90599822998047 91.03099822998047 83.10199737548828 91.03099822998047 87.02300262451172 C91.03099822998047 90.9489974975586 95.05500030517578 94.14099884033203 100.0 94.14099884033203 C111.40599822998047 94.14099884033203 120.68800354003906 102.58999633789062 120.68800354003906 112.97699737548828 Z""></path>
<path fill=""#00aa8e"" fill-opacity=""1.0""  filling=""0"" d=""M120.68800354003906 112.97699737548828 C120.68800354003906 121.50800323486328 114.4219970703125 128.72999572753906 105.85900115966797 131.03500366210938 L105.85900115966797 137.5590057373047 L100.0 137.5590057373047 L100.0 120.09400177001953 C104.94499969482422 120.09400177001953 108.96900177001953 116.89800262451172 108.96900177001953 112.97699737548828 C108.96900177001953 109.0510025024414 104.94499969482422 105.85900115966797 100.0 105.85900115966797 L100.0 94.14099884033203 C111.40599822998047 94.14099884033203 120.68800354003906 102.58999633789062 120.68800354003906 112.97699737548828 Z""></path>
<path fill=""#00aa8e"" fill-opacity=""1.0""  filling=""0"" d=""M100.0 79.90599822998047 L100.0 62.441001892089844 L105.85900115966797 62.441001892089844 L105.85900115966797 68.96499633789062 C114.4219970703125 71.2699966430664 120.68800354003906 78.49199676513672 120.68800354003906 87.02300262451172 L108.96900177001953 87.02300262451172 C108.96900177001953 83.10199737548828 104.94499969482422 79.90599822998047 100.0 79.90599822998047 Z""></path></svg>"
2083ff4e29756f813951e64909f79e87,"<svg xmlns=""http://www.w3.org/2000/svg"" viewBox=""0.0 0.0 200.0 200.0"" height=""200.0px"" width=""200.0px""><path fill="""" fill-opacity=""1.0""  filling=""0"" d=""M149.4140625 80.83984375 C148.0859375 71.484375 143.96484375 63.359375 137.05078125 56.4453125 C130.13671875 49.53125 121.89453125 45.41015625 112.32421112060547 44.082035064697266 C102.75389862060547 42.75390625 93.73046875 44.53125 85.25390625 49.43359375 C76.796875 54.335941314697266 70.546875 61.23046875 66.54296875 70.15625 C60.312496185302734 68.37890625 54.062496185302734 68.14453125 47.83203125 69.4921875 C40.25390625 70.8203125 33.45703125 74.0625 27.44140625 79.1796875 C21.42578125 84.296875 17.1875 90.64453125 14.74609375 98.22265625 C12.3046875 105.80078125 11.85546875 113.4765625 13.41796875 121.26953125 C14.98046875 129.0625 18.4375 135.859375 23.76953125 141.66015625 C27.7734375 146.5625 32.67578125 150.234375 38.4765625 152.6953125 C44.277347564697266 155.13671875 50.2734375 156.3671875 56.5234375 156.3671875 L150.078125 156.3671875 C160.33203125 156.3671875 169.12109375 152.6953125 176.484375 145.33203125 C183.828125 137.98828125 187.51953125 129.0625 187.51953125 118.59375 C187.51953125 108.12499237060547 183.84765625 99.31640625 176.484375 92.1875 C169.140625 85.05859375 160.33203125 81.26953125 150.078125 80.8203125 L149.4140625 80.8203125 L149.4140625 80.83984375 Z M56.5234375 143.65234375 C50.29296875 143.65234375 44.492183685302734 141.875 39.140625 138.30078125 C33.7890625 134.74609375 29.90234375 130.05859375 27.44140625 124.2578125 C25.0 118.45703125 24.43359375 112.4609375 25.76171875 106.2109375 C27.08984375 99.98046875 30.0 94.62890625 34.453125 90.17578125 C40.25390625 83.9453125 47.597660064697266 80.8203125 56.503902435302734 80.8203125 C58.730472564697266 81.26953125 60.95703125 81.71875 63.18359375 82.1484375 L73.8671875 84.16015625 L77.87109375 74.8046875 C80.546875 68.57421875 84.8828125 63.671875 90.8984375 60.097660064697266 C96.9140625 56.54296875 103.37890625 55.312503814697266 110.27342987060547 56.42578125 C117.1875 57.5390625 123.203125 60.546875 128.3203125 65.44921875 C133.4375 70.3515625 136.4453125 76.1328125 137.34375 82.83203125 L138.671875 93.515625 L150.0390625 93.515625 C157.16796875 93.515625 163.18359375 95.95703125 168.0859375 100.85938262939453 C172.98828125 105.76171875 175.4296875 111.66015625 175.4296875 118.57421875 C175.4296875 125.48828125 172.98828125 131.38671875 168.0859375 136.2890625 C163.18359375 141.19140625 157.16796875 143.6328125 150.0390625 143.6328125 L56.484378814697266 143.6328125 L56.5234375 143.65234375 Z""></path></svg>"
a3f7d55f98b9f4650982837716e45558,"<svg height=""128"" viewBox=""0 0 16 16"" width=""128"" xmlns=""http://www.w3.org/2000/svg""><path d=""m8 3.33c-1.51 2.08-2.94 4.59-4.03 6.67h8.06c-1.09-2.07-2.52-4.59-4.03-6.67zm-4 7.67v2h8v-2z"" fill=""#808080""/></svg>"
51638adddbb17dd52b7a860d091afea2,"<svg xmlns=""http://www.w3.org/2000/svg"" viewBox=""0.0 0.0 200.0 200.0"" height=""200.0px"" width=""200.0px""><path fill=""currentColor"" fill-opacity=""1.0""  filling=""0"" d=""M25.0 43.75 C21.561996459960938 43.75 18.75 46.5620002746582 18.75 50.0 C18.75 53.4379997253418 21.561996459960938 56.25 25.0 56.25 L38.86899948120117 56.25 L55.275001525878906 121.875 C56.6619987487793 127.43800354003906 61.650001525878906 131.25 67.38099670410156 131.25 L145.31199645996094 131.25 C150.9499969482422 131.25 155.73699951171875 127.51300048828125 157.22500610351562 122.06900024414062 L173.43800354003906 62.5 L160.35000610351562 62.5 L145.31199645996094 118.75 L67.38099670410156 118.75 L50.974998474121094 53.125 A12.394000053405762 12.394000053405762 0.0 0 0 38.875 43.75 L25.0 43.75 Z M137.5 131.25 C127.21900177001953 131.25 118.75 139.718994140625 118.75 150.0 C118.75 160.281005859375 127.21900177001953 168.75 137.5 168.75 C147.781005859375 168.75 156.25 160.281005859375 156.25 150.0 C156.25 139.718994140625 147.781005859375 131.25 137.5 131.25 Z M81.25 131.25 C70.96900177001953 131.25 62.5 139.718994140625 62.5 150.0 C62.5 160.281005859375 70.96900177001953 168.75 81.25 168.75 C91.53099822998047 168.75 100.0 160.281005859375 100.0 150.0 C100.0 139.718994140625 91.53099822998047 131.25 81.25 131.25 Z M100.0 43.75 L100.0 75.0 L81.25 75.0 L106.25 100.0 L131.25 75.0 L112.5 75.0 L112.5 43.75 L100.0 43.75 Z M81.25 143.75 C84.76899719238281 143.75 87.5 146.48800659179688 87.5 150.0 C87.5 153.5189971923828 84.76300048828125 156.25 81.25 156.25 C77.73100280761719 156.25 75.0 153.51199340820312 75.0 150.0 C75.0 146.4810028076172 77.73799896240234 143.75 81.25 143.75 Z M137.5 143.75 C141.0189971923828 143.75 143.75 146.48800659179688 143.75 150.0 C143.75 153.5189971923828 141.01199340820312 156.25 137.5 156.25 C133.9810028076172 156.25 131.25 153.51199340820312 131.25 150.0 C131.25 146.4810028076172 133.98800659179688 143.75 137.5 143.75 Z""></path></svg>"
8edb2eb8e91319b38e0861e57637f9be,"<svg xmlns=""http://www.w3.org/2000/svg"" viewBox=""0.0 0.0 200.0 200.0"" height=""200.0px"" width=""200.0px""><path fill="""" fill-opacity=""1.0""  filling=""0"" d=""M159.87149047851562 140.271484375 A8.057226181030273 8.057226181030273 0.0 0 1 156.9285125732422 142.12850952148438 A8.085741996765137 8.085741996765137 0.0 0 1 153.4714813232422 142.51425170898438 A7.942773342132568 7.942773342132568 0.0 0 1 149.55722045898438 140.8857421875 A6.757226467132568 6.757226467132568 0.0 0 1 148.6999969482422 140.08575439453125 A19655.099609375 19655.099609375 0.0 0 0 79.58573913574219 68.9000015258789 C63.81425857543945 52.71426010131836 66.08573913574219 54.757225036621094 50.30000305175781 38.64277648925781 C48.94277572631836 37.24277114868164 47.728515625 35.714256286621094 46.328514099121094 34.371482849121094 C42.757225036621094 30.985740661621094 41.10000228881836 27.557228088378906 45.54277801513672 23.514259338378906 C49.0 20.314254760742188 52.728515625 20.628509521484375 56.95722579956055 24.914260864257812 C81.2857437133789 49.514259338378906 87.5 56.14277267456055 111.81426239013672 80.85723114013672 C130.6857452392578 99.9427719116211 140.8857421875 110.3714828491211 159.8000030517578 129.44277954101562 A8.814258575439453 8.814258575439453 0.0 0 1 161.4285125732422 133.04278564453125 A9.928515434265137 9.928515434265137 0.0 0 1 161.57147216796875 135.9285125732422 A10.057226181030273 10.057226181030273 0.0 0 1 160.78575134277344 138.6999969482422 A7.285742282867432 7.285742282867432 0.0 0 1 160.07147216796875 139.9714813232422 A11.028515815734863 11.028515815734863 0.0 0 1 159.87149047851562 140.25723266601562 L159.87149047851562 140.271484375 Z M135.0427703857422 68.5 L163.0427703857422 68.5 C169.0285186767578 68.5 171.9285125732422 72.771484375 168.271484375 77.10000610351562 A154.1857452392578 154.1857452392578 0.0 0 1 149.8427734375 95.52851104736328 A8.685742378234863 8.685742378234863 0.0 0 1 148.3427734375 96.3427734375 A7.142773151397705 7.142773151397705 0.0 0 1 139.9572296142578 94.02851867675781 A14373.6865234375 14373.6865234375 0.0 0 0 78.98574829101562 28.485740661621094 A6.400000095367432 6.400000095367432 0.0 0 1 78.271484375 21.985748291015625 C80.14277648925781 16.228515625 82.228515625 10.428520202636719 83.58574676513672 4.5 C84.42851257324219 0.8714828491210938 86.228515625 0.0 89.55722045898438 0.0 C114.69999694824219 0.09999847412109375 139.78573608398438 0.0 164.95721435546875 0.09999847412109375 C171.8857421875 0.09999847412109375 173.17147827148438 3.0 169.20001220703125 9.857223510742188 C160.21426391601562 25.428512573242188 151.05723571777344 40.885746002197266 141.98573303222656 56.32851791381836 C139.8427734375 60.057228088378906 137.91424560546875 63.67148208618164 135.07147216796875 68.5 L135.0427703857422 68.5 Z M92.47148895263672 122.75723266601562 C79.771484375 122.75723266601562 68.0142593383789 122.8714828491211 56.228519439697266 122.75723266601562 C47.228515625 122.6572265625 45.35722732543945 119.92851257324219 48.48574447631836 111.52851867675781 C52.485740661621094 100.85722351074219 56.95722579956055 90.4000015258789 60.81425476074219 79.728515625 C63.114253997802734 73.44277954101562 66.8857421875 73.5 70.75723266601562 77.3714828491211 A6236.37158203125 6236.37158203125 0.0 0 1 122.14276885986328 129.4285125732422 A7.442773342132568 7.442773342132568 0.0 0 1 124.54277038574219 134.728515625 A7.571484088897705 7.571484088897705 0.0 0 1 123.54277038574219 138.5427703857422 A7.599999904632568 7.599999904632568 0.0 0 1 122.0142593383789 140.37149047851562 C108.77147674560547 154.6857452392578 95.5 168.9714813232422 82.228515625 183.24276733398438 C80.5 185.12850952148438 78.3285140991211 186.51425170898438 76.0572280883789 185.1999969482422 C73.3857421875 183.67147827148438 73.78573608398438 181.05722045898438 74.7142562866211 178.28573608398438 C80.57148742675781 160.1427764892578 86.3714828491211 142.05722045898438 92.45722961425781 122.77149200439453 L92.47148895263672 122.75723266601562 Z""></path></svg>"
868eb1cfe38c855f29c42910408a503f,"<svg xmlns=""http://www.w3.org/2000/svg"" viewBox=""0.0 0.0 200.0 200.0"" height=""200.0px"" width=""200.0px""><path fill=""#272636"" fill-opacity=""1.0""  filling=""0"" d=""M100.00370788574219 0.0 C44.86113357543945 0.0 0.0 44.86113357543945 0.0 100.00273132324219 C0.0 155.14080810546875 44.86113357543945 200.0 100.00370788574219 200.0 C155.1455078125 200.0 200.00665283203125 155.14080810546875 200.00665283203125 100.00273132324219 C200.0068359375 44.86113357543945 155.1457061767578 0.0 100.00370788574219 0.0 Z M155.09510803222656 84.46562194824219 C155.09510803222656 85.5087890625 154.587890625 86.49590301513672 153.7400360107422 87.10625457763672 L143.05487060546875 94.541015625 L138.8328094482422 102.9603500366211 C138.57266235351562 103.4867172241211 138.18145751953125 103.9244155883789 137.6789093017578 104.2496109008789 L131.251953125 108.4859390258789 L136.3751983642578 113.4583969116211 C137.01698303222656 114.1068344116211 137.3621063232422 114.94629669189453 137.3621063232422 115.794921875 L137.3621063232422 126.6783218383789 C137.3621063232422 127.35820007324219 137.14102172851562 128.037109375 136.7375030517578 128.58944702148438 L128.7255859375 139.5929718017578 C128.29940795898438 140.15762329101562 127.77656555175781 140.54747009277344 127.18925476074219 140.75820922851562 L114.6513671875 145.47988891601562 L105.126953125 150.875 C104.93496704101562 150.9865264892578 104.34784698486328 151.31756591796875 103.53105163574219 151.31756591796875 C102.88300323486328 151.31756591796875 102.26484680175781 151.119140625 101.6917953491211 150.72421264648438 L94.7720718383789 146.01405334472656 L79.5703125 146.01405334472656 C77.779296875 146.01405334472656 76.32207489013672 144.55682373046875 76.32207489013672 142.76211547851562 L76.32207489013672 134.142578125 L62.31914138793945 134.142578125 C61.58280944824219 134.142578125 60.861915588378906 133.88906860351562 60.28593826293945 133.42930603027344 L48.003517150878906 123.5855484008789 C47.4189453125 123.115234375 47.01738357543945 122.45332336425781 46.865821838378906 121.71894073486328 L43.450782775878906 105.5464859008789 L37.4462890625 99.7642593383789 C36.80156326293945 99.14433288574219 36.44961166381836 98.31367492675781 36.44961166381836 97.42304992675781 C36.44961166381836 96.53242492675781 36.80156326293945 95.7005844116211 37.442386627197266 95.0835952758789 L44.17168045043945 88.59765625 C44.77812576293945 88.01289367675781 45.57831954956055 87.693359375 46.42401885986328 87.693359375 L51.66171646118164 87.693359375 L56.38437271118164 83.09101867675781 L56.38437271118164 77.978515625 C56.38437271118164 76.7357406616211 57.078712463378906 75.61992645263672 58.19746398925781 75.06680297851562 L71.48965454101562 68.5816421508789 C73.0384750366211 67.82832336425781 75.01171875 68.4740219116211 75.80508422851562 70.0113296508789 L81.99922180175781 82.08965301513672 L92.1216812133789 87.58769226074219 L104.71992492675781 86.09785461425781 L115.51835632324219 78.6820297241211 L114.35957336425781 67.3773422241211 C114.22402954101562 66.2119140625 114.78984069824219 65.0054702758789 115.80644989013672 64.3427734375 L125.07421875 58.574806213378906 L136.0749969482422 54.030662536621094 C137.15859985351562 53.58144760131836 138.49256896972656 53.781246185302734 139.40545654296875 54.546485900878906 L153.9490203857422 66.9091796875 C154.6775360107422 67.53085327148438 155.09510803222656 68.43203735351562 155.09510803222656 69.3837890625 L155.09510803222656 84.46562194824219 Z""></path>
<path fill=""#272636"" fill-opacity=""1.0""  filling=""0"" d=""M127.26289367675781 63.302345275878906 L119.6630859375 68.0679702758789 L121.009765625 81.2232437133789 L106.6064453125 91.1146469116211 L91.0902328491211 92.9496078491211 L78.10272979736328 85.8960952758789 L72.0537109375 74.0980453491211 L61.58906173706055 79.2021484375 L61.58906173706055 85.2828140258789 L53.77890396118164 92.8960952758789 L47.212886810302734 92.8960952758789 L42.51679611206055 97.4212875366211 L48.211524963378906 102.9058609008789 L51.81621170043945 119.97187042236328 L63.00469207763672 128.9384765625 L81.5263671875 128.9384765625 L81.5263671875 140.80899047851562 L96.37324523925781 140.80899047851562 L103.62675476074219 145.7462921142578 L112.63164520263672 140.68125915527344 L124.84922790527344 136.08065795898438 L132.1609344482422 126.03730010986328 L132.1609344482422 116.61698913574219 L122.9800796508789 107.7056655883789 L134.41268920898438 100.17070770263672 L138.9968719482422 91.0259780883789 L149.89178466796875 83.44512176513672 L149.89178466796875 70.2939453125 L136.9578094482422 59.29804611206055 L127.26289367675781 63.302345275878906 Z M69.0044937133789 102.5072250366211 L62.82265853881836 102.5072250366211 L62.82265853881836 97.4925765991211 L69.0044937133789 97.4925765991211 L69.0044937133789 102.5072250366211 Z M83.1314468383789 109.9419937133789 L76.9496078491211 109.9419937133789 L76.9496078491211 104.927734375 L83.1314468383789 104.927734375 L83.1314468383789 109.9419937133789 Z M92.68241882324219 133.73086547851562 L86.50077819824219 133.73086547851562 L86.50077819824219 128.71739196777344 L92.68241882324219 128.71739196777344 L92.68241882324219 133.73086547851562 Z M98.86405944824219 118.30683898925781 L92.68241882324219 118.30683898925781 L92.68241882324219 113.2923812866211 L98.86405944824219 113.2923812866211 L98.86405944824219 118.30683898925781 Z M109.45858764648438 126.66777038574219 L103.2769546508789 126.66777038574219 L103.2769546508789 121.6533203125 L109.45858764648438 121.6533203125 L109.45858764648438 126.66777038574219 Z M111.8941421508789 112.44941711425781 L105.71249389648438 112.44941711425781 L105.71249389648438 107.43496704101562 L111.8941421508789 107.43496704101562 L111.8941421508789 112.44941711425781 Z M118.076171875 102.5072250366211 L111.89453887939453 102.5072250366211 L111.89453887939453 97.4925765991211 L118.076171875 97.4925765991211 L118.076171875 102.5072250366211 Z M131.4638671875 82.990234375 L125.2822265625 82.990234375 L125.2822265625 77.97578430175781 L131.4638671875 77.97578430175781 L131.4638671875 82.990234375 Z""></path></svg>"
11a27a3b6cf29b26cfb4e9705a0f2b91,"<svg xmlns=""http://www.w3.org/2000/svg"" viewBox=""0.0 0.0 200.0 200.0"" height=""200.0px"" width=""200.0px""><path fill=""currentColor"" fill-opacity=""1.0""  filling=""0"" d=""M99.84400177001953 3.125 C155.23399353027344 3.125 196.875 46.132999420166016 196.875 100.0 C196.875 157.46099853515625 150.58599853515625 196.875 99.84400177001953 196.875 C47.5 196.875 3.125 154.1020050048828 3.125 100.0 C3.125 48.08599853515625 44.02299880981445 3.125 99.84400177001953 3.125 Z M100.15599822998047 20.58599853515625 C53.98400115966797 20.58599853515625 20.58599853515625 58.827999114990234 20.58599853515625 100.0 C20.58599853515625 142.89100646972656 56.21099853515625 179.218994140625 100.15599822998047 179.218994140625 C140.468994140625 179.218994140625 179.375 147.53900146484375 179.375 100.0 C179.41400146484375 55.547000885009766 144.14100646972656 20.58599853515625 100.15599822998047 20.58599853515625 Z M136.875 76.9530029296875 L136.875 93.55500030517578 L66.44499969482422 93.55500030517578 L66.44499969482422 76.9530029296875 L136.875 76.9530029296875 Z M136.875 108.125 L136.875 124.72699737548828 L66.44499969482422 124.72699737548828 L66.44499969482422 108.125 L136.875 108.125 Z""></path></svg>"
e1f2704ae308f86cfd5a65dce745e37a,"<svg xmlns=""http://www.w3.org/2000/svg"" viewBox=""0.0 0.0 200.0 200.0"" height=""200.0px"" width=""200.0px""><path fill=""currentColor"" fill-opacity=""1.0""  filling=""0"" d=""M177.89100646972656 200.0 L22.012001037597656 200.0 C16.426002502441406 200.0 11.133003234863281 198.2030029296875 7.069999694824219 194.96099853515625 C2.6760025024414062 191.44500732421875 0.15599822998046875 186.44500732421875 0.15599822998046875 181.25 L0.15599822998046875 137.8520050048828 C0.15599822998046875 134.39500427246094 2.9489974975585938 131.6020050048828 6.405998229980469 131.6020050048828 C9.862998962402344 131.6020050048828 12.655998229980469 134.39500427246094 12.655998229980469 137.8520050048828 L12.655998229980469 181.25 C12.655998229980469 184.57000732421875 17.03099822998047 187.5 22.012001037597656 187.5 L177.89100646972656 187.5 C182.87100219726562 187.5 187.24600219726562 184.57000732421875 187.24600219726562 181.25 L187.24600219726562 137.8520050048828 C187.24600219726562 134.39500427246094 190.03900146484375 131.6020050048828 193.49600219726562 131.6020050048828 C196.9530029296875 131.6020050048828 199.74600219726562 134.39500427246094 199.74600219726562 137.8520050048828 L199.74600219726562 181.25 C199.74600219726562 186.44500732421875 197.2270050048828 191.44500732421875 192.83200073242188 194.96099853515625 C188.77000427246094 198.2030029296875 183.45700073242188 200.0 177.89100646972656 200.0 Z M6.405998229980469 68.7699966430664 C2.9489974975585938 68.7699966430664 0.15599822998046875 65.97699737548828 0.15599822998046875 62.52000045776367 L0.15599822998046875 18.75 C0.15599822998046875 13.555000305175781 2.6760025024414062 8.555000305175781 7.069999694824219 5.03900146484375 C11.112998962402344 1.7969970703125 16.426002502441406 0.0 22.012001037597656 0.0 L177.89100646972656 0.03900146484375 C183.4770050048828 0.03900146484375 188.77000427246094 1.83599853515625 192.83200073242188 5.0780029296875 C197.2270050048828 8.594001770019531 199.74600219726562 13.594001770019531 199.74600219726562 18.78900146484375 L199.74600219726562 62.52000045776367 C199.74600219726562 65.97699737548828 196.9530029296875 68.7699966430664 193.49600219726562 68.7699966430664 C190.03900146484375 68.7699966430664 187.24600219726562 65.97699737548828 187.24600219726562 62.52000045776367 L187.24600219726562 18.78900146484375 C187.24600219726562 15.469001770019531 182.87100219726562 12.53900146484375 177.89100646972656 12.53900146484375 L22.012001037597656 12.5 C19.2969970703125 12.5 16.698997497558594 13.339996337890625 14.883003234863281 14.785003662109375 C14.061996459960938 15.448997497558594 12.655998229980469 16.854995727539062 12.655998229980469 18.75 L12.655998229980469 62.52000045776367 C12.655998229980469 65.97699737548828 9.862998962402344 68.7699966430664 6.405998229980469 68.7699966430664 Z M192.08999633789062 106.2699966430664 L6.25 106.2699966430664 C2.792999267578125 106.2699966430664 0.0 103.47699737548828 0.0 100.0199966430664 C0.0 96.56199645996094 2.792999267578125 93.7699966430664 6.25 93.7699966430664 L192.10899353027344 93.7699966430664 C195.5659942626953 93.7699966430664 198.35899353027344 96.56199645996094 198.35899353027344 100.0199966430664 C198.35899353027344 103.47699737548828 195.5469970703125 106.2699966430664 192.08999633789062 106.2699966430664 Z""></path></svg>"
963bb1df7ab893b87b41941827c22f17,"<svg enable-background=""new 0 0 48 48"" height=""128"" viewBox=""0 0 48 48"" width=""128"" xmlns=""http://www.w3.org/2000/svg""><g fill=""#3f51b5""><path d=""m4 29l14-11.7v23.4z""/><path d=""m42 21v-13h-8v13c0 2.2-1.8 4-4 4h-17v8h17c6.6 0 12-5.4 12-12z""/></g></svg>"
4b5eeb0941380dab5e4b7c21a36902b0,"<svg xmlns=""http://www.w3.org/2000/svg"" viewBox=""0.0 0.0 200.0 200.0"" height=""200.0px"" width=""200.0px""><path fill=""currentColor"" fill-opacity=""1.0""  filling=""0"" d=""M150.0 62.5 C150.0 54.6879997253418 150.0 54.6879997253418 144.531005859375 49.21900177001953 C139.06199645996094 43.75 139.06199645996094 43.75 131.25 43.75 L25.0 43.75 C17.188003540039062 43.75 17.188003540039062 43.75 11.719001770019531 49.21900177001953 C6.25 54.6879997253418 6.25 54.6879997253418 6.25 62.5 L6.25 143.75 C6.25 151.56199645996094 6.25 151.56199645996094 11.719001770019531 157.031005859375 C17.188003540039062 162.5 17.188003540039062 162.5 25.0 162.5 L131.25 162.5 C139.06199645996094 162.5 139.06199645996094 162.5 144.531005859375 157.031005859375 C150.0 151.56199645996094 150.0 151.56199645996094 150.0 143.75 L193.75 156.25 L193.75 50.0 L150.0 62.5 M143.75 150.0 C143.75 152.53799438476562 143.75 152.53799438476562 141.8939971923828 154.3939971923828 C140.03799438476562 156.25 140.03799438476562 156.25 137.5 156.25 L18.75 156.25 C16.212997436523438 156.25 16.212997436523438 156.25 14.356002807617188 154.3939971923828 C12.5 152.53799438476562 12.5 152.53799438476562 12.5 150.0 L12.5 56.25 C12.5 53.71200180053711 12.5 53.71200180053711 14.356002807617188 51.85599899291992 C16.212997436523438 50.0 16.212997436523438 50.0 18.75 50.0 L137.5 50.0 C140.03799438476562 50.0 140.03799438476562 50.0 141.8939971923828 51.85599899291992 C143.75 53.71200180053711 143.75 53.71200180053711 143.75 56.25 L143.75 150.0 M187.5 150.0 L150.0 137.5 L150.0 68.75 L187.5 56.25 L187.5 150.0 Z""></path></svg>"
eba7feb3013e23adb23aa8432b5c6e40,"<svg xmlns=""http://www.w3.org/2000/svg"" viewBox=""0.0 0.0 200.0 200.0"" height=""200.0px"" width=""200.0px""><path fill=""#A25DEF"" fill-opacity=""1.0""  filling=""0"" d=""M141.57200622558594 118.76599884033203 A18.381999969482422 18.381999969482422 0.0 0 1 140.01600646972656 119.98100280761719 C139.7740020751953 120.16300201416016 139.52499389648438 120.33699798583984 139.281005859375 120.51399993896484 C103.91899871826172 145.51199340820312 100.32099914550781 174.69400024414062 100.01499938964844 182.44500732421875 C100.01499938964844 182.36500549316406 100.01499938964844 182.29800415039062 99.9990005493164 182.2220001220703 C97.87899780273438 150.70700073242188 72.46199798583984 129.11199951171875 63.2859992980957 122.30799865722656 A66.66600036621094 66.66600036621094 0.0 1 1 141.57200622558594 118.76599884033203 Z M99.9990005493164 184.44500732421875 C99.9990005493164 184.44500732421875 99.96399688720703 183.7270050048828 100.01499938964844 182.44500732421875 C102.5790023803711 220.5749969482422 99.9990005493164 184.44500732421875 99.9990005493164 184.44500732421875 Z""></path>
<path fill=""#FFFFFF"" fill-opacity=""1.0""  filling=""0"" d=""M99.9990005493164 0.00299835205078125 A66.6520004272461 66.6520004272461 0.0 0 1 141.57200622558594 118.76599884033203 A18.381999969482422 18.381999969482422 0.0 0 1 140.01600646972656 119.98100280761719 C139.7740020751953 120.16300201416016 139.52499389648438 120.33699798583984 139.281005859375 120.51399993896484 A122.95600128173828 122.95600128173828 0.0 0 0 132.64300537109375 125.55400085449219 L53.52000045776367 18.89099884033203 A66.43000030517578 66.43000030517578 0.0 0 1 99.9990005493164 0.00299835205078125 Z""></path>
<path fill=""#FFFFFF"" fill-opacity=""1.0""  filling=""0"" d=""M144.41200256347656 44.099998474121094 C144.9669952392578 75.8219985961914 137.43699645996094 94.01899719238281 118.87899780273438 107.84600067138672 C115.65399932861328 110.24800109863281 104.45700073242188 119.19200134277344 98.4530029296875 117.58799743652344 A49.70399856567383 49.70399856567383 0.0 0 1 83.13300323486328 109.38300323486328 C62.755001068115234 94.68800354003906 55.48899841308594 78.28800201416016 55.55500030517578 44.612998962402344 C59.13100051879883 43.09299850463867 64.20899963378906 43.00899887084961 66.27999877929688 40.0 C67.90399932861328 37.63800048828125 68.43299865722656 33.08900451660156 69.34400177001953 31.285003662109375 C69.21499633789062 30.71099853515625 86.76799774169922 24.808998107910156 92.83499908447266 22.569000244140625 A41.33300018310547 41.33300018310547 0.0 0 1 100.49500274658203 20.00299835205078 C110.53700256347656 23.762001037597656 121.09200286865234 27.522003173828125 131.13400268554688 31.281997680664062 C131.5989990234375 36.89099884033203 134.1479949951172 42.2239990234375 139.30499267578125 43.073001861572266 A14.461999893188477 14.461999893188477 0.0 0 0 144.41200256347656 44.099998474121094 Z M73.93900299072266 35.384002685546875 A16.760000228881836 16.760000228881836 0.0 0 1 66.79100036621094 47.178001403808594 L61.17300033569336 49.229000091552734 L61.17300033569336 60.50899887084961 A87.59600067138672 87.59600067138672 0.0 0 0 64.23799896240234 77.4280014038086 C68.99099731445312 92.06999969482422 76.12200164794922 98.04399871826172 87.72799682617188 105.7969970703125 C91.25700378417969 108.15399932861328 95.02799987792969 111.69200134277344 100.49500274658203 111.94999694824219 A36.88800048828125 36.88800048828125 0.0 0 0 108.66600036621094 108.35900115966797 C111.35199737548828 106.71700286865234 114.25900268554688 104.65899658203125 116.83699798583984 102.71900177001953 C131.69200134277344 91.53700256347656 138.77200317382812 75.36199951171875 138.79600524902344 49.229000091552734 A17.40399932861328 17.40399932861328 0.0 0 1 127.55400085449219 41.02399826049805 A33.33300018310547 33.33300018310547 0.0 0 1 126.02300262451172 35.89799499511719 C122.09700012207031 33.720001220703125 112.98100280761719 30.89599609375 107.63899993896484 28.720001220703125 C105.76599884033203 27.95800018310547 100.99700164794922 25.904998779296875 99.97899627685547 26.15599822998047 C92.30999755859375 28.057998657226562 91.7770004272461 29.779998779296875 73.93900299072266 35.384002685546875 Z M99.98400115966797 37.94900131225586 C102.55000305175781 40.6870002746582 106.8280029296875 54.20600128173828 110.20600128173828 56.40599822998047 C116.50299835205078 57.430999755859375 122.8030014038086 57.944000244140625 129.093994140625 58.97100067138672 L129.093994140625 59.48400115966797 L128.58299255371094 59.48400115966797 C125.11399841308594 63.16400146484375 116.90799713134766 70.03500366210938 114.80599975585938 73.32599639892578 C114.98999786376953 77.5479965209961 117.76300048828125 89.25499725341797 117.87000274658203 93.32599639892578 L117.35900115966797 93.32599639892578 C115.61199951171875 91.66400146484375 100.33699798583984 84.34200286865234 99.99700164794922 84.09700012207031 C93.9260025024414 86.4729995727539 87.69000244140625 90.58399963378906 82.1240005493164 93.32599639892578 C82.1240005493164 92.4729995727539 82.63500213623047 91.61699676513672 82.63500213623047 90.76200103759766 C83.44200134277344 86.10800170898438 84.50199890136719 78.53900146484375 85.18800354003906 72.81700134277344 C82.49099731445312 70.4729995727539 74.01499938964844 61.856998443603516 70.89099884033203 58.972999572753906 L71.4020004272461 58.972999572753906 C77.03500366210938 57.57500076293945 83.21700286865234 57.22200012207031 91.31700134277344 55.89699935913086 C94.0260009765625 49.9109992980957 97.25900268554688 43.92900085449219 99.98400115966797 37.946998596191406 L99.98400115966797 37.94900131225586 Z""></path></svg>"
4e355e35dc8edb95b514e3487a9e13f4,"<svg xmlns=""http://www.w3.org/2000/svg"" viewBox=""0.0 0.0 200.0 200.0"" height=""200.0px"" width=""200.0px""><path fill=""#424244"" fill-opacity=""1.0""  filling=""0"" d=""M173.7729949951172 95.98799896240234 C164.16400146484375 90.11699676513672 161.13499450683594 77.56800079345703 167.00599670410156 67.96099853515625 C169.1269989013672 64.48999786376953 172.125 61.893001556396484 175.5330047607422 60.24800109863281 C175.0 59.23400115966797 174.46299743652344 58.22100067138672 173.88499450683594 57.21900177001953 C166.093994140625 43.722999572753906 155.16600036621094 33.18000030517578 142.5659942626953 25.928001403808594 C140.7209930419922 29.39599609375 137.85699462890625 32.36900329589844 134.125 34.347999572753906 C124.1760025024414 39.62300109863281 111.83599853515625 35.83399963378906 106.56099700927734 25.88500213623047 C104.65399932861328 22.291000366210938 103.9469985961914 18.38500213623047 104.27100372314453 14.611000061035156 C88.33399963378906 13.773002624511719 71.98400115966797 17.361000061035156 57.132999420166016 25.936004638671875 C55.72999954223633 26.746002197265625 54.3650016784668 27.59600067138672 53.025001525878906 28.472999572753906 C55.29100036621094 31.683998107910156 56.65399932861328 35.582000732421875 56.737998962402344 39.80500030517578 C56.9630012512207 51.0620002746582 48.02000045776367 60.37099838256836 36.762001037597656 60.597999572753906 C32.691001892089844 60.68000030517578 28.887001037597656 59.54899978637695 25.66400146484375 57.558998107910156 C17.6719970703125 71.58000183105469 13.773002624511719 87.6500015258789 14.491996765136719 103.81999969482422 C18.410003662109375 103.50800323486328 22.458999633789062 104.31999969482422 26.137001037597656 106.4000015258789 C35.93800354003906 111.94499969482422 39.388999938964844 124.38500213623047 33.84400177001953 134.18600463867188 C31.839996337890625 137.7270050048828 28.93000030517578 140.42599487304688 25.576004028320312 142.1840057373047 C25.669998168945312 142.35000610351562 25.753997802734375 142.52000427246094 25.849998474121094 142.68600463867188 C34.15599822998047 157.07200622558594 46.02000045776367 168.11099243164062 59.68199920654297 175.375 C61.40800094604492 171.8459930419922 64.1719970703125 168.77699279785156 67.83599853515625 166.6739959716797 C77.60199737548828 161.0659942626953 90.06199645996094 164.43800354003906 95.66999816894531 174.2030029296875 C97.6989974975586 177.73800659179688 98.53700256347656 181.6230010986328 98.33599853515625 185.41200256347656 C113.3550033569336 185.69500732421875 128.64300537109375 182.02699279785156 142.60000610351562 173.968994140625 C143.16600036621094 173.64100646972656 143.70899963378906 173.28900146484375 144.26400756835938 172.9510040283203 C142.11500549316406 169.6699981689453 140.88699340820312 165.73399353027344 140.9429931640625 161.51800537109375 C141.09800720214844 150.25799560546875 150.35000610351562 141.25599670410156 161.60699462890625 141.4080047607422 C165.68600463867188 141.46499633789062 169.45700073242188 142.72500610351562 172.61500549316406 144.8300018310547 C181.0919952392578 131.06100463867188 185.49200439453125 115.11299896240234 185.3179931640625 98.95899963378906 C181.3979949951172 99.14099884033203 177.37899780273438 98.19100189208984 173.7729949951172 95.98799896240234 Z""></path>
<path fill=""#FFFFFF"" fill-opacity=""1.0""  filling=""0"" d=""M102.8239974975586 68.08999633789062 C95.52899932861328 61.32400131225586 85.36900329589844 59.611000061035156 76.60900115966797 62.75199890136719 L93.25800323486328 78.19100189208984 L77.16000366210938 95.54900360107422 L60.512001037597656 80.10900115966797 C58.03900146484375 89.08000183105469 60.512001037597656 99.08200073242188 67.80699920654297 105.8479995727539 C75.65799713134766 113.12899780273438 86.83200073242188 114.5739974975586 96.00199890136719 110.3949966430664 C96.10700225830078 110.51200103759766 96.19499969482422 110.63899993896484 96.31400299072266 110.74800109863281 L124.88300323486328 137.24200439453125 C127.0739974975586 139.27499389648438 130.5 139.14599609375 132.5330047607422 136.9530029296875 L138.71299743652344 130.28900146484375 C140.74600219726562 128.09800720214844 140.61700439453125 124.6719970703125 138.4239959716797 122.63899993896484 L109.85700225830078 96.14800262451172 C109.73999786376953 96.03900146484375 109.6050033569336 95.96099853515625 109.4800033569336 95.86299896240234 C112.95700073242188 86.40399932861328 110.6760025024414 75.37100219726562 102.8239974975586 68.08999633789062 Z""></path>
<path fill=""currentColor"" fill-opacity=""1.0""  filling=""0"" d=""M124.78900146484375 115.6760025024414 L135.6199951171875 125.59300231933594 L133.5540008544922 127.8479995727539 L122.7229995727539 117.93099975585938 L124.78900146484375 115.6760025024414 Z""></path></svg>"
b3e6d797f017ecf5c69db1bc13ea6505,"<svg xmlns=""http://www.w3.org/2000/svg"" viewBox=""0.0 0.0 200.0 200.0"" height=""200.0px"" width=""200.0px""><path fill="""" fill-opacity=""1.0"" filling=""0"" d=""M61.258785247802734 99.6587905883789 L145.32948303222656 183.7412109375 L137.01171875 192.0587921142578 L44.623435974121094 99.6587905883789 L137.0234375 7.2705078125 L145.34120178222656 15.588287353515625 L61.258785247802734 99.6587905883789 Z""></path></svg>"
b7b04b9f8a1071aba9fe8401fad79678,"<svg xmlns=""http://www.w3.org/2000/svg"" viewBox=""0.0 0.0 200.0 200.0"" height=""200.0px"" width=""200.0px""><path fill=""#FCBE42"" fill-opacity=""1.0""  filling=""0"" d=""M49.792999267578125 154.2469940185547 C48.542999267578125 154.2469940185547 47.28099822998047 153.86599731445312 46.19300079345703 153.0760040283203 L34.925994873046875 144.89199829101562 C32.18699645996094 142.9029998779297 31.580001831054688 139.0709991455078 33.56999969482422 136.33299255371094 C35.561004638671875 133.5959930419922 39.39500045776367 132.98899841308594 42.13399887084961 134.97900390625 L48.520999908447266 139.61700439453125 L69.08499908447266 112.25700378417969 C69.88400268554688 111.19499969482422 71.00599670410156 110.4209976196289 72.28299713134766 110.0510025024414 L113.51699829101562 98.1240005493164 C116.77100372314453 97.18299865722656 120.16899871826172 99.05599975585938 121.11100006103516 102.30699920654297 C122.052001953125 105.55699920654297 120.1780014038086 108.95500183105469 116.92500305175781 109.89600372314453 L77.65899658203125 121.25399780273438 L54.70000076293945 151.8000030517578 C53.49599838256836 153.4010009765625 51.65599822998047 154.2469940185547 49.792999267578125 154.2469940185547 Z""></path>
<path fill=""#FCBE42"" fill-opacity=""1.0""  filling=""0"" d=""M68.31500244140625 86.95600128173828 C65.46299743652344 86.95600128173828 62.90800094604492 84.95600128173828 62.31399917602539 82.05500030517578 C61.63600158691406 78.73899841308594 63.7760009765625 75.50199890136719 67.09300231933594 74.8239974975586 L98.71299743652344 68.36499786376953 L115.96399688720703 41.87699890136719 C117.81199645996094 39.040000915527344 121.60900115966797 38.23899841308594 124.4469985961914 40.084999084472656 C127.28500366210938 41.930999755859375 128.08799743652344 45.72700119018555 126.24099731445312 48.5629997253418 L107.58999633789062 77.197998046875 C106.69499969482422 78.5719985961914 105.28700256347656 79.52999877929688 103.68000030517578 79.85900115966797 L69.54900360107422 86.83100128173828 C69.13500213623047 86.91500091552734 68.72100067138672 86.95600128173828 68.31500244140625 86.95600128173828 Z""></path>
<path fill=""#FFD066"" fill-opacity=""1.0""  filling=""0"" d=""M153.58200073242188 190.04200744628906 C152.4969940185547 190.04200744628906 151.3979949951172 189.75399780273438 150.39999389648438 189.1479949951172 C147.51100158691406 187.39300537109375 146.677001953125 183.572998046875 148.38800048828125 180.66299438476562 L151.83599853515625 174.8000030517578 L118.12300109863281 149.51800537109375 C116.8550033569336 148.56700134277344 116.00399780273438 147.16099548339844 115.7509994506836 145.5959930419922 L109.16899871826172 104.99199676513672 C109.08300018310547 104.46600341796875 109.06700134277344 103.93199920654297 109.12000274658203 103.4020004272461 L115.00199890136719 44.61000061035156 C115.2229995727539 42.39799880981445 116.6259994506836 40.47999954223633 118.66600036621094 39.59600067138672 C120.70899963378906 38.7130012512207 123.06600189208984 39.00400161743164 124.83200073242188 40.35599899291992 L155.23899841308594 63.652000427246094 C156.6179962158203 64.70800018310547 157.48399353027344 66.2979965209961 157.62100219726562 68.0270004272461 L160.47000122070312 103.84300231933594 C160.73899841308594 107.21700286865234 158.22000122070312 110.16899871826172 154.84500122070312 110.43699645996094 C151.47300720214844 110.70700073242188 148.51499938964844 108.18800354003906 148.2469940185547 104.81400299072266 L145.6959991455078 72.74500274658203 C145.6439971923828 72.09200286865234 145.3179931640625 71.49199676513672 144.7969970703125 71.09300231933594 L126.10700225830078 56.775001525878906 L121.4000015258789 103.822998046875 L127.26200103759766 139.98599243164062 C127.38899993896484 140.76400756835938 127.81099700927734 141.46200561523438 128.44200134277344 141.93499755859375 L163.5760040283203 168.2830047607422 C166.0709991455078 170.15499877929688 166.76300048828125 173.6009979248047 165.1820068359375 176.2899932861328 L158.8730010986328 187.0189971923828 C157.7310028076172 188.96099853515625 155.6840057373047 190.04200744628906 153.58200073242188 190.04200744628906 Z""></path>
<path fill=""#FF9C4A"" fill-opacity=""1.0""  filling=""0"" d=""M130.4250030517578 24.12000274658203 C127.58300018310547 30.071998596191406 120.45099639892578 32.595001220703125 114.49500274658203 29.75499725341797 C108.53900146484375 26.915000915527344 106.01499938964844 19.785995483398438 108.85700225830078 13.833999633789062 C111.6989974975586 7.8809967041015625 118.83100128173828 5.358001708984375 124.78700256347656 8.197998046875 C130.7429962158203 11.038002014160156 133.26699829101562 18.16699981689453 130.4250030517578 24.12000274658203 Z""></path>
<path fill=""#F24E5E"" fill-opacity=""1.0""  filling=""0"" d=""M40.5099983215332 109.78500366210938 A13.838000297546387 13.822999954223633 0.0 1 1 12.833999633789062 109.78500366210938 A13.838000297546387 13.822999954223633 0.0 1 1 40.5099983215332 109.78500366210938 Z""></path>
<path fill=""#DD314B"" fill-opacity=""1.0""  filling=""0"" d=""M26.673004150390625 95.96299743652344 C25.316001892089844 95.96299743652344 24.005996704101562 96.16100311279297 22.766998291015625 96.5250015258789 C28.507003784179688 98.20899963378906 32.699005126953125 103.50700378417969 32.699005126953125 109.78600311279297 C32.699005126953125 116.06500244140625 28.507003784179688 121.36199951171875 22.766998291015625 123.0469970703125 C24.005996704101562 123.41100311279297 25.316001892089844 123.60900115966797 26.673004150390625 123.60900115966797 C34.316001892089844 123.60900115966797 40.51100158691406 117.41999816894531 40.51100158691406 109.78600311279297 C40.51100158691406 102.1520004272461 34.316001892089844 95.96299743652344 26.673004150390625 95.96299743652344 Z""></path>
<path fill=""#AF8B64"" fill-opacity=""1.0""  filling=""0"" d=""M197.07000732421875 192.968994140625 L2.9300003051757812 192.968994140625 C1.3109970092773438 192.968994140625 0.0 191.65899658203125 0.0 190.04200744628906 C0.0 188.42599487304688 1.3109970092773438 187.11599731445312 2.9300003051757812 187.11599731445312 L197.07000732421875 187.11599731445312 C198.68899536132812 187.11599731445312 200.0 188.42599487304688 200.0 190.04200744628906 C200.0 191.65899658203125 198.68899536132812 192.968994140625 197.07000732421875 192.968994140625 Z""></path></svg>"
f8442c8dd7a2c3d1ae8c7c1f2ea9a253,"<svg xmlns=""http://www.w3.org/2000/svg"" viewBox=""0.0 0.0 200.0 200.0"" height=""200.0px"" width=""200.0px""><path fill=""#F55C04"" fill-opacity=""1.0""  filling=""0"" d=""M110.13008117675781 183.15000915527344 L87.2900390625 183.15000915527344 C81.11992645263672 183.15000915527344 76.1099624633789 178.14999389648438 76.1099624633789 171.9699249267578 L76.1099624633789 133.80996704101562 C76.1099624633789 127.64004516601562 81.10995483398438 122.63008117675781 87.2900390625 122.63008117675781 L110.13008117675781 122.63008117675781 C116.30000305175781 122.63008117675781 121.3099594116211 127.63008117675781 121.3099594116211 133.80996704101562 L121.3099594116211 171.9699249267578 C121.3099594116211 178.14999389648438 116.30000305175781 183.15000915527344 110.13008117675781 183.15000915527344 Z""></path>
<path fill=""#333333"" fill-opacity=""1.0""  filling=""0"" d=""M141.7800750732422 183.43008422851562 L56.63008117675781 183.43008422851562 C40.76992416381836 183.43008422851562 27.880081176757812 170.53009033203125 27.880081176757812 154.68006896972656 L27.880081176757812 111.7900390625 C22.40996551513672 110.04004669189453 17.930076599121094 105.919921875 15.75 100.330078125 C12.809959411621094 92.79999542236328 14.759956359863281 84.40995788574219 20.70000457763672 78.9400405883789 L78.0 26.190040588378906 A31.590038299560547 31.590038299560547 0.0 0 1 120.35995483398438 25.730079650878906 L180.419921875 78.64999389648438 C186.54998779296875 84.05000305175781 188.64999389648438 92.48007202148438 185.7599639892578 100.13008117675781 C183.23007202148438 106.83007049560547 177.43008422851562 111.45000457763672 170.5400390625 112.49003601074219 L170.5400390625 154.669921875 C170.53009033203125 170.53009033203125 157.63006591796875 183.43008422851562 141.7800750732422 183.43008422851562 Z M99.4300765991211 29.819915771484375 C94.65995788574219 29.819915771484375 89.8900375366211 31.559959411621094 86.11991882324219 35.03007507324219 L28.819915771484375 87.7699203491211 C25.340042114257812 90.96991729736328 26.490036010742188 94.8599624633789 26.919921875 95.96992492675781 C27.349998474121094 97.080078125 29.140045166015625 100.71991729736328 33.86991882324219 100.71991729736328 C37.180076599121094 100.71991729736328 39.86992263793945 103.40995788574219 39.86992263793945 106.71992492675781 L39.86992263793945 154.68006896972656 C39.86992263793945 163.919921875 47.390037536621094 171.43008422851562 56.61992263793945 171.43008422851562 L141.75994873046875 171.43008422851562 C151.0 171.43008422851562 158.50994873046875 163.9099578857422 158.50994873046875 154.68006896972656 L158.50994873046875 106.71992492675781 C158.50994873046875 103.40995788574219 161.1999969482422 100.71991729736328 164.5099639892578 100.71991729736328 L167.53009033203125 100.71991729736328 C172.31991577148438 100.71991729736328 174.080078125 97.03008270263672 174.5099639892578 95.8900375366211 C174.94003295898438 94.75 176.04998779296875 90.81991577148438 172.4599609375 87.6500015258789 L112.39999389648438 34.730079650878906 C108.69999694824219 31.449996948242188 104.0599594116211 29.819915771484375 99.4300765991211 29.819915771484375 Z""></path></svg>"
59ba28b82776364e6d5c9b82b1ca33b4,"<svg xmlns=""http://www.w3.org/2000/svg"" viewBox=""0.0 0.0 200.0 200.0"" height=""200.0px"" width=""200.0px""><path fill=""#999999"" fill-opacity=""1.0""  filling=""0"" d=""M76.01000213623047 138.47500610351562 L142.63499450683594 100.01000213623047 L76.01000213623047 61.54399871826172 L76.01000213623047 138.47500610351562 Z M80.02899932861328 69.36100006103516 L135.86500549316406 100.01000213623047 L80.02899932861328 130.6580047607422 L80.02899932861328 69.36100006103516 Z""></path>
<path fill=""#999999"" fill-opacity=""1.0""  filling=""0"" d=""M100.25499725341797 9.911003112792969 C50.494998931884766 9.911003112792969 10.155998229980469 50.249000549316406 10.155998229980469 100.00900268554688 C10.155998229980469 149.77000427246094 50.494998931884766 190.10800170898438 100.25499725341797 190.10800170898438 C150.01499938964844 190.10800170898438 190.35400390625 149.77000427246094 190.35400390625 100.00900268554688 C190.35400390625 50.249000549316406 150.01499938964844 9.911003112792969 100.25499725341797 9.911003112792969 Z M100.25499725341797 185.48399353027344 C53.04899978637695 185.48399353027344 14.780998229980469 147.21600341796875 14.780998229980469 100.01000213623047 C14.780998229980469 52.80400085449219 53.04899978637695 14.535003662109375 100.25499725341797 14.535003662109375 C147.46200561523438 14.535003662109375 185.72999572753906 52.80400085449219 185.72999572753906 100.01000213623047 C185.72999572753906 147.21600341796875 147.46200561523438 185.48399353027344 100.25499725341797 185.48399353027344 Z""></path></svg>"
91348c0b0c69183ca7a5ce0c14d33d4c,"<svg xmlns=""http://www.w3.org/2000/svg"" viewBox=""0.0 0.0 200.0 200.0"" height=""200.0px"" width=""200.0px""><path fill=""#F4513B"" fill-opacity=""1.0""  filling=""0"" d=""M169.82400512695312 63.78900146484375 L159.4530029296875 60.97700119018555 L159.4530029296875 61.05500030517578 C159.4530029296875 72.5 144.74600219726562 93.8479995727539 136.1909942626953 105.27300262451172 C138.49600219726562 107.0510025024414 139.97999572753906 109.8239974975586 139.97999572753906 112.96900177001953 C139.97999572753906 118.33999633789062 135.625 122.69499969482422 130.25399780273438 122.69499969482422 C124.88300323486328 122.69499969482422 120.50800323486328 118.35900115966797 120.50800323486328 112.98799896240234 C120.50800323486328 112.14800262451172 120.625 111.3479995727539 120.81999969482422 110.56600189208984 C120.23400115966797 110.23400115966797 119.62899780273438 109.9020004272461 119.04299926757812 109.58999633789062 L121.9729995727539 103.80899810791016 C122.65599822998047 104.16000366210938 123.31999969482422 104.53099822998047 123.98400115966797 104.9219970703125 C115.41000366210938 93.39800262451172 101.01599884033203 72.4020004272461 101.01599884033203 61.07400131225586 C101.01599884033203 60.332000732421875 101.0739974975586 59.60900115966797 101.13300323486328 58.867000579833984 L75.05899810791016 67.55899810791016 L30.27300262451172 55.35200119018555 C28.262001037597656 54.941001892089844 26.387001037597656 56.48400115966797 26.387001037597656 58.53499984741211 L26.387001037597656 152.5 C26.387001037597656 154.04299926757812 27.479995727539062 155.37100219726562 29.003997802734375 155.6840057373047 L75.0780029296875 168.14500427246094 L123.75 151.91400146484375 L168.53500366210938 164.12100219726562 C170.5469970703125 164.531005859375 172.4219970703125 162.98800659179688 172.4219970703125 160.93800354003906 L172.4219970703125 66.9729995727539 C172.4219970703125 65.41000366210938 171.3280029296875 64.08200073242188 169.82400512695312 63.78900146484375 Z M55.60499954223633 87.01200103759766 C59.19900131225586 87.01200103759766 62.09000015258789 89.9219970703125 62.09000015258789 93.49600219726562 C62.09000015258789 97.08999633789062 59.18000030517578 99.9800033569336 55.60499954223633 99.9800033569336 C52.03099822998047 99.9800033569336 49.12099838256836 97.06999969482422 49.12099838256836 93.49600219726562 C49.12099838256836 89.9219970703125 52.03099822998047 87.01200103759766 55.60499954223633 87.01200103759766 Z M50.507999420166016 105.8010025024414 C50.507999420166016 105.35199737548828 50.507999420166016 104.9219970703125 50.527000427246094 104.4729995727539 L57.012001037597656 104.72699737548828 C56.992000579833984 105.0780029296875 56.992000579833984 105.4489974975586 56.992000579833984 105.8010025024414 C56.992000579833984 107.36299896240234 57.12900161743164 108.9260025024414 57.382999420166016 110.43000030517578 L50.99599838256836 111.54299926757812 C50.683998107910156 109.68699645996094 50.507999420166016 107.75399780273438 50.507999420166016 105.8010025024414 Z M53.027000427246094 118.41799926757812 L59.00400161743164 115.89800262451172 C59.74599838256836 117.65599822998047 60.683998107910156 119.2969970703125 61.797000885009766 120.78099822998047 L56.60200119018555 124.66799926757812 C55.17599868774414 122.75399780273438 53.96500015258789 120.66400146484375 53.027000427246094 118.41799926757812 Z M67.55899810791016 133.6909942626953 C65.46900177001953 132.61700439453125 63.417999267578125 131.28900146484375 61.62099838256836 129.843994140625 L65.7030029296875 124.78500366210938 C67.16799926757812 125.95700073242188 68.8280029296875 127.0510025024414 70.5270004272461 127.93000030517578 L67.55899810791016 133.6909942626953 Z M79.2770004272461 136.8159942626953 C77.6760025024414 136.8159942626953 76.01599884033203 136.62100219726562 74.31600189208984 136.21099853515625 L75.78099822998047 129.88299560546875 C77.63700103759766 130.31199645996094 79.375 130.42999267578125 80.95700073242188 130.19500732421875 L81.8949966430664 136.62100219726562 C81.03500366210938 136.75799560546875 80.15599822998047 136.8159942626953 79.2770004272461 136.8159942626953 Z M89.25800323486328 133.53500366210938 L85.27300262451172 128.41799926757812 C86.46499633789062 127.5 87.46099853515625 126.21099853515625 88.33999633789062 124.51200103759766 L94.12100219726562 127.4800033569336 C92.79299926757812 130.03900146484375 91.21099853515625 132.031005859375 89.25800323486328 133.53500366210938 Z M97.5979995727539 117.30500030517578 C97.28500366210938 118.49600219726562 96.9530029296875 119.70700073242188 96.62100219726562 120.89800262451172 L90.39099884033203 119.08200073242188 C90.7229995727539 117.9489974975586 91.03500366210938 116.7969970703125 91.3280029296875 115.6449966430664 C91.58200073242188 114.72699737548828 91.81600189208984 113.78900146484375 92.06999969482422 112.89099884033203 L98.31999969482422 114.64800262451172 C98.06600189208984 115.5270004272461 97.83200073242188 116.40599822998047 97.5979995727539 117.30500030517578 Z M100.29299926757812 109.33599853515625 L94.58999633789062 106.2300033569336 C96.1719970703125 103.33999633789062 98.2030029296875 101.44499969482422 100.81999969482422 100.4489974975586 L103.1449966430664 106.50399780273438 C102.01200103759766 106.93399810791016 101.11299896240234 107.83200073242188 100.29299926757812 109.33599853515625 Z M113.5739974975586 107.26599884033203 C111.60199737548828 106.60199737548828 109.74600219726562 106.19100189208984 108.0469970703125 106.03500366210938 L108.63300323486328 99.56999969482422 C110.81999969482422 99.76599884033203 113.18399810791016 100.29299926757812 115.625 101.11299896240234 L113.5739974975586 107.26599884033203 Z""></path>
<path fill=""#FFCF48"" fill-opacity=""1.0""  filling=""0"" d=""M124.00399780273438 104.9020004272461 C127.63700103759766 109.78500366210938 130.25399780273438 112.98799896240234 130.25399780273438 112.98799896240234 C130.25399780273438 112.98799896240234 132.71499633789062 109.96099853515625 136.21099853515625 105.29299926757812 C144.74600219726562 93.86699676513672 159.47300720214844 72.5199966430664 159.47300720214844 61.07400131225586 L159.47300720214844 60.99599838256836 C159.4340057373047 44.902000427246094 146.36700439453125 31.875 130.2729949951172 31.875 C114.88300323486328 31.875 102.30500030517578 43.78900146484375 101.1719970703125 58.887001037597656 C101.11299896240234 59.60900115966797 101.05500030517578 60.35200119018555 101.05500030517578 61.09400177001953 C101.03500366210938 72.38300323486328 115.43000030517578 93.37899780273438 124.00399780273438 104.9020004272461 Z M130.23399353027344 44.02299880981445 C139.19900512695312 44.02299880981445 146.46499633789062 51.28900146484375 146.46499633789062 60.25400161743164 C146.46499633789062 69.21900177001953 139.19900512695312 76.48400115966797 130.23399353027344 76.48400115966797 C121.2699966430664 76.48400115966797 114.00399780273438 69.21900177001953 114.00399780273438 60.25400161743164 C114.02300262451172 51.28900146484375 121.28900146484375 44.02299880981445 130.23399353027344 44.02299880981445 Z""></path></svg>"
thesantatitan_deepseek-svg-dataset_0002981,"<svg xmlns=""http://www.w3.org/2000/svg"" viewBox=""0 0 24 24"" width=""24"" height=""24"">
  <path d=""M12 6a3 3 0 003-3 3 3 0 000 6 3 3 0 00-3-3zm0 6.84c1.75 0 3.5.5 4.895 1.318 1.489.816 2.412 1.96 2.406 3.416-.005 1.456-.813 2.6-2.406 3.415-1.395.816-3.146 1.318-4.895 1.318-1.75 0-3.5-.5-4.895-1.318C2.813 14.766 2 13.556 2 12c0-1.556.813-2.766 2.406-3.415 1.395-.816 3.146-1.318 4.895-1.318zm0-6a3 3 0 003-3 3 3 0 000 6 3 3 0 00-3-3zm0 6.84c1.75 0 3.5.5 4.895 1.318 1.489.816 2.412 1.96 2.406 3.416-.005 1.456-.813 2.6-2.406 3.415-1.395.816-3.146 1.318-4.895 1.318-1.75 0-3.5-.5-4.895-1.318C2.813 14.766 2 13.556 2 12c0-1.556.813-2.766 2.406-3.415 1.395-.816 3.146-1.318 4.895-1.318z"" fill=""currentColor""/>
</svg>"
501d22e95eb0f1a021b4cbd657a09f60,"<svg xmlns=""http://www.w3.org/2000/svg"" viewBox=""0.0 0.0 200.0 200.0"" height=""200.0px"" width=""200.0px""><path fill=""#515050"" fill-opacity=""1.0""  filling=""0"" d=""M21.091796875 103.5283203125 C21.091796875 103.5283203125 49.59765625 129.8445281982422 70.35332489013672 160.423828125 C112.62323760986328 89.9398422241211 177.6628875732422 51.289451599121094 177.6628875732422 51.289451599121094 C177.6628875732422 51.289451599121094 183.00546264648438 34.53301239013672 171.67889404296875 40.22578048706055 C171.67889404296875 40.22578048706055 125.52655792236328 59.623634338378906 66.50019836425781 112.27128601074219 C46.35762023925781 92.8441390991211 34.69550323486328 87.99785614013672 34.69550323486328 87.99785614013672 C20.113479614257812 80.9482421875 21.091796875 103.5283203125 21.091796875 103.5283203125 Z""></path></svg>"
f22a95ed-6e0b-40b4-bab4-03d1813e32ce,"<svg fill=""none"" height=""128"" viewBox=""0 0 24 24"" width=""128"" xmlns=""http://www.w3.org/2000/svg""><path d=""m6.6 9h10.8m-10.8 0c-.56 0-.84 0-1.05.11-.19.09-.35.25-.44.44-.11.21-.11.49-.11 1.05v5.2c0 1.12 0 1.68.22 2.11.19.37.5.68.87.87.43.22.99.22 2.11.22h7.6c1.12 0 1.68 0 2.11-.22.37-.19.68-.5.87-.87.22-.43.22-.99.22-2.11v-5.21c0-.55 0-.83-.11-1.04-.09-.19-.25-.35-.44-.44-.21-.11-.49-.11-1.05-.11m-10.8 0h-1.62c-.85 0-1.28 0-1.52-.15-.32-.2-.5-.56-.47-.94.02-.28.28-.62.78-1.3.15-.2.22-.3.31-.37.12-.11.26-.18.41-.21.12-.03.24-.03.49-.03h14.04c.25 0 .37 0 .48.03.16.03.3.1.42.21.09.07.16.17.31.37.5.68.76 1.02.78 1.3.03.38-.15.74-.47.94-.24.15-.67.15-1.52.15h-1.62m-7.4 5h4"" stroke=""#000000"" stroke-linecap=""round"" stroke-linejoin=""round"" stroke-width=""2""/></svg>"
a90ccfad4269a659725a078c9c3385e0,"<svg xmlns=""http://www.w3.org/2000/svg"" viewBox=""0.0 0.0 200.0 200.0"" height=""200.0px"" width=""200.0px""><path fill="""" fill-opacity=""1.0""  filling=""0"" d=""M100.0 99.9749984741211 A10.966601371765137 10.966601371765137 0.0 1 1 100.0 78.0416030883789 A10.966601371765137 10.966601371765137 0.0 0 1 100.0 99.9749984741211 Z M124.30000305175781 99.80000305175781 C124.30000305175781 76.2333984375 115.05839538574219 54.82500076293945 100.0 38.9833984375 A87.96660614013672 87.96660614013672 0.0 0 0 75.70000457763672 99.80000305175781 C75.70000457763672 110.6083984375 77.64999389648438 120.92499542236328 81.19999694824219 130.49160766601562 C76.05000305175781 137.99160766601562 72.25 148.49159240722656 70.57499694824219 160.625 C75.9000015258789 154.2333984375 82.42500305175781 149.74160766601562 89.67499542236328 147.36660766601562 C92.69999694824219 151.99160766601562 96.17499542236328 156.5 100.0 160.4833984375 C103.84160614013672 156.36660766601562 107.29999542236328 151.9833984375 110.32500457763672 147.2333984375 C117.57499694824219 149.49159240722656 124.10000610351562 154.11660766601562 129.4084014892578 160.36660766601562 C127.75 148.2333984375 123.95000457763672 137.7333984375 118.78340148925781 130.24159240722656 C122.34159851074219 120.61660766601562 124.28340148925781 110.36660766601562 124.28340148925781 99.4916000366211 L124.30000305175781 99.80000305175781 Z M100.0 183.33340454101562 C53.974998474121094 183.33340454101562 16.666603088378906 146.02499389648438 16.666603088378906 100.0 C16.666603088378906 53.974998474121094 53.974998474121094 16.666603088378906 100.0 16.666603088378906 C146.02499389648438 16.666603088378906 183.33340454101562 53.974998474121094 183.33340454101562 100.0 C183.33340454101562 146.02499389648438 146.02499389648438 183.33340454101562 100.0 183.33340454101562 Z M100.0 0.0 C44.77499771118164 0.0 0.0 44.77499771118164 0.0 100.0 C0.0 155.22500610351562 44.77499771118164 200.0 100.0 200.0 C155.22500610351562 200.0 200.0 155.22500610351562 200.0 100.0 C200.0 44.77499771118164 155.22500610351562 0.0 100.0 0.0 Z""></path></svg>"
cca98eb919e4d42b9402b9a15ab7a27f,"<svg xmlns=""http://www.w3.org/2000/svg"" viewBox=""0.0 0.0 200.0 200.0"" height=""200.0px"" width=""200.0px""><path fill=""#000000"" fill-opacity=""1.0""  filling=""0"" d=""M190.0 95.68496704101562 L153.47500610351562 95.68496704101562 L177.73495483398438 71.42500305175781 L167.919921875 61.88496398925781 L134.1199188232422 95.68496704101562 L109.3150405883789 95.68496704101562 L109.3150405883789 74.96992492675781 L143.93496704101562 40.34999465942383 L134.1199188232422 30.809959411621094 L109.3150405883789 55.61503601074219 L109.3150405883789 15.0 L95.68496704101562 15.0 L95.68496704101562 55.61503601074219 L70.88008117675781 30.809959411621094 L61.34003829956055 40.34999465942383 L95.6900405883789 74.96992492675781 L95.6900405883789 95.68496704101562 L70.88008117675781 95.68496704101562 L37.080078125 61.88496398925781 L27.5400390625 71.42500305175781 L51.79999923706055 95.68496704101562 L15.0 95.68496704101562 L15.0 109.3150405883789 L52.890037536621094 109.3150405883789 L27.5400390625 134.6650390625 L37.080078125 144.48007202148438 L72.24492645263672 109.3150405883789 L95.68496704101562 109.3150405883789 L95.68496704101562 136.8449249267578 L61.3349609375 171.19491577148438 L70.88008117675781 181.00506591796875 L95.68496704101562 156.20001220703125 L95.68496704101562 190.0 L109.3150405883789 190.0 L109.3150405883789 156.20001220703125 L134.1199188232422 181.0 L143.93496704101562 171.19003295898438 L109.3150405883789 136.8449249267578 L109.3150405883789 109.3150405883789 L133.03009033203125 109.3150405883789 L167.919921875 144.48007202148438 L177.73495483398438 134.6650390625 L152.10995483398438 109.3150405883789 L190.0 109.3150405883789 L190.0 95.68496704101562 Z""></path></svg>"
9c714437b101a275aa57869f2fe83aa5,"<svg xmlns=""http://www.w3.org/2000/svg"" viewBox=""0.0 0.0 200.0 200.0"" height=""200.0px"" width=""200.0px""><path fill=""#000000"" fill-opacity=""1.0""  filling=""0"" d=""M199.97500610351562 0.0437469482421875 L29.09375762939453 106.51874542236328 L93.8812484741211 106.46875 L0.02500152587890625 199.9562530517578 L187.2937469482422 80.76875305175781 L122.85624694824219 80.8125 L199.97500610351562 0.0437469482421875 Z""></path></svg>"
thesantatitan_deepseek-svg-dataset_0002054,"<svg width=""100"" height=""100"" viewBox=""0 0 100 100"" xmlns=""http://www.w3.org/2000/svg"">
  <rect width=""100"" height=""100"" fill=""#000000""/>
  <defs>
    <linearGradient id=""petalGradient"" x1=""0%"" y1=""0%"" x2=""100%"" y2=""100%"">
      <stop offset=""0%"" style=""stop-color:#FFFFFF;stop-opacity:1""/>
      <stop offset=""100%"" style=""stop-color:#FF0000;stop-opacity:1""/>
    </linearGradient>
  </defs>
  <path d=""M50,50m-18,0a18,18 0 1,1 36,0a18,18 0 1,1-36,0"" fill=""url(#petalGradient)""/>
  <path d=""M50,50m-25,0a25,25 0 1,1 50,0a25,25 0 1,1-50,0"" fill=""url(#petalGradient)""/>
  <circle cx=""50"" cy=""50"" r=""18"" fill=""#FF0000""/>
  <path d=""M50,50m-28,0a28,28 0 1,1 56,0a28,28 0 1,1-56,0"" fill=""url(#petalGradient)""/>
</svg>"
c1ed0cae3affe5b41eafffb724da4eff,"<svg xmlns=""http://www.w3.org/2000/svg"" viewBox=""0.0 0.0 200.0 200.0"" height=""200.0px"" width=""200.0px""><path fill=""#000000"" fill-opacity=""1.0""  filling=""0"" d=""M96.68964385986328 178.8068389892578 C141.7931671142578 178.8068389892578 179.1242218017578 141.39315795898438 179.1242218017578 96.3724594116211 C179.1242218017578 51.27578353881836 141.71035766601562 13.937889099121094 96.6138687133789 13.937889099121094 C51.59316635131836 13.937889099121094 14.255073547363281 51.27578353881836 14.255073547363281 96.3724594116211 C14.255073547363281 141.38612365722656 51.675777435302734 178.8068389892578 96.68964385986328 178.8068389892578 Z M96.68964385986328 165.06893920898438 A68.36543273925781 68.36543273925781 0.0 0 1 28.075775146484375 96.3792953491211 C28.075775146484375 58.2275390625 58.46210861206055 27.67578125 96.6138687133789 27.67578125 A68.5035171508789 68.5035171508789 0.0 0 1 165.38613891601562 96.3724594116211 A68.4345703125 68.4345703125 0.0 0 1 96.69648742675781 165.06893920898438 L96.68964385986328 165.06893920898438 Z""></path>
<path fill=""#000000"" fill-opacity=""1.0""  filling=""0"" d=""M54.74492263793945 106.23457336425781 C54.74492263793945 125.6275405883789 68.8896484375 137.7517547607422 87.7171859741211 137.7517547607422 L98.79316711425781 137.7517547607422 C102.42754364013672 137.7517547607422 105.09648132324219 135.73104858398438 105.09648132324219 132.0138702392578 C105.09648132324219 128.220703125 102.42754364013672 126.19316101074219 98.9585952758789 126.19316101074219 L87.7171859741211 126.19316101074219 C75.5171890258789 126.19316101074219 66.62753295898438 118.35858917236328 66.62753295898438 105.58613586425781 C66.62753295898438 93.13789367675781 75.75859069824219 86.35176086425781 87.64140319824219 86.35176086425781 L111.80683135986328 86.35176086425781 L121.337890625 85.9449234008789 L116.64824676513672 89.5035171508789 L106.5517578125 99.19999694824219 A5.517187118530273 5.517187118530273 0.0 0 0 104.7724609375 103.32421875 C104.7724609375 106.71719360351562 107.27578735351562 109.220703125 110.51034545898438 109.220703125 A5.482812404632568 5.482812404632568 0.0 0 0 114.63457489013672 107.52421569824219 L136.2138671875 85.544921875 C137.50350952148438 84.1654281616211 138.39315795898438 82.5517578125 138.39315795898438 80.6138687133789 C138.39315795898438 78.75176239013672 137.50350952148438 77.0550765991211 136.2138671875 75.68281555175781 L114.7171859741211 53.86210632324219 C113.57929992675781 52.64823913574219 112.28964233398438 52.16543197631836 110.5931625366211 52.16543197631836 A5.696484565734863 5.696484565734863 0.0 0 0 104.7724609375 57.98613357543945 C104.7724609375 59.68281173706055 105.50350952148438 61.2138671875 106.63456726074219 62.19316101074219 L114.9585952758789 70.26895141601562 L121.337890625 75.2757797241211 L111.80683135986328 75.0345687866211 L87.64140319824219 75.0345687866211 C68.8138656616211 75.0345687866211 54.74492263793945 86.83456420898438 54.74492263793945 106.23457336425781 Z""></path></svg>"
c954181c0f7068dfa557d5fa204a9ab3,"<svg xmlns=""http://www.w3.org/2000/svg"" viewBox=""0.0 0.0 200.0 200.0"" height=""200.0px"" width=""200.0px""><path fill=""#0000FF"" fill-opacity=""1.0""  filling=""0"" d=""M29.166603088378906 157.5 C20.0 157.5 14.166603088378906 155.0 10.833396911621094 149.58340454101562 C5.0 139.16661071777344 13.333396911621094 124.16659545898438 36.25 104.1666030883789 C38.75 101.6666030883789 42.916603088378906 102.0833969116211 45.0 104.5833969116211 C47.500003814697266 107.08340454101562 47.08340072631836 111.24999237060547 44.583396911621094 113.33340454101562 C22.5 132.08340454101562 20.833396911621094 141.66659545898438 21.666595458984375 142.91659545898438 C22.083404541015625 144.16659545898438 28.75 146.66659545898438 48.33339309692383 141.25 C70.0 134.58340454101562 90.4166030883789 125.4166030883789 110.0 114.1666030883789 C129.58338928222656 103.33340454101562 147.91659545898438 90.0 164.16659545898438 74.5833969116211 C178.75 60.416603088378906 179.16659545898438 53.333396911621094 178.75 52.499996185302734 C178.33340454101562 51.66659927368164 169.58340454101562 47.916603088378906 143.33340454101562 56.66659927368164 C140.0 57.91659927368164 136.66659545898438 56.25 135.41659545898438 52.916603088378906 C134.16659545898438 49.58340072631836 135.83338928222656 46.249996185302734 139.16661071777344 45.0 C166.66659545898438 35.833396911621094 183.33340454101562 36.25 189.16659545898438 46.249996185302734 C194.16659545898438 55.0 188.75 67.5 172.5 83.75 C155.41659545898438 100.0 136.25 113.75000762939453 115.41659545898438 125.4166030883789 C95.41659545898438 137.5 73.75 147.08340454101562 50.833396911621094 154.16659545898438 C43.75 156.25 36.666603088378906 157.08340454101562 29.166603088378906 157.5 Z""></path>
<path fill=""#0000FF"" fill-opacity=""1.0""  filling=""0"" d=""M101.6666030883789 165.41659545898438 C65.4166030883789 165.41659545898438 36.25 136.25 36.25 100.0 C36.25 63.75 65.4166030883789 34.583404541015625 101.6666030883789 34.583404541015625 C137.91659545898438 34.583404541015625 167.08340454101562 63.75 167.08340454101562 100.0 C167.08340454101562 136.25 137.5 165.41659545898438 101.6666030883789 165.41659545898438 Z M101.6666030883789 47.08340072631836 C72.5 47.08340072631836 48.75 70.8333969116211 48.75 100.0 C48.75 129.16659545898438 72.5 152.91659545898438 101.6666030883789 152.91659545898438 C130.83340454101562 152.91659545898438 154.58338928222656 129.16659545898438 154.58338928222656 100.0 C154.58338928222656 70.8333969116211 130.83340454101562 47.08340072631836 101.6666030883789 47.08340072631836 Z""></path></svg>"
ef0950dbc0cfd0a6b9e64593180580ee,"<svg height=""128"" viewBox=""0 0 24 24"" width=""128"" xmlns=""http://www.w3.org/2000/svg""><path d=""m19 16h-11v-13a1 1 0 0 0 -1-1h-4a1 1 0 0 0 -1 1v18a1 1 0 0 0 1 1h16a1 1 0 0 0 1-1v-4a1 1 0 0 0 -1-1z""/><path d=""m18.91 2.29-6.62 6.62a1 1 0 0 0 -.29.7v1.39a1 1 0 0 0 1 1h1.39a1 1 0 0 0 .71-.29l6.61-6.61a1 1 0 0 0 0-1.41l-1.4-1.4a1 1 0 0 0 -1.4 0z"" fill=""#2ca9bc""/></svg>"
99dd6d71-6ed3-4053-be6f-8fe2586fd599,"<svg fill=""none"" height=""128"" stroke=""#000000"" stroke-linecap=""round"" viewBox=""0 0 24 24"" width=""128"" xmlns=""http://www.w3.org/2000/svg""><path d=""m21 5v14"" stroke-linecap=""round""/><path d=""m3 19v-14"" stroke-linecap=""round""/><ellipse cx=""12"" cy=""5"" rx=""9"" ry=""3""/><path d=""m21 19c0 1.66-4 3-9 3s-9-1.34-9-3""/><path d=""m21 12c0 1.66-4 3-9 3s-9-1.34-9-3""/></svg>"
55d6d473c725fbb1de811c9d2afdaa8c,"<svg xmlns=""http://www.w3.org/2000/svg"" viewBox=""0.0 0.0 200.0 200.0"" height=""200.0px"" width=""200.0px""><path fill="""" fill-opacity=""1.0""  filling=""0"" d=""M106.0546875 173.2421875 C104.76563262939453 173.2421875 103.45703125 173.18359375 102.12891387939453 173.06640625 C93.37890625 172.265625 82.55859375 168.41796875 78.41796875 160.0390625 C75.234375 153.5546875 77.40234375 147.6171875 79.3359375 142.3828125 C81.11328125 137.55859375 82.79296875 132.98828125 81.03515625 127.109375 C80.33203125 124.74609375 79.04296875 120.3515625 76.50390625 119.1015625 C73.7109375 117.71484375 68.28125 121.11328125 63.027347564697266 124.39453125 C59.35546875 126.6796875 55.56640625 129.0625 51.484375 130.6640625 C46.054683685302734 132.8125 41.152347564697266 133.14453125 36.54296875 131.69921875 C30.078125 129.6875 24.6875 124.31640625 20.95703125 116.15234375 C17.96875 109.64844512939453 16.34765625 101.87499237060547 16.50390625 94.84375 C16.6796875 86.42578125 19.39453125 77.890625 24.55078125 69.4921875 C29.23828125 61.8359375 35.9375 54.4921875 43.906246185302734 48.2421875 C60.72265625 35.078125 81.6796875 27.734375 101.40625 28.06640625 C114.27733612060547 28.28125 127.79296875 31.796875 140.46875 38.222660064697266 C151.953125 44.04296875 162.40234375 52.12890625 169.84375 60.95703125 C178.8671875 71.66015625 183.02734375 82.83203125 181.54296875 92.421875 C180.64453125 98.28125 177.59765625 104.31639862060547 172.96875 109.43359375 C168.0859375 114.82422637939453 162.03125 118.45703125 155.91796875 119.66796875 C147.34375 121.38671875 139.74609375 118.30078125 133.6328125 115.8203125 C130.64453125 114.609375 126.11328125 112.77344512939453 125.09765625 113.49608612060547 C124.453125 113.96484375 122.59765625 115.78125 121.81640625 118.4765625 C121.62109375 119.140625 121.328125 120.5078125 121.50390625 122.265625 C121.77734375 125.09765625 123.06640625 126.93359375 124.86328125 129.453125 C125.6640625 130.56640625 126.484375 131.73828125 127.24609375 133.06640625 C132.3046875 141.7578125 133.73046875 155.859375 127.3828125 164.4140625 C123.203125 170.05859375 115.390625 173.2421875 106.0546875 173.2421875 Z M75.0390625 105.09764862060547 C77.71484375 105.09764862060547 80.234375 105.68358612060547 82.59765625 106.85546112060547 C90.44921875 110.76171112060547 92.9296875 119.1796875 94.140625 123.22265625 C97.16796875 133.45703125 94.27734375 141.34765625 92.1484375 147.08984375 C90.859375 150.625 90.09765625 152.8515625 90.6640625 153.984375 C91.7578125 156.19140625 96.796875 158.84765625 103.33983612060547 159.43359375 C109.23828125 159.98046875 114.62891387939453 158.65234375 116.42578125 156.25 C118.59375 153.33984375 118.6328125 145.4296875 115.44921112060547 139.9609375 C114.98046875 139.16015625 114.37499237060547 138.30078125 113.73046875 137.3828125 C111.54296112060547 134.296875 108.53515625 130.078125 107.91015625 123.61328125 C107.6171875 120.56640625 107.89063262939453 117.48046875 108.71092987060547 114.66796112060547 C110.37108612060547 108.96485137939453 114.12109375 104.62890625 117.05078125 102.48046875 C120.4296875 100.01952362060547 124.4921875 99.1796875 129.16015625 100.01952362060547 C132.40234375 100.5859375 135.64453125 101.9140625 138.76953125 103.18359375 C143.65234375 105.15625762939453 148.69140625 107.20703887939453 153.2421875 106.2890625 C160.41015625 104.86328887939453 167.08984375 96.54296875 168.046875 90.3515625 C168.90625 84.8046875 165.7421875 77.3046875 159.39453125 69.78515625 C147.87109375 56.113277435302734 125.390625 42.148433685302734 101.15235137939453 41.738285064697266 C84.51171875 41.445316314697266 66.69921875 47.75390625 52.304683685302734 59.023441314697266 C38.69140625 69.66796875 30.41015625 83.18359375 30.15625 95.15625 C29.921875 105.48827362060547 35.0 116.9140625 40.585933685302734 118.671875 C44.453125 119.8828125 50.1953125 116.2890625 55.76171875 112.81249237060547 C59.511722564697266 110.46874237060547 63.37890625 108.046875 67.44140625 106.56249237060547 C70.09765625 105.58592987060547 72.6171875 105.09764862060547 75.0390625 105.09764862060547 Z""></path></svg>"
d1357835-8e25-45f8-80ed-5c93caafd8ff,"<svg xmlns=""http://www.w3.org/2000/svg"" viewBox=""0.0 0.0 200.0 200.0"" height=""200.0px"" width=""200.0px""><path fill=""#8A8A8A"" fill-opacity=""1.0""  filling=""0"" d=""M188.25900268554688 187.9550018310547 L178.73800659179688 187.9550018310547 L178.73800659179688 97.5459976196289 C178.73800659179688 92.29399871826172 174.4709930419922 88.03199768066406 169.2310028076172 88.03199768066406 L121.64299774169922 88.03199768066406 L121.64299774169922 97.5459976196289 L164.46499633789062 97.5459976196289 C167.0850067138672 97.5459976196289 169.2310028076172 99.68000030517578 169.2310028076172 102.30500030517578 L169.2310028076172 183.2010040283203 C169.2310028076172 185.83200073242188 167.0850067138672 187.95399475097656 164.46499633789062 187.95399475097656 L114.19000244140625 187.95399475097656 L114.19000244140625 26.177001953125 C114.19000244140625 20.925003051757812 109.93499755859375 16.656997680664062 104.68199920654297 16.656997680664062 L33.30799865722656 16.656997680664062 C28.055999755859375 16.656997680664062 23.79399871826172 20.925003051757812 23.79399871826172 26.177001953125 L23.79399871826172 187.9550018310547 L14.275001525878906 187.9550018310547 A4.763999938964844 4.763999938964844 0.0 0 0 9.514999389648438 192.70899963378906 A4.767000198364258 4.767000198364258 0.0 0 0 14.275001525878906 197.47500610351562 L188.25999450683594 197.47500610351562 A4.775000095367432 4.775000095367432 0.0 0 0 193.02699279785156 192.70899963378906 C193.0260009765625 190.08900451660156 190.87899780273438 187.9550018310547 188.25900268554688 187.9550018310547 Z M104.68199920654297 187.9550018310547 L33.30799865722656 187.9550018310547 L33.30799865722656 30.93000030517578 C33.30799865722656 28.304000854492188 35.44300079345703 26.176002502441406 38.06800079345703 26.176002502441406 L99.9219970703125 26.176002502441406 A4.757999897003174 4.757999897003174 0.0 0 1 104.68199920654297 30.93000030517578 L104.68199920654297 187.9550018310547 Z M47.58100128173828 88.03199768066406 L61.85499954223633 88.03199768066406 L61.85499954223633 73.75800323486328 L47.58100128173828 73.75800323486328 L47.58100128173828 88.03199768066406 Z M47.58100128173828 59.48400115966797 L61.85499954223633 59.48400115966797 L61.85499954223633 45.20399856567383 L47.58100128173828 45.20399856567383 L47.58100128173828 59.48400115966797 Z M76.13500213623047 88.03199768066406 L90.40899658203125 88.03199768066406 L90.40899658203125 73.75800323486328 L76.13500213623047 73.75800323486328 L76.13500213623047 88.03199768066406 Z M76.13500213623047 59.48400115966797 L90.40899658203125 59.48400115966797 L90.40899658203125 45.20399856567383 L76.13500213623047 45.20399856567383 L76.13500213623047 59.48400115966797 Z""></path></svg>"
c4faf634-3023-4cec-b1d1-9e27c09ec28a,"<svg height=""128"" viewBox=""0 0 100 100"" width=""128"" xmlns=""http://www.w3.org/2000/svg""><path d=""m58.4 61.7h-16.8c-.8 0-1.5-.7-1.5-1.5v-41.2c0-.3.1-.6.3-.9l8.4-11.6c.6-.8 1.9-.8 2.4 0l8.4 11.6c.2.3.3.6.3.9v41.2c0 .8-.6 1.5-1.5 1.5zm-15.3-3h13.9v-39.2l-7-9.6-6.9 9.6zm23.4 15.2h-33c-.7 0-1.4-.5-1.5-1.3l-2-12.2c-.1-.4.1-.9.3-1.2.3-.3.7-.5 1.1-.5h37c.4 0 .9.2 1.1.5s.4.8.3 1.2l-2 12.2c.1.8-.5 1.3-1.3 1.3zm-31.7-3h30.5l1.5-9.2h-33.5zm20.4 14.6h-10.4c-.8 0-1.5-.7-1.5-1.5v-11.5c0-.4.2-.8.4-1.1.3-.3.7-.4 1.1-.4h10.4c.4 0 .8.2 1.1.4.3.3.4.7.4 1.1v11.5c0 .8-.7 1.5-1.5 1.5zm-8.9-3h7.3v-8.5h-7.3zm6-20.8h-4.6c-.8 0-1.5-.7-1.5-1.5v-16.8c0-2.1 1.7-3.8 3.8-3.8s3.8 1.7 3.8 3.8v16.8c0 .8-.7 1.5-1.5 1.5zm-3.1-3h1.6v-15.3c0-.4-.4-.8-.8-.8s-.8.4-.8.8zm6 34.1h-10.4c-.8 0-1.5-.7-1.5-1.5v-7.3c0-.8.7-1.5 1.5-1.5h10.3c.8 0 1.5.7 1.5 1.5v7.4c.1.7-.6 1.4-1.4 1.4zm-8.9-3h7.3v-4.4h-7.3z""/></svg>"
23fd0372-c4df-42f1-b3ba-d5b26911afd7,"<svg enable-background=""new 0 0 32 32"" height=""128"" viewBox=""0 0 128 128"" width=""128"" xmlns=""http://www.w3.org/2000/svg""><circle cx=""39.088"" cy=""88.912"" r=""8.82""/><path d=""m39.09 123.98a34.98 34.98 0 0 1 -24.81-10.26c-13.68-13.68-13.68-35.94 0-49.62a34.83 34.83 0 0 1 29.87-9.88c.6-.84 1.24-1.59 1.93-2.28 8.27-8.26 21.71-8.26 29.98 0s8.26 21.72 0 29.98c-.69.69-1.44 1.33-2.28 1.93a34.85 34.85 0 0 1 -9.88 29.87 34.98 34.98 0 0 1 -24.81 10.26zm-.09-62.14a26.87 26.87 0 0 0 -19.07 7.92 27.12 27.12 0 0 0 0 38.31 27.12 27.12 0 0 0 38.31 0 26.94 26.94 0 0 0 7.21-25.26 4 4 0 0 1 1.97-4.4c1.27-.7 2.22-1.38 2.98-2.15a13.22 13.22 0 0 0 0-18.66 13.22 13.22 0 0 0 -18.66 0c-.77.76-1.45 1.72-2.15 2.98a3.99 3.99 0 0 1 -4.4 1.97 27.56 27.56 0 0 0 -6.19-.71zm81-31.13a3.99 3.99 0 0 1 -2.83-1.17l-18.71-18.71a4 4 0 1 1 5.66-5.66l18.71 18.71a4 4 0 0 1 -2.83 6.83""/><path d=""m73.23 54.77c2.29 2.29 3.73 5.08 4.47 8.01l39.18-39.19-12.47-12.47-39.19 39.18c2.93.74 5.72 2.18 8.01 4.47z""/></svg>"
d3e7f6cc778c47961ce4efeb7829f5f0,"<svg xmlns=""http://www.w3.org/2000/svg"" viewBox=""0.0 0.0 200.0 200.0"" height=""200.0px"" width=""200.0px""><path fill=""currentColor"" fill-opacity=""1.0""  filling=""0"" d=""M0.0 100.0 A100.0 100.0 0.0 1 0 200.0 100.0 A100.0 100.0 0.0 1 0 0.0 100.0 Z""></path>
<path fill=""#FFFFFF"" fill-opacity=""1.0""  filling=""0"" d=""M160.09800720214844 96.62100219726562 L103.37899780273438 96.62100219726562 L103.37899780273438 39.902000427246094 C103.37899780273438 38.047000885009766 101.8550033569336 36.52299880981445 100.0 36.52299880981445 C98.1449966430664 36.52299880981445 96.62100219726562 38.047000885009766 96.62100219726562 39.902000427246094 L96.62100219726562 96.62100219726562 L39.902000427246094 96.62100219726562 C38.047000885009766 96.62100219726562 36.52299880981445 98.1449966430664 36.52299880981445 100.0 C36.52299880981445 101.8550033569336 38.047000885009766 103.37899780273438 39.902000427246094 103.37899780273438 L96.62100219726562 103.37899780273438 L96.62100219726562 160.09800720214844 C96.62100219726562 161.9530029296875 98.1449966430664 163.4770050048828 100.0 163.4770050048828 C101.8550033569336 163.4770050048828 103.37899780273438 161.9530029296875 103.37899780273438 160.09800720214844 L103.37899780273438 103.37899780273438 L160.09800720214844 103.37899780273438 C161.9530029296875 103.37899780273438 163.4770050048828 101.8550033569336 163.4770050048828 100.0 C163.4770050048828 98.1449966430664 161.9530029296875 96.62100219726562 160.09800720214844 96.62100219726562 Z""></path></svg>"
thesantatitan_deepseek-svg-dataset_0002855,"<svg width=""100"" height=""100"" viewBox=""0 0 100 100"" xmlns=""http://www.w3.org/2000/svg"">
  <rect width=""100"" height=""100"" fill=""#000000""/>
  <defs>
    <linearGradient id=""petalGradient"" x1=""0%"" y1=""0%"" x2=""100%"" y2=""100%"">
      <stop offset=""0%"" style=""stop-color:#FFFFFF;stop-opacity:1""/>
      <stop offset=""100%"" style=""stop-color:#FF0000;stop-opacity:1""/>
    </linearGradient>
  </defs>
  <path d=""M50,50m-18,0a18,18 0 1,1 36,0a18,18 0 1,1-36,0"" fill=""url(#petalGradient)""/>
  <path d=""M50,50m-25,0a25,25 0 1,1 50,0a25,25 0 1,1-50,0"" fill=""url(#petalGradient)""/>
  <circle cx=""50"" cy=""50"" r=""18"" fill=""#FF0000""/>
  <path d=""M50,50m-28,0a28,28 0 1,1 56,0a28,28 0 1,1-56,0"" fill=""url(#petalGradient)""/>
</svg>"
10f4ee45-455b-4a12-af4c-4ad671cc88cc,"<svg height=""128"" viewBox=""0 0 1024 1024"" width=""128"" xmlns=""http://www.w3.org/2000/svg""><path d=""m395.6 254.7h-146.3v-135c0-24 19.5-43.5 43.5-43.5h59.3c24 0 43.5 19.5 43.5 43.5z"" fill=""#b6cdef""/><path d=""m395.6 269.7h-146.3c-8.3 0-15-6.7-15-15v-135c0-32.3 26.2-58.5 58.5-58.5h59.3c32.3 0 58.5 26.2 58.5 58.5v135c0 8.3-6.8 15-15 15zm-131.3-30h116.3v-120c0-15.7-12.8-28.5-28.5-28.5h-59.3c-15.7 0-28.5 12.8-28.5 28.5z"" fill=""#0f53a8""/><path d=""m776.7 266.8h-146.3v-191.5c0-24 19.5-43.5 43.5-43.5h59.3c24 0 43.5 19.5 43.5 43.5z"" fill=""#b6cdef""/><path d=""m776.7 281.8h-146.3c-8.3 0-15-6.7-15-15v-191.5c0-32.3 26.2-58.5 58.5-58.5h59.3c32.3 0 58.5 26.2 58.5 58.5v191.6c0 8.2-6.7 14.9-15 14.9zm-131.3-30h116.3v-176.5c0-15.7-12.8-28.5-28.5-28.5h-59.3c-15.7 0-28.5 12.8-28.5 28.5z"" fill=""#0f53a8""/><path d=""m245 914.2h-99.1c-30.6 0-55.3-24.8-55.3-55.3v-137.4c0-30.6 24.8-55.3 55.3-55.3h99.1c2.1 0 3.8 1.7 3.8 3.8v240.4c0 2.1-1.7 3.8-3.8 3.8z"" fill=""#b6cdef""/><path d=""m245 929.2h-99.1c-38.8 0-70.3-31.5-70.3-70.3v-137.4c0-38.8 31.5-70.3 70.3-70.3h99.1c10.4 0 18.8 8.4 18.8 18.8v240.4c0 10.4-8.4 18.8-18.8 18.8zm-99.1-248.1c-22.2 0-40.3 18.1-40.3 40.3v137.4c0 22.2 18.1 40.3 40.3 40.3h87.9v-218z"" fill=""#0f53a8""/><path d=""m880.1 914.2h-99.1c-2.1 0-3.8-1.7-3.8-3.8v-240.5c0-2.1 1.7-3.8 3.8-3.8h99.1c30.6 0 55.3 24.8 55.3 55.3v137.4c.1 30.6-24.7 55.4-55.3 55.4z"" fill=""#b6cdef""/><path d=""m880.1 929.2h-99.1c-10.4 0-18.8-8.4-18.8-18.8v-240.5c0-10.4 8.4-18.8 18.8-18.8h99.1c38.8 0 70.3 31.5 70.3 70.3v137.4c.1 38.8-31.5 70.4-70.3 70.4zm-87.9-30h87.9c22.2 0 40.3-18.1 40.3-40.3v-137.4c0-22.2-18.1-40.3-40.3-40.3h-87.9z"" fill=""#0f53a8""/><path d=""m787.7 991.8h-549.4c-36.6 0-66.2-29.7-66.2-66.2v-589.5c0-31.6 25.6-57.2 57.2-57.2h567.5c31.6 0 57.2 25.6 57.2 57.2v589.5c-.1 36.6-29.8 66.2-66.3 66.2z"" fill=""#b6cdef""/><path d=""m787.7 1006.8h-549.4c-44.8 0-81.2-36.4-81.2-81.2v-589.5c0-39.8 32.4-72.2 72.2-72.2h567.5c39.8 0 72.2 32.4 72.2 72.2v589.5c-.1 44.8-36.5 81.2-81.3 81.2zm-558.4-712.9c-23.2 0-42.2 18.9-42.2 42.2v589.5c0 28.2 23 51.2 51.2 51.2h549.3c28.2 0 51.2-23 51.2-51.2v-589.5c0-23.2-18.9-42.2-42.2-42.2z"" fill=""#0f53a8""/><path d=""m849.4 406h-672.8c-26.9 0-48.8-21.8-48.8-48.8v-154.9c0-26.9 21.8-48.8 48.8-48.8h672.7c26.9 0 48.8 21.8 48.8 48.8v154.9c0 27-21.8 48.8-48.7 48.8z"" fill=""#89b7f5""/><path d=""m849.4 421h-672.8c-35.2 0-63.8-28.6-63.8-63.8v-154.9c0-35.2 28.6-63.8 63.8-63.8h672.7c35.2 0 63.8 28.6 63.8 63.8v154.9c0 35.2-28.6 63.8-63.7 63.8zm-672.8-252.5c-18.6 0-33.8 15.2-33.8 33.8v154.9c0 18.6 15.2 33.8 33.8 33.8h672.7c18.6 0 33.8-15.2 33.8-33.8v-154.9c0-18.6-15.2-33.8-33.8-33.8z"" fill=""#0f53a8""/><path d=""m513 484.5c-29.1 0-52.8-23.7-52.8-52.8v-66.5c0-29.1 23.7-52.8 52.8-52.8s52.8 23.7 52.8 52.8v66.5c0 29.1-23.7 52.8-52.8 52.8zm0-142.2c-12.6 0-22.8 10.2-22.8 22.8v66.5c0 12.6 10.2 22.8 22.8 22.8s22.8-10.2 22.8-22.8v-66.5c0-12.5-10.2-22.8-22.8-22.8z"" fill=""#0f53a8""/><path d=""m641.9 914.2h-257.8c-34.1 0-61.7-27.6-61.7-61.7v-217.4c0-34.1 27.6-61.7 61.7-61.7h257.8c34.1 0 61.7 27.6 61.7 61.7v217.4c0 34.1-27.6 61.7-61.7 61.7z"" fill=""#89b7f5""/><g fill=""#0f53a8""><path d=""m641.9 929.2h-257.8c-42.3 0-76.7-34.4-76.7-76.7v-217.4c0-42.3 34.4-76.7 76.7-76.7h257.8c42.3 0 76.7 34.4 76.7 76.7v217.4c0 42.3-34.4 76.7-76.7 76.7zm-257.8-340.8c-25.7 0-46.7 20.9-46.7 46.7v217.4c0 25.7 20.9 46.7 46.7 46.7h257.8c25.7 0 46.7-20.9 46.7-46.7v-217.4c0-25.7-20.9-46.7-46.7-46.7z""/><path d=""m703.6 693.2h-381.2c-8.3 0-15-6.7-15-15s6.7-15 15-15h381.1c8.3 0 15 6.7 15 15s-6.6 15-14.9 15zm-228.4-330.5h75.6v68.3h-75.6z""/></g></svg>"
9d9983d2944a72fc057c2c1e38520157,"<svg fill=""none"" height=""128"" viewBox=""0 0 15 15"" width=""128"" xmlns=""http://www.w3.org/2000/svg""><path clip-rule=""evenodd"" d=""m15 0h-15v15h15zm-7 8c0-1.1.9-2 2-2h1.17c1.01 0 1.83.82 1.83 1.83v.17h-1v-.17c0-.46-.37-.83-.83-.83h-1.17c-.55 0-1 .45-1 1s.45 1 1 1h1c1.1 0 2 .9 2 2s-.9 2-2 2h-1c-1.1 0-2-.9-2-2h1c0 .55.45 1 1 1h1c.55 0 1-.45 1-1s-.45-1-1-1h-1c-1.1 0-2-.9-2-2zm-2-2v5c0 .55-.45 1-1 1s-1-.45-1-1h-1c0 1.1.9 2 2 2s2-.9 2-2v-5z"" fill=""#000000"" fill-rule=""evenodd""/></svg>"
ae8f7c626b4d5dcc1e9f3ba1ec56d8db,"<svg xmlns=""http://www.w3.org/2000/svg"" viewBox=""0.0 0.0 200.0 200.0"" height=""200.0px"" width=""200.0px""><path fill=""currentColor"" fill-opacity=""1.0""  filling=""0"" d=""M108.99299621582031 93.41799926757812 L108.99299621582031 40.74700164794922 L82.68800354003906 40.74700164794922 C75.42400360107422 40.74700164794922 69.22699737548828 43.32500076293945 64.08100128173828 48.4640007019043 C58.94900131225586 53.61399841308594 56.375 59.81399917602539 56.375 67.08499908447266 C56.375 74.35700225830078 58.94900131225586 80.55500030517578 64.08100128173828 85.70700073242188 C69.22699737548828 90.84700012207031 75.42400360107422 93.4219970703125 82.68800354003906 93.4219970703125 L108.99299621582031 93.4219970703125 L108.99299621582031 93.41799926757812 Z M82.68399810791016 27.580001831054688 L141.8780059814453 27.580001831054688 C143.69500732421875 27.580001831054688 145.2449951171875 28.222000122070312 146.52699279785156 29.51300048828125 C147.81700134277344 30.794998168945312 148.45799255371094 32.349998474121094 148.45799255371094 34.16699981689453 L148.45799255371094 165.83299255371094 C148.45799255371094 167.64999389648438 147.81700134277344 169.1959991455078 146.52699279785156 170.49000549316406 C145.2449951171875 171.77499389648438 143.69500732421875 172.4199981689453 141.8780059814453 172.4199981689453 C140.06199645996094 172.4199981689453 138.51400756835938 171.7740020751953 137.22799682617188 170.49000549316406 C135.93800354003906 169.1959991455078 135.2949981689453 167.64999389648438 135.2949981689453 165.83299255371094 L135.2949981689453 40.75299835205078 L122.13999938964844 40.75299835205078 L122.13999938964844 165.83299255371094 C122.13999938964844 167.64999389648438 121.49500274658203 169.1959991455078 120.21499633789062 170.49000549316406 C118.92500305175781 171.77499389648438 117.37699890136719 172.4199981689453 115.56099700927734 172.4199981689453 C113.74500274658203 172.4199981689453 112.19300079345703 171.7740020751953 110.90899658203125 170.49000549316406 C109.625 169.1959991455078 108.98100280761719 167.64999389648438 108.98100280761719 165.83299255371094 L108.98100280761719 106.58399963378906 L82.6729965209961 106.58399963378906 C75.51399993896484 106.58399963378906 68.91200256347656 104.81700134277344 62.85900115966797 101.29199981689453 C56.81399917602539 97.75 52.029998779296875 92.96299743652344 48.50299835205078 86.91100311279297 C44.974998474121094 80.86699676513672 43.21200180053711 74.25399780273438 43.20800018310547 67.08499908447266 C43.202999114990234 59.91600036621094 44.96699905395508 53.305999755859375 48.50299835205078 47.26100158691406 C52.034000396728516 41.207000732421875 56.81800079345703 36.41899871826172 62.858001708984375 32.878997802734375 C68.89900207519531 29.349998474121094 75.51000213623047 27.583999633789062 82.6729965209961 27.583999633789062 L82.68299865722656 27.580001831054688 L82.68399810791016 27.580001831054688 Z""></path></svg>"
8a256a06888539b2276f0728b298bcf6,"<svg xmlns=""http://www.w3.org/2000/svg"" viewBox=""0.0 0.0 200.0 200.0"" height=""200.0px"" width=""200.0px""><path fill=""currentColor"" fill-opacity=""1.0""  filling=""0"" d=""M21.875 100.0 A78.125 46.875 0.0 1 0 178.125 100.0 A78.125 46.875 0.0 1 0 21.875 100.0 Z""></path></svg>"
f1483a452ca6724ef63ee11ca94fb4b9,"<svg xmlns=""http://www.w3.org/2000/svg"" viewBox=""0.0 0.0 200.0 200.0"" height=""200.0px"" width=""200.0px""><path fill=""#323333"" fill-opacity=""1.0""  filling=""0"" d=""M151.52499389648438 193.875 L48.66249465942383 193.875 C32.837501525878906 193.875 19.962501525878906 180.375 19.962501525878906 163.78749084472656 L31.650001525878906 163.78749084472656 C31.650001525878906 173.9375 39.28749465942383 182.1875 48.67499923706055 182.1875 L151.53750610351562 182.1875 C160.91250610351562 182.1875 168.5500030517578 173.9375 168.5500030517578 163.78749084472656 L168.5500030517578 96.48749542236328 C168.5500030517578 86.3375015258789 160.91250610351562 78.0875015258789 151.53750610351562 78.0875015258789 L139.97500610351562 78.0875015258789 L139.97500610351562 58.86250305175781 C139.97500610351562 35.224998474121094 124.61250305175781 20.537498474121094 99.88750457763672 20.537498474121094 C75.42500305175781 20.537498474121094 60.224998474121094 35.224998474121094 60.224998474121094 58.86250305175781 L60.224998474121094 78.07499694824219 L48.66249465942383 78.07499694824219 C39.275001525878906 78.07499694824219 31.63750457763672 86.32500457763672 31.63750457763672 96.4749984741211 L31.63750457763672 136.0124969482422 L19.962501525878906 136.0124969482422 L19.962501525878906 96.48749542236328 C19.962501525878906 79.94999694824219 32.76250457763672 66.4749984741211 48.537498474121094 66.39999389648438 L48.537498474121094 58.86250305175781 C48.537498474121094 28.949996948242188 69.17500305175781 8.850006103515625 99.875 8.850006103515625 C130.83749389648438 8.850006103515625 151.64999389648438 28.949996948242188 151.64999389648438 58.86250305175781 L151.64999389648438 66.39999389648438 C167.41250610351562 66.46249389648438 180.21249389648438 79.9375 180.21249389648438 96.48749542236328 L180.21249389648438 163.78749084472656 C180.22500610351562 180.375 167.34999084472656 193.875 151.52499389648438 193.875 Z""></path>
<path fill=""#323333"" fill-opacity=""1.0""  filling=""0"" d=""M87.3125 103.5374984741211 L87.3125 127.96250915527344 L94.375 127.96250915527344 L94.375 151.66250610351562 L105.55000305175781 151.66250610351562 L105.55000305175781 127.96250915527344 L112.625 127.96250915527344 L112.625 103.5374984741211 L87.3125 103.5374984741211 Z M54.38749694824219 66.42500305175781 L149.6125030517578 66.42500305175781 L149.6125030517578 78.0 L54.38749694824219 78.0 L54.38749694824219 66.42500305175781 Z""></path></svg>"
4f373ffabc552ec0ac5d7f039c79e730,"<svg xmlns=""http://www.w3.org/2000/svg"" viewBox=""0.0 0.0 200.0 200.0"" height=""200.0px"" width=""200.0px""><path fill=""#000000"" fill-opacity=""1.0""  filling=""0"" d=""M150.0 50.0 L135.91700744628906 64.08300018310547 L161.66700744628906 90.0 L60.0 90.0 L60.0 110.0 L161.66700744628906 110.0 L135.91700744628906 135.83299255371094 L150.0 150.0 L200.0 100.0 L150.0 50.0 Z M20.0 30.0 L100.0 30.0 L100.0 10.0 L20.0 10.0 A20.08300018310547 20.08300018310547 0.0 0 0 0.0 30.0 L0.0 170.0 A20.08300018310547 20.08300018310547 0.0 0 0 20.0 190.0 L100.0 190.0 L100.0 170.0 L20.0 170.0 L20.0 30.0 Z""></path></svg>"
a76889ab492cb7974e73d5a0b1b02d01,"<svg xmlns=""http://www.w3.org/2000/svg"" viewBox=""0.0 0.0 200.0 200.0"" height=""200.0px"" width=""200.0px""><path fill=""#768696"" fill-opacity=""1.0""  filling=""0"" d=""M43.1640625 115.625 C34.534576416015625 115.625 27.5390625 108.62948608398438 27.5390625 100.0 C27.5390625 91.3705062866211 34.534576416015625 84.375 43.1640625 84.375 C51.793556213378906 84.375 58.7890625 91.3705062866211 58.7890625 100.0 C58.7890625 108.62948608398438 51.793556213378906 115.625 43.1640625 115.625 Z M100.0 115.625 C91.3705062866211 115.625 84.375 108.62948608398438 84.375 100.0 C84.375 91.3705062866211 91.3705062866211 84.375 100.0 84.375 C108.62948608398438 84.375 115.625 91.3705062866211 115.625 100.0 C115.625 108.62948608398438 108.62948608398438 115.625 100.0 115.625 Z M156.8359375 115.625 C148.20645141601562 115.625 141.2109375 108.62948608398438 141.2109375 100.0 C141.2109375 91.3705062866211 148.20645141601562 84.375 156.8359375 84.375 C165.46542358398438 84.375 172.4609375 91.3705062866211 172.4609375 100.0 C172.4609375 108.62948608398438 165.46542358398438 115.625 156.8359375 115.625 Z""></path></svg>"
2a5ed734fc8b884fb29017f2b145469e,"<svg xmlns=""http://www.w3.org/2000/svg"" viewBox=""0.0 0.0 200.0 200.0"" height=""200.0px"" width=""200.0px""><path fill=""currentColor"" fill-opacity=""1.0""  filling=""0"" d=""M180.0 70.0 L180.0 180.0 L20.0 180.0 L20.0 70.0 L180.0 70.0 M180.0 50.0 L20.0 50.0 A20.0 20.0 0.0 0 0 0.0 70.0 L0.0 180.0 A20.0 20.0 0.0 0 0 20.0 200.0 L180.0 200.0 A20.0 20.0 0.0 0 0 200.0 180.0 L200.0 70.0 A20.0 20.0 0.0 0 0 180.0 50.0 Z""></path>
<path fill=""currentColor"" fill-opacity=""1.0""  filling=""0"" d=""M70.0 105.0 A20.0 20.0 0.0 1 1 50.0 125.0 A20.0 20.0 0.0 0 1 70.0 105.0 M70.0 85.0 A40.0 40.0 0.0 1 0 110.0 125.0 A40.0 40.0 0.0 0 0 70.0 85.0 Z M155.0 85.0 L135.0 85.0 A10.0 10.0 0.0 0 0 135.0 105.0 L155.0 105.0 A10.0 10.0 0.0 0 0 155.0 85.0 Z M105.0 20.0 L45.0 20.0 A10.0 10.0 0.0 0 0 45.0 40.0 L105.0 40.0 A10.0 10.0 0.0 0 0 105.0 20.0 Z""></path></svg>"
ad66f0cb81724c93dce3bce7fb6ee477,"<svg xmlns=""http://www.w3.org/2000/svg"" viewBox=""0.0 0.0 200.0 200.0"" height=""200.0px"" width=""200.0px""><path fill=""currentColor"" fill-opacity=""1.0""  filling=""0"" d=""M122.5 60.35200119018555 L130.625 49.56999969482422 L119.21900177001953 26.75799560546875 L80.78099822998047 26.75799560546875 L69.375 49.56999969482422 L77.5 60.35200119018555 C56.25 69.18000030517578 41.28900146484375 90.15599822998047 41.28900146484375 114.56999969482422 C41.28900146484375 146.9530029296875 67.61699676513672 173.281005859375 100.0 173.281005859375 C132.38299560546875 173.281005859375 158.71099853515625 146.9530029296875 158.71099853515625 114.56999969482422 C158.71099853515625 90.15599822998047 143.75 69.18000030517578 122.5 60.35200119018555 Z M100.0 158.55499267578125 C75.7030029296875 158.55499267578125 55.97700119018555 138.78900146484375 55.97700119018555 114.53099822998047 C55.97700119018555 90.27300262451172 75.7030029296875 70.50800323486328 100.0 70.50800323486328 C124.2969970703125 70.50800323486328 144.0229949951172 90.27300262451172 144.0229949951172 114.53099822998047 C144.0229949951172 138.78900146484375 124.2969970703125 158.55499267578125 100.0 158.55499267578125 Z""></path></svg>"
2396f2ab4dfe7860463ad9438b3e2608,"<svg xmlns=""http://www.w3.org/2000/svg"" viewBox=""0.0 0.0 200.0 200.0"" height=""200.0px"" width=""200.0px""><path fill="""" fill-opacity=""1.0""  filling=""0"" d=""M100.0 25.0 C76.66659545898438 25.0 58.333396911621094 43.33340072631836 58.333396911621094 66.6666030883789 C58.333396911621094 90.0 76.66659545898438 108.3333969116211 100.0 108.3333969116211 C123.3333969116211 108.3333969116211 141.66659545898438 90.0 141.66659545898438 66.6666030883789 C141.66659545898438 43.33340072631836 123.3333969116211 25.0 100.0 25.0 Z M100.0 116.6666030883789 C60.000003814697266 116.6666030883789 28.333404541015625 142.5 25.0 177.5 L25.0 179.16659545898438 L175.0 179.16659545898438 L175.0 177.5 C171.66659545898438 143.33340454101562 141.66659545898438 118.3333969116211 102.5 116.6666030883789 L100.0 116.6666030883789 Z M100.0 16.666603088378906 C127.5 16.666603088378906 150.0 39.16660690307617 150.0 66.6666030883789 C150.0 85.83340454101562 139.16661071777344 102.5 123.3333969116211 110.8333969116211 C158.33340454101562 119.1666030883789 183.33340454101562 147.5 183.33340454101562 183.33340454101562 L183.33340454101562 187.5 L16.666603088378906 187.5 L16.666603088378906 183.33340454101562 C16.666603088378906 147.5 41.666603088378906 120.0 76.66659545898438 110.8333969116211 C60.83340072631836 102.5 50.0 85.83340454101562 50.0 66.6666030883789 C50.0 39.16660690307617 72.5 16.666603088378906 100.0 16.666603088378906 Z""></path></svg>"
f141210c97daf31a237c6c01ff221ccb,"<svg xmlns=""http://www.w3.org/2000/svg"" viewBox=""0.0 0.0 200.0 200.0"" height=""200.0px"" width=""200.0px""><path fill=""#313C42"" fill-opacity=""1.0""  filling=""0"" d=""M58.90625 176.71875 C58.125 176.71875 57.34375 176.40625 56.71875 175.78125 L32.5 151.71875 C31.875 151.09375 31.5625 150.3125 31.5625 149.375 C31.5625 148.4375 32.03125 147.65625 32.65625 147.1875 L187.96875 10.0 C189.21875 8.90625 191.09375 8.90625 192.1875 10.15625 L198.28125 16.25 C199.375 17.34375 199.53125 19.21875 198.4375 20.46875 L61.25 175.78125 C60.625 176.25 59.84375 176.71875 58.90625 176.71875 Z M39.375 149.6875 L58.749996185302734 169.0625 L191.875 18.4375 L190.0 16.5625 L39.375 149.6875 Z""></path>
<path fill=""#313C42"" fill-opacity=""1.0""  filling=""0"" d=""M15.78125 190.78125 C12.03125 190.78125 8.125 189.375 5.15625 186.40625 C2.34375 183.59375 0.78125 179.84375 0.78125 175.78125 C0.78125 171.71875 2.34375 167.96875 5.15625 165.15625 C6.40625 163.90625 8.28125 163.90625 9.53125 165.15625 C10.78125 166.40625 10.78125 168.28125 9.53125 169.53125 C7.8125 171.25 7.03125 173.28125 7.03125 175.625 C7.03125 177.96875 7.96875 180.15625 9.53125 181.71875 C11.25 183.4375 13.28125 184.21875 15.625 184.21875 C17.96875 184.21875 20.15625 183.28125 21.71875 181.71875 L44.53125 158.90625 C45.78125 157.65625 47.65625 157.65625 48.90625 158.90625 C50.156246185302734 160.15625 50.156246185302734 162.03125 48.90625 163.28125 L26.09375 186.09375 C23.4375 189.375 19.53125 190.78125 15.78125 190.78125 Z M72.1875 160.0 C71.71875 160.0 71.40625 159.84375 71.09375 159.53125 L48.75 137.34375 C48.4375 137.03125 48.281253814697266 136.5625 48.281253814697266 136.25 C48.281253814697266 135.78125 48.4375 135.46875 48.75 135.15625 L61.562503814697266 122.96875 C62.1875 122.34375 63.125003814697266 122.34375 63.75 122.96875 L85.3125 144.53125 C85.9375 145.15625 85.9375 146.09375 85.3125 146.71875 L73.125 159.53125 C72.96875 159.84375 72.65625 160.0 72.1875 160.0 Z M52.03125 136.25 L72.1875 156.25 L82.1875 145.625 L62.656246185302734 126.25 L52.03125 136.25 Z""></path></svg>"
a9b948dca66819446ca60ed183b64f56,"<svg xmlns=""http://www.w3.org/2000/svg"" viewBox=""0.0 0.0 200.0 200.0"" height=""200.0px"" width=""200.0px""><path fill=""#272636"" fill-opacity=""1.0""  filling=""0"" d=""M186.71231079101562 163.5968780517578 C186.1384735107422 137.7541046142578 170.54473876953125 115.6240234375 148.294921875 105.57441711425781 C158.5740203857422 97.58926391601562 165.19100952148438 85.12226104736328 165.19100952148438 71.10702514648438 C165.19100952148438 46.999610900878906 145.63223266601562 27.45801544189453 121.50352478027344 27.45801544189453 C113.58418273925781 27.45801544189453 106.16581726074219 29.57402801513672 99.76289367675781 33.25469207763672 C93.35977172851562 29.574417114257812 85.9423828125 27.45801544189453 78.0244140625 27.45801544189453 C53.8955078125 27.45801544189453 34.3330078125 46.999610900878906 34.3330078125 71.10702514648438 C34.3330078125 85.091796875 40.9228515625 97.5335922241211 51.1640625 105.5205078125 C29.04413604736328 115.45722198486328 13.470703125 137.3214874267578 12.641014099121094 162.9207000732422 C12.507614135742188 163.4697265625 12.496482849121094 165.3015594482422 12.496482849121094 165.3015594482422 C12.496482849121094 169.30194091796875 15.739646911621094 172.54159545898438 19.743553161621094 172.54159545898438 C23.743751525878906 172.54159545898438 26.990631103515625 169.30194091796875 26.990631103515625 165.3015594482422 L27.124610900878906 165.0681610107422 C27.186134338378906 138.50938415527344 47.626365661621094 116.74765014648438 73.65214538574219 114.5341796875 L73.65254211425781 114.5341796875 C75.0908203125 114.6773452758789 76.548828125 114.7523422241211 78.02461242675781 114.7523422241211 C79.50019073486328 114.7523422241211 80.95820617675781 114.67713928222656 82.396484375 114.5341796875 C82.396484375 114.5341796875 82.396484375 114.5341796875 82.39688110351562 114.5341796875 C107.98418426513672 116.71074676513672 128.15975952148438 137.7892608642578 128.8876953125 163.74179077148438 C128.8515625 164.033203125 128.89218139648438 165.3015594482422 128.89218139648438 165.3015594482422 C128.89218139648438 169.30194091796875 132.1357421875 172.54159545898438 136.13926696777344 172.54159545898438 C140.1396484375 172.54159545898438 143.3828125 169.30194091796875 143.3828125 165.3015594482422 C143.3828125 165.3015594482422 143.28378295898438 163.91659545898438 143.2332000732422 163.5695343017578 C142.78768920898438 143.88827514648438 133.630859375 126.36776733398438 119.4541015625 114.693359375 C120.13417053222656 114.724609375 124.57089233398438 114.66426086425781 125.8753890991211 114.5341796875 C128.55136108398438 114.2685546875 131.1540985107422 113.75723266601562 133.66583251953125 113.03105163574219 L133.66952514648438 113.03515625 C150.78125 120.4605484008789 171.92811584472656 136.7205047607422 172.3322296142578 164.23202514648438 C172.3234405517578 164.36483764648438 172.35195922851562 165.13360595703125 172.35195922851562 165.13360595703125 L172.36776733398438 165.3015594482422 C172.36776733398438 169.30194091796875 175.6144561767578 172.54159545898438 179.61483764648438 172.54159545898438 C183.61874389648438 172.54159545898438 186.86212158203125 169.30194091796875 186.86212158203125 165.3015594482422 C186.86172485351562 165.3017578125 186.7607421875 163.9353485107422 186.71231079101562 163.5968780517578 Z M77.91816711425781 101.04022979736328 C61.39511489868164 101.04022979736328 48.00078201293945 87.64608764648438 48.00078201293945 71.123046875 C48.00078201293945 54.60078048706055 61.39492416381836 41.20663833618164 77.91816711425781 41.20663833618164 C94.4404296875 41.20663833618164 107.83456420898438 54.60078048706055 107.83456420898438 71.123046875 C107.8343734741211 87.64608764648438 94.44023132324219 101.04022979736328 77.91816711425781 101.04022979736328 Z M135.03750610351562 96.63066101074219 C134.56288146972656 96.8255844116211 134.10684204101562 97.05487823486328 133.67127990722656 97.31659698486328 C130.84043884277344 98.6392593383789 127.7623062133789 99.52167510986328 124.52304077148438 99.87031555175781 L121.65625 100.03535461425781 C121.5625 100.03652954101562 121.4697265625 100.0425796508789 121.37616729736328 100.0425796508789 C118.10311889648438 100.0425796508789 114.9580078125 99.49960327148438 112.0228500366211 98.501953125 C118.07852172851562 91.01171875 121.71211242675781 81.48554992675781 121.71211242675781 71.10702514648438 C121.71211242675781 60.658203125 118.03340148925781 51.070701599121094 111.9052734375 43.556640625 C114.87403106689453 42.53339767456055 118.05879211425781 41.97343444824219 121.3759765625 41.97343444824219 C137.42657470703125 41.97343444824219 150.43887329101562 54.971675872802734 150.43887329101562 71.00801086425781 C150.43887329101562 82.1087875366211 144.19979858398438 91.7464828491211 135.03750610351562 96.63066101074219 Z""></path></svg>"
0185f3975d6a39f29003339669d98720,"<svg xmlns=""http://www.w3.org/2000/svg"" viewBox=""0.0 0.0 200.0 200.0"" height=""200.0px"" width=""200.0px""><path fill="""" fill-opacity=""1.0""  filling=""0"" d=""M20.0 180.0 L20.0 20.0 L180.0 20.0 L180.0 180.0 L20.0 180.0 Z M170.0 30.0 L30.0 30.0 L30.0 75.0 L170.0 75.0 L170.0 30.0 Z M170.0 85.0 L30.0 85.0 L30.0 170.0 L170.0 170.0 L170.0 85.0 Z M60.000003814697266 60.000003814697266 L50.0 60.000003814697266 L50.0 50.0 L60.000003814697266 50.0 L60.000003814697266 60.000003814697266 Z M80.0 60.000003814697266 L70.0 60.000003814697266 L70.0 50.0 L80.0 50.0 L80.0 60.000003814697266 Z M150.0 60.000003814697266 L90.0 60.000003814697266 L90.0 50.0 L150.0 50.0 L150.0 60.000003814697266 Z""></path></svg>"
976cb41e081a20f3c6b97d026a3b36b6,"<svg xmlns=""http://www.w3.org/2000/svg"" viewBox=""0.0 0.0 200.0 200.0"" height=""200.0px"" width=""200.0px""><path fill=""#4B4B4B"" fill-opacity=""1.0""  filling=""0"" d=""M150.3939971923828 64.99400329589844 L135.19400024414062 79.99400329589844 C135.19400024414062 79.99400329589844 135.19400024414062 19.994003295898438 84.48699951171875 0.0 C84.48699951171875 0.0 79.42500305175781 55.0 54.069000244140625 74.98799896240234 C28.71900177001953 95.0 -21.994003295898438 154.9810028076172 79.4000015258789 199.9810028076172 C79.4000015258789 199.9810028076172 28.694000244140625 144.9810028076172 94.5999984741211 105.0 C94.5999984741211 105.0 89.53700256347656 124.98699951171875 114.88700103759766 145.0 C140.24400329589844 164.99400329589844 114.88700103759766 200.0 114.88700103759766 200.0 C114.88700103759766 200.0 236.56900024414062 169.99400329589844 150.3939971923828 64.99400329589844 Z""></path></svg>"
e77199c27ef910306b1b05c3071d5f02,"<svg xmlns=""http://www.w3.org/2000/svg"" viewBox=""0.0 0.0 200.0 200.0"" height=""200.0px"" width=""200.0px""><path fill=""#2B85FB"" fill-opacity=""1.0""  filling=""0"" d=""M83.4000015258789 108.69999694824219 C83.4000015258789 108.69999694824219 79.69999694824219 75.0999984741211 46.79999923706055 75.0999984741211 C13.900001525878906 75.0999984741211 8.300003051757812 106.4000015258789 8.300003051757812 113.19999694824219 C8.300003051757812 120.0999984741211 7.8000030517578125 152.8000030517578 47.39999771118164 152.8000030517578 L151.10000610351562 152.8000030517578 C151.10000610351562 152.8000030517578 191.70001220703125 151.6999969482422 191.70001220703125 111.0 C191.70001220703125 70.20000457763672 146.59999084472656 66.60000610351562 144.29998779296875 66.60000610351562 C144.29998779296875 66.60000610351562 138.5 33.30000305175781 101.80000305175781 33.30000305175781 C65.10000610351562 33.30000305175781 59.89999771118164 68.5 59.89999771118164 68.5 C59.89999771118164 68.5 70.5 73.69999694824219 70.5 75.0 C70.5 75.0 78.19999694824219 46.59999465942383 101.10000610351562 46.59999465942383 C124.0 46.59999465942383 134.59999084472656 66.5 134.59999084472656 80.5 C134.59999084472656 80.5 177.5 78.89999389648438 177.5 110.80000305175781 C177.5 138.5 151.10000610351562 138.1999969482422 151.10000610351562 138.1999969482422 L48.30000305175781 138.1999969482422 C48.30000305175781 138.1999969482422 21.599998474121094 140.5 21.599998474121094 114.10000610351562 C21.599998474121094 114.10000610351562 22.599998474121094 88.30000305175781 47.09999465942383 88.30000305175781 C47.09999465942383 88.30000305175781 70.30000305175781 88.0999984741211 71.89999389648438 112.80000305175781 L72.69999694824219 122.30000305175781 L145.39999389648438 122.5 L145.39999389648438 109.0999984741211 L134.0 109.0999984741211 L134.0 99.0999984741211 L121.0999984741211 99.0999984741211 L121.0999984741211 109.0 L116.30000305175781 109.0 L116.30000305175781 99.0999984741211 L102.80000305175781 99.0999984741211 L102.80000305175781 108.80000305175781 L83.4000015258789 108.69999694824219 Z""></path></svg>"
c106940a5f0dab81ce47beb97b6583bf,"<svg xmlns=""http://www.w3.org/2000/svg"" viewBox=""0.0 0.0 200.0 200.0"" height=""200.0px"" width=""200.0px""><path fill=""currentColor"" fill-opacity=""1.0""  filling=""0"" d=""M165.12899780273438 185.71400451660156 L165.12899780273438 193.2429962158203 C165.12899780273438 195.04299926757812 164.41400146484375 196.7570037841797 163.15699768066406 198.0290069580078 A6.800000190734863 6.800000190734863 0.0 0 1 158.38600158691406 200.0 L42.2140007019043 200.0 A6.800000190734863 6.800000190734863 0.0 0 1 35.457000732421875 193.2429962158203 L35.457000732421875 185.71400451660156 L165.12899780273438 185.71400451660156 Z M164.84300231933594 175.72900390625 C154.8000030517578 176.77099609375 45.34299850463867 178.3000030517578 35.986000061035156 176.58599853515625 C36.2859992980957 166.31399536132812 34.5 120.05699920654297 68.85700225830078 100.35700225830078 C33.986000061035156 78.65699768066406 34.457000732421875 39.57099914550781 35.986000061035156 31.957000732421875 C41.599998474121094 32.05699920654297 153.85699462890625 30.486000061035156 164.5709991455078 31.957000732421875 C165.81399536132812 39.07099914550781 162.84300231933594 79.68599700927734 128.95700073242188 100.11399841308594 C161.51400756835938 119.07099914550781 166.54299926757812 162.34300231933594 164.84300231933594 175.72900390625 Z M165.12899780273438 20.843002319335938 L35.457000732421875 20.843002319335938 L35.457000732421875 13.013999938964844 A6.4710001945495605 6.4710001945495605 0.0 0 1 41.92900085449219 6.556999206542969 L158.67100524902344 6.556999206542969 A6.4710001945495605 6.4710001945495605 0.0 0 1 165.12899780273438 13.013999938964844 L165.12899780273438 20.843002319335938 Z""></path></svg>"
4d0a2eb6-e631-4382-9bb8-6257a35e3c35,"<svg height=""128"" viewBox=""0 0 32 32"" width=""128"" xmlns=""http://www.w3.org/2000/svg""><path d=""m16.8 7.7c.9 0 1.8.4 2.4 1.1s1.5 1.1 2.5 1.1 1.9-.4 2.5-1.1.8-1.5.7-2.4c-.2-1.4-1.7-2.5-3.5-2.4-1.7.1-3.3.7-4.5 1.8l-.7.7c-.2.2-.3.5-.1.8.1.3.4.4.7.4z""/><path d=""m17.5 19.2-3.7-2.3 4.6-4 1.9 1.9c.2.2.4.3.7.3h5c.6 0 1-.4 1-1s-.4-1-1-1h-4.6l-2.9-2.9c-1.4-1.4-3.6-1.5-5.1-.2l-3.5 3c-.6.4-.9 1.2-.8 2s.5 1.5 1.2 2l5.6 3.5-1.8 5.3c-.2.5.1 1.1.6 1.3.1 0 .2.1.3.1.4 0 .8-.3.9-.7l2-6c.2-.6 0-1.1-.4-1.3z""/><path d=""m6 18c-3.3 0-6 2.7-6 6s2.7 6 6 6 6-2.7 6-6-2.7-6-6-6zm0 7c-.6 0-1-.5-1-1s.5-1 1-1 1 .5 1 1-.4 1-1 1z""/><path d=""m26 18c-3.3 0-6 2.7-6 6s2.7 6 6 6 6-2.7 6-6-2.7-6-6-6zm0 7c-.6 0-1-.5-1-1s.5-1 1-1 1 .5 1 1-.4 1-1 1z""/></svg>"
4c2ca501bd739340de1d7090e731bb01,"<svg xmlns=""http://www.w3.org/2000/svg"" viewBox=""0.0 0.0 200.0 200.0"" height=""200.0px"" width=""200.0px""><path fill="""" fill-opacity=""1.0""  filling=""0"" d=""M152.10000610351562 105.94999694824219 C160.7624969482422 94.5999984741211 165.625 80.75 165.625 66.44999694824219 C165.625 30.262496948242188 136.1875 0.8249969482421875 100.0 0.8249969482421875 C63.8125 0.8249969482421875 34.375 30.262496948242188 34.375 66.44999694824219 C34.375 81.51249694824219 39.712501525878906 95.9375 49.212501525878906 107.55000305175781 C25.537506103515625 124.42500305175781 11.237503051757812 151.6875 11.237503051757812 181.25 C11.237503051757812 184.38751220703125 11.400001525878906 187.48748779296875 11.712493896484375 190.53750610351562 C12.199996948242188 195.3125 16.224998474121094 198.95001220703125 21.037498474121094 198.95001220703125 L182.6875 198.95001220703125 C187.5 198.95001220703125 191.52499389648438 195.3125 192.0124969482422 190.53750610351562 C192.3249969482422 187.47500610351562 192.4875030517578 184.38751220703125 192.4875030517578 181.25 C192.4875030517578 150.48748779296875 177.27499389648438 122.62500762939453 152.10000610351562 105.94999694824219 Z M30.0 180.21249389648438 C30.337501525878906 155.8625030517578 42.91250228881836 133.58749389648438 63.32500076293945 120.61250305175781 C65.38749694824219 119.08750915527344 67.86250305175781 117.73749542236328 70.4124984741211 116.55000305175781 C70.42499542236328 116.55000305175781 70.42499542236328 116.55000305175781 70.4375 116.5374984741211 C78.125 113.0 86.5374984741211 111.04999542236328 86.5374984741211 111.04999542236328 C83.60000610351562 110.5 80.5374984741211 109.0250015258789 77.6624984741211 107.3125 C77.125 107.0250015258789 76.61250305175781 106.67500305175781 76.07499694824219 106.36249542236328 C75.22500610351562 105.79999542236328 74.4124984741211 105.23749542236328 73.61250305175781 104.64999389648438 C72.7750015258789 104.07500457763672 71.94999694824219 103.51250457763672 71.125 102.93749237060547 C67.8499984741211 100.3499984741211 65.5875015258789 98.1500015258789 65.5875015258789 98.1500015258789 L65.67500305175781 98.0 C57.63750076293945 89.3499984741211 53.125 78.14999389648438 53.125 66.44999694824219 C53.125 40.60000228881836 74.1624984741211 19.574996948242188 100.0 19.574996948242188 C125.83750915527344 19.574996948242188 146.875 40.60000228881836 146.875 66.44999694824219 C146.875 77.8375015258789 142.78750610351562 88.51249694824219 135.25 97.0625 C135.22500610351562 97.05000305175781 135.1999969482422 97.05000305175781 135.16250610351562 97.0374984741211 C128.61248779296875 105.21249389648438 114.7125015258789 110.62500762939453 114.7125015258789 110.62500762939453 C115.32499694824219 110.69999694824219 116.01249694824219 110.875 116.64999389648438 111.0 C116.9000015258789 111.04999542236328 117.14999389648438 111.0875015258789 117.4000015258789 111.1500015258789 C119.08750915527344 111.5250015258789 120.82500457763672 112.01250457763672 122.61250305175781 112.625 C125.17500305175781 113.4124984741211 127.66250610351562 114.46249389648438 130.16250610351562 115.5 C134.83749389648438 117.55000305175781 138.3874969482422 119.4375 138.3874969482422 119.4375 C160.03750610351562 132.1750030517578 173.375 154.91249084472656 173.72500610351562 180.21249389648438 L30.0 180.21249389648438 Z""></path></svg>"
576645d5e68be36d97b63de0f127d453,"<svg xmlns=""http://www.w3.org/2000/svg"" viewBox=""0.0 0.0 200.0 200.0"" height=""200.0px"" width=""200.0px""><path fill="""" fill-opacity=""1.0""  filling=""0"" d=""M50.29296875 97.3828125 L50.29296875 37.109375 L60.781253814697266 26.66015625 L71.26953125 37.109375 L71.26953125 86.9140625 L50.29296875 97.3828125 Z M54.66796875 187.5390625 L74.765625 166.58203125 L125.56640625 166.58203125 L136.26953125 176.81640625 L125.56640625 187.5390625 L54.66796875 187.5390625 Z M55.078125 100.0390625 L74.765625 88.515625 L125.56640625 88.515625 L145.33203125 99.84375 L125.56640625 109.49217987060547 L74.765625 109.49217987060547 L55.078125 100.0390625 Z M64.08203125 23.26171875 L74.78515625 12.5390625 L125.5859375 12.5390625 L136.34765625 23.26171875 L125.5859375 33.49609375 L74.765625 33.49609375 L64.08203125 23.26171875 Z M128.96484375 86.9140625 L128.96484375 37.109375 L139.453125 26.66015625 L149.94140625 37.109375 L149.94140625 97.3828125 L128.96484375 86.9140625 Z M128.96484375 162.96875 L128.96484375 114.86327362060547 L149.921875 102.71485137939453 L149.921875 162.98828125 L139.453125 173.41796875 L128.96484375 162.96875 Z""></path></svg>"
8c53af1feb8b2428b55a56b03c7f7183,"<svg xmlns=""http://www.w3.org/2000/svg"" viewBox=""0.0 0.0 200.0 200.0"" height=""200.0px"" width=""200.0px""><path fill=""#97E9FF"" fill-opacity=""1.0""  filling=""0"" d=""M128.82000732421875 90.5999984741211 L123.4749984741211 90.5999984741211 C101.9000015258789 90.5999984741211 84.41000366210938 108.08999633789062 84.41000366210938 129.6649932861328 L84.41000366210938 169.74000549316406 L167.88499450683594 169.74000549316406 L167.88499450683594 129.6649932861328 C167.88499450683594 108.08999633789062 150.39500427246094 90.5999984741211 128.82000732421875 90.5999984741211 Z""></path>
<path fill=""#3F3F3F"" fill-opacity=""1.0""  filling=""0"" d=""M186.46499633789062 177.6649932861328 C186.36500549316406 176.88499450683594 183.89999389648438 158.35000610351562 172.0749969482422 139.60499572753906 C161.0399932861328 122.125 139.53500366210938 101.28500366210938 99.75499725341797 101.28500366210938 C59.974998474121094 101.28500366210938 38.470001220703125 122.125 27.43499755859375 139.60499572753906 C15.604995727539062 158.34500122070312 13.145004272460938 176.88499450683594 13.044998168945312 177.6649932861328 L12.400001525878906 182.72999572753906 L187.11000061035156 182.72999572753906 L186.46499633789062 177.6649932861328 Z M73.9749984741211 140.36000061035156 L121.6449966430664 140.36000061035156 L121.6449966430664 173.72999572753906 L73.9749984741211 173.72999572753906 L73.9749984741211 140.36000061035156 Z M121.6500015258789 112.8499984741211 L121.6500015258789 131.36000061035156 L73.9800033569336 131.36000061035156 L73.9800033569336 113.93499755859375 C81.83000183105469 111.51000213623047 90.43000030517578 110.28500366210938 99.76000213623047 110.28500366210938 C107.56999969482422 110.28500366210938 114.87000274658203 111.1449966430664 121.6500015258789 112.8499984741211 Z M35.05000305175781 144.41000366210938 C42.834999084472656 132.0749969482422 52.849998474121094 123.05999755859375 64.9800033569336 117.4000015258789 L64.9800033569336 173.72999572753906 L22.949996948242188 173.72999572753906 C24.410003662109375 167.36000061035156 27.81500244140625 155.8699951171875 35.05000305175781 144.41000366210938 Z M130.64999389648438 173.72999572753906 L130.64999389648438 115.7300033569336 C144.4499969482422 121.16500091552734 155.7100067138672 130.65499877929688 164.2949981689453 144.14500427246094 C171.61000061035156 155.63999938964844 175.07000732421875 167.2949981689453 176.55499267578125 173.73500061035156 L130.64999389648438 173.73500061035156 L130.64999389648438 173.72999572753906 Z M145.3800048828125 55.849998474121094 C145.3800048828125 31.830001831054688 125.83999633789062 12.285003662109375 101.81500244140625 12.285003662109375 L96.47000122070312 12.285003662109375 C72.44999694824219 12.285003662109375 52.904998779296875 31.830001831054688 52.904998779296875 55.849998474121094 L52.904998779296875 100.42500305175781 L145.3800048828125 100.42500305175781 L145.3800048828125 55.849998474121094 Z M91.375 84.90499877929688 L78.29499816894531 71.82499694824219 L99.75499725341797 50.3650016784668 L121.21499633789062 71.82499694824219 L108.13500213623047 84.90499877929688 C105.8949966430664 87.1449966430664 102.91999816894531 88.375 99.75499725341797 88.375 C96.58999633789062 88.375 93.61499786376953 87.13999938964844 91.375 84.90499877929688 Z M136.3800048828125 91.42500305175781 L114.33499908447266 91.42500305175781 C114.38999938964844 91.37000274658203 114.44999694824219 91.31999969482422 114.50499725341797 91.26499938964844 L133.9499969482422 71.81999969482422 L99.76000213623047 37.630001068115234 L65.56999969482422 71.81999969482422 L85.01499938964844 91.26499938964844 C85.06999969482422 91.31999969482422 85.12999725341797 91.37000274658203 85.18499755859375 91.42500305175781 L61.90999984741211 91.42500305175781 L61.90999984741211 55.849998474121094 C61.90999984741211 36.790000915527344 77.41500091552734 21.285003662109375 96.4749984741211 21.285003662109375 L101.81999969482422 21.285003662109375 C120.87999725341797 21.285003662109375 136.38499450683594 36.790000915527344 136.38499450683594 55.849998474121094 L136.38499450683594 91.42500305175781 L136.3800048828125 91.42500305175781 Z""></path></svg>"
976ce5a45126d71ebbe4ff71467d4cd6,"<svg xmlns=""http://www.w3.org/2000/svg"" viewBox=""0.0 0.0 200.0 200.0"" height=""200.0px"" width=""200.0px""><path fill=""#1677FF"" fill-opacity=""1.0""  filling=""0"" d=""M100.0 13.920997619628906 L172.91700744628906 48.367000579833984 L172.91700744628906 107.48799896240234 C172.91700744628906 139.13699340820312 146.93299865722656 172.375 105.59600067138672 184.14199829101562 L103.86699676513672 184.62100219726562 L100.0 185.62100219726562 L96.08699798583984 184.60800170898438 C55.08300018310547 173.64199829101562 28.658004760742188 141.4250030517578 27.14599609375 109.96700286865234 L27.09600067138672 108.62100219726562 L27.08300018310547 48.37099838256836 L100.0 13.916999816894531 L100.0 13.920997619628906 Z M99.99600219726562 27.746002197265625 L39.57899856567383 56.28300094604492 L39.59600067138672 108.45800018310547 C40.23699951171875 133.77099609375 61.625 161.06700134277344 95.91200256347656 171.55799865722656 L97.5790023803711 172.0540008544922 L99.27100372314453 172.52099609375 L99.99199676513672 172.70799255371094 L100.68299865722656 172.5330047607422 C136.4459991455078 162.9669952392578 159.0 135.5919952392578 160.35000610351562 109.92500305175781 L160.39999389648438 108.7040023803711 L160.41700744628906 107.48799896240234 L160.41700744628906 56.28300094604492 L99.99600219726562 27.746002197265625 Z M120.44599914550781 74.06199645996094 L129.2830047607422 82.9000015258789 L89.50800323486328 122.67500305175781 L61.520999908447266 94.68800354003906 L70.35800170898438 85.8499984741211 L89.50399780273438 105.0 L120.44599914550781 74.06199645996094 Z""></path></svg>"
366b603a3643088ac81d98569bd3e962,"<svg xmlns=""http://www.w3.org/2000/svg"" viewBox=""0.0 0.0 200.0 200.0"" height=""200.0px"" width=""200.0px""><path fill=""#444444"" fill-opacity=""1.0""  filling=""0"" d=""M150.0 41.79999923706055 L183.20001220703125 41.79999923706055 L183.20001220703125 75.0 L150.0 75.0 L150.0 41.79999923706055 Z M150.0 158.1999969482422 L150.0 125.0 L183.20001220703125 125.0 L183.20001220703125 158.1999969482422 L150.0 158.1999969482422 Z M108.20000457763672 158.1999969482422 L108.20000457763672 125.0 L141.79161071777344 125.0 L141.79161071777344 158.1999969482422 L108.20000457763672 158.1999969482422 Z M66.80000305175781 158.1999969482422 L66.80000305175781 125.0 L100.0 125.0 L100.0 158.1999969482422 L66.80000305175781 158.1999969482422 Z M25.0 158.1999969482422 L25.0 125.0 L58.20000076293945 125.0 L58.20000076293945 158.1999969482422 L25.0 158.1999969482422 Z M150.0 116.80000305175781 L150.0 83.20840454101562 L183.20001220703125 83.20840454101562 L183.20001220703125 116.80000305175781 L150.0 116.80000305175781 Z M108.20000457763672 41.79999923706055 L141.79161071777344 41.79999923706055 L141.79161071777344 75.0 L108.20000457763672 75.0 L108.20000457763672 41.79999923706055 Z M66.80000305175781 75.0 L66.80000305175781 41.79999923706055 L100.0 41.79999923706055 L100.0 75.0 L66.80000305175781 75.0 Z M108.20000457763672 116.80000305175781 L108.20000457763672 83.20840454101562 L141.79161071777344 83.20840454101562 L141.79161071777344 116.80000305175781 L108.20000457763672 116.80000305175781 Z M66.80000305175781 116.80000305175781 L66.80000305175781 83.20840454101562 L100.0 83.20840454101562 L100.0 116.80000305175781 L66.80000305175781 116.80000305175781 Z M25.0 116.80000305175781 L25.0 83.20840454101562 L58.20000076293945 83.20840454101562 L58.20000076293945 116.80000305175781 L25.0 116.80000305175781 Z M25.0 75.0 L25.0 41.79999923706055 L58.20000076293945 41.79999923706055 L58.20000076293945 75.0 L25.0 75.0 Z""></path></svg>"
f042a3f29c965a1ea50f22002bbd25e0,"<svg xmlns=""http://www.w3.org/2000/svg"" viewBox=""0.0 0.0 200.0 200.0"" height=""200.0px"" width=""200.0px""><path fill="""" fill-opacity=""1.0""  filling=""0"" d=""M135.78125 30.80078125 L68.828125 13.33984375 C66.73828125 12.79296875 64.53125 12.79296875 62.441410064697266 13.359375 L18.53515625 25.1171875 C7.59765625 28.046875 0.0 37.949214935302734 0.0 49.257816314697266 L0.0 172.8515625 C0.0 180.7421875 7.20703125 186.66015625 14.94140625 185.1171875 L64.21875 175.29296875 C65.13671875 175.1171875 66.11328125 175.13671875 67.01171875 175.37109375 L134.31640625 192.9296875 C136.40625 193.4765625 138.59375 193.4765625 140.68359375 192.91015625 L181.42578125 182.08984375 C192.3828125 179.1796875 200.0 169.2578125 200.0 157.9296875 L200.0 29.0234375 C200.0 20.625 191.875 14.609375 183.84765625 17.0703125 L139.19921875 30.7421875 C138.0859375 31.07421875 136.9140625 31.09375 135.78125 30.80078125 Z M56.85546875 164.00390625 L16.23046875 172.109375 C14.296875 172.5 12.5 171.015625 12.5 169.04296875 L12.5 49.257816314697266 C12.5 43.593753814697266 16.30859375 38.65234375 21.7578125 37.1875 L55.429683685302734 28.1640625 C57.421875 27.63671875 59.35546875 29.12109375 59.35546875 31.19140625 L59.35546875 160.9375 C59.375 162.421875 58.3203125 163.7109375 56.85546875 164.00390625 Z M127.34375 178.18359375 L74.21875 164.31640625 C72.8515625 163.96484375 71.875 162.71484375 71.875 161.2890625 L71.875 31.09375 C71.875 29.04296875 73.80859375 27.55859375 75.78125 28.06640625 L128.90625 41.933597564697266 C130.2734375 42.28515625 131.25 43.53515625 131.25 44.960941314697266 L131.25 175.15625 C131.25 177.20703125 129.31640625 178.69140625 127.34375 178.18359375 Z M178.203125 170.0 L147.67578125 178.10546875 C145.68359375 178.6328125 143.75 177.12890625 143.75 175.078125 L143.75 44.7265625 C143.75 43.359375 144.6484375 42.148433685302734 145.95703125 41.738285064697266 L183.45703125 30.25390625 C185.46875 29.6484375 187.5 31.1328125 187.5 33.2421875 L187.5 157.9296875 C187.5 163.59375 183.69140625 168.5546875 178.203125 170.0 Z""></path></svg>"
487dd547-7ba2-41cf-b5aa-08691b4e0d0b,"<svg height=""128"" viewBox=""0 0 32 32"" width=""128"" xmlns=""http://www.w3.org/2000/svg""><g style=""fill:none;stroke:#000000;stroke-width:2;stroke-linecap:round;stroke-linejoin:round;stroke-miterlimit:10""><circle cx=""10"" cy=""21"" r=""7""/><ellipse cx=""10"" cy=""21"" rx=""3"" ry=""7""/><path d=""m3 21h14""/><path d=""m14 27h13c1.1 0 2-.9 2-2v-14c0-1.1-.9-2-2-2h-9.5""/><path d=""m28.5 26.3-11-17.3-2.5-4h-2.5-7.5c-1.1 0-2 .9-2 2v14""/></g></svg>"
ea23c50eb991f46f812108d7f2b88e95,"<svg xmlns=""http://www.w3.org/2000/svg"" viewBox=""0.0 0.0 200.0 200.0"" height=""200.0px"" width=""200.0px""><path fill=""#000000"" fill-opacity=""1.0""  filling=""0"" d=""M100.0 0.0 A100.0 100.0 0.0 1 0 100.0 200.0 A100.0 100.0 0.0 0 0 100.0 0.0 Z M141.18572998046875 78.95722198486328 L101.45722961425781 133.8572235107422 A1.771484375 1.771484375 0.0 0 1 98.57148742675781 133.8572235107422 L58.8427734375 78.95722198486328 A1.785742163658142 1.785742163658142 0.0 0 1 60.28573989868164 76.1142578125 L70.75723266601562 76.1142578125 A7.142773151397705 7.142773151397705 0.0 0 1 76.54277038574219 79.0572280883789 L100.0 111.5142593383789 L123.48574829101562 79.0572280883789 A7.1142578125 7.1142578125 0.0 0 1 129.25723266601562 76.1142578125 L139.728515625 76.1142578125 C141.18572998046875 76.1142578125 142.02850341796875 77.771484375 141.18572998046875 78.95722198486328 Z""></path></svg>"
dc2053c8-2c1f-4d5b-be7a-d1edb51b4d9d,"<svg fill=""none"" height=""128"" viewBox=""0 0 128 128"" width=""128"" xmlns=""http://www.w3.org/2000/svg"" xmlns:xlink=""http://www.w3.org/1999/xlink""><clipPath id=""a""><path d=""m0 0h128v128h-128z""/></clipPath><path d=""m0 0h128v128h-128z"" fill=""none""/><g clip-path=""url(#a)""><path d=""m102.27 60.4c5.73-10.32 3.39-12.2-2.59-12.2h-6.01c-.03 0-.32-.33-2.42 2.02-2.49 1.4-8.42 1.57-8.42 2.16 0 1.12 15.62-.76 19.59 0 2.09.39-.35 5.1-1 8.02-.1 1.12.55.56.85 0m-24.9 5.66c14.21-5.32 21.61-5.97 22.66-6.56.97-.73-.98-1.65-5.81-1.43-11.49.53-30.59 9.26-38.36 13.46l-6.83-23.33h43.69c-.6-7.04-33.97-5.63-75.1-5.63l-11.64 61.38c43.65-24.34 57.53-32.59 71.39-37.89m-56.33-42.09c56.28 13.44 73.33 16.44 73.8 21.32 8.08 0 10.2 0 11.64 1.65 4.69 4.91-3.24 16.91-3.24 16.91-1 .73-90.33 40.07-90.33 40.07h94.04l15.03-79.95z"" fill=""#000000""/></g></svg>"
208d3a204869313c75a2188821e965b1,"<svg xmlns=""http://www.w3.org/2000/svg"" viewBox=""0.0 0.0 200.0 200.0"" height=""200.0px"" width=""200.0px""><path fill=""#FFFFFF"" fill-opacity=""1.0""  filling=""0"" d=""M60.617000579833984 190.80099487304688 C48.79899978637695 185.8040008544922 38.183998107910156 178.64599609375 29.072998046875 169.52999877929688 C19.95800018310547 160.4199981689453 12.800003051757812 149.80599975585938 7.8040008544921875 137.98500061035156 C2.6269989013671875 125.74800109863281 0.0 112.7509994506836 0.0 99.35099792480469 C0.0 85.95700073242188 2.6269989013671875 72.9540023803711 7.8040008544921875 60.71699905395508 C12.800003051757812 48.895999908447266 19.95800018310547 38.2859992980957 29.072998046875 29.170997619628906 C38.183998107910156 20.055999755859375 48.79899978637695 12.898002624511719 60.617000579833984 7.9010009765625 C72.85600280761719 2.7269973754882812 85.8550033569336 0.09799957275390625 99.25299835205078 0.09799957275390625 C112.64800262451172 0.09799957275390625 125.6500015258789 2.7269973754882812 137.88900756835938 7.9010009765625 C149.70799255371094 12.898002624511719 160.3179931640625 20.055999755859375 169.43299865722656 29.170997619628906 C178.54800415039062 38.2859992980957 185.70599365234375 48.895999908447266 190.7030029296875 60.71699905395508 C195.8800048828125 72.9540023803711 198.5070037841797 85.95700073242188 198.5070037841797 99.35099792480469 C198.5070037841797 112.7509994506836 195.8800048828125 125.74800109863281 190.7030029296875 137.98500061035156 C185.70700073242188 149.80599975585938 178.54800415039062 160.4199981689453 169.43299865722656 169.52999877929688 C160.3179931640625 178.64599609375 149.70799255371094 185.80299377441406 137.88900756835938 190.80099487304688 C125.6500015258789 195.9770050048828 112.64700317382812 198.60400390625 99.25299835205078 198.60400390625 C85.8550033569336 198.60400390625 72.85700225830078 195.9770050048828 60.617000579833984 190.80099487304688""></path>
<path fill=""#0091EA"" fill-opacity=""1.0""  filling=""0"" d=""M99.25299835205078 4.322998046875 C46.77000045776367 4.322998046875 4.2259979248046875 46.87099838256836 4.2259979248046875 99.35099792480469 C4.2259979248046875 151.8350067138672 46.77000045776367 194.3780059814453 99.25299835205078 194.3780059814453 C151.73300170898438 194.3780059814453 194.281005859375 151.8350067138672 194.281005859375 99.35099792480469 C194.281005859375 46.87099838256836 151.73300170898438 4.322998046875 99.25299835205078 4.322998046875 Z M133.5959930419922 124.73899841308594 L124.63700103759766 133.6999969482422 L99.2509994506836 108.31400299072266 L73.86499786376953 133.6999969482422 L64.90699768066406 124.73899841308594 L90.29199981689453 99.35399627685547 L64.90699768066406 73.96900177001953 L73.86499786376953 65.00900268554688 L99.2509994506836 90.3949966430664 L124.63700103759766 65.00900268554688 L133.5959930419922 73.96900177001953 L108.21099853515625 99.35399627685547 L133.5959930419922 124.73899841308594 Z""></path></svg>"
522dbb719a7af9320fbd1e283f4de091,"<svg xmlns=""http://www.w3.org/2000/svg"" viewBox=""0.0 0.0 200.0 200.0"" height=""200.0px"" width=""200.0px""><path fill=""#303133"" fill-opacity=""1.0""  filling=""0"" d=""M101.6666030883789 175.0 L59.166603088378906 175.0 C49.166603088378906 175.0 41.666603088378906 166.66659545898438 41.666603088378906 157.5 L41.666603088378906 50.833396911621094 C41.666603088378906 41.666603088378906 49.166603088378906 33.333396911621094 59.166603088378906 33.333396911621094 L140.83340454101562 33.333396911621094 C150.83340454101562 33.333396911621094 158.33340454101562 41.666603088378906 158.33340454101562 50.833396911621094 L158.33340454101562 93.3333969116211 C158.33340454101562 95.8333969116211 156.66659545898438 97.5 154.16659545898438 97.5 C151.66661071777344 97.5 150.0 95.8333969116211 150.0 93.3333969116211 L150.0 50.833396911621094 C150.0 45.833396911621094 145.83340454101562 41.666603088378906 140.83340454101562 41.666603088378906 L59.166603088378906 41.666603088378906 C54.166603088378906 41.666603088378906 50.0 45.833396911621094 50.0 50.833396911621094 L50.0 157.5 C50.0 162.5 54.166603088378906 166.66659545898438 59.166603088378906 166.66659545898438 L101.6666030883789 166.66659545898438 C104.1666030883789 166.66659545898438 105.8333969116211 168.33340454101562 105.8333969116211 170.83340454101562 C105.8333969116211 173.33340454101562 104.1666030883789 175.0 101.6666030883789 175.0 Z""></path>
<path fill=""#303133"" fill-opacity=""1.0""  filling=""0"" d=""M132.5 175.0 C130.83340454101562 175.0 129.16659545898438 174.16659545898438 127.5 173.33340454101562 C125.0 171.66659545898438 124.16659545898438 168.33340454101562 124.16659545898438 165.0 L125.83340454101562 154.16659545898438 L118.3333969116211 146.66659545898438 C115.83340454101562 144.16659545898438 115.0 141.66659545898438 116.6666030883789 138.33340454101562 C117.5 135.0 120.0 133.33340454101562 123.3333969116211 132.5 L133.33340454101562 130.83340454101562 L138.33340454101562 120.8333969116211 C140.0 118.3333969116211 142.5 115.83340454101562 145.83340454101562 115.83340454101562 C149.16659545898438 115.83340454101562 151.66661071777344 117.5 153.33340454101562 120.8333969116211 L158.33340454101562 130.83340454101562 L168.33340454101562 132.5 C171.66659545898438 133.33340454101562 174.16659545898438 135.0 175.0 138.33340454101562 C175.83340454101562 141.66659545898438 175.0 144.16659545898438 173.33340454101562 146.66659545898438 L165.83340454101562 154.16659545898438 L167.5 165.0 C168.33340454101562 168.33340454101562 166.66659545898438 170.83340454101562 164.16659545898438 173.33340454101562 C161.66659545898438 175.0 158.33340454101562 175.83340454101562 155.83340454101562 174.16659545898438 L146.66659545898438 169.16659545898438 L137.5 174.16659545898438 C135.83338928222656 175.0 134.16659545898438 175.0 132.5 175.0 Z M145.83340454101562 125.0 L140.0 139.16661071777344 L125.0 140.83340454101562 L135.83338928222656 151.66661071777344 L133.33340454101562 166.66659545898438 L145.83340454101562 159.16659545898438 L159.16659545898438 166.66659545898438 L156.66659545898438 151.66661071777344 L167.5 140.83340454101562 L153.33340454101562 138.33340454101562 L145.83340454101562 125.0 Z M95.0 125.0 L75.0 125.0 C72.5 125.0 70.8333969116211 123.3333969116211 70.8333969116211 120.8333969116211 C70.8333969116211 118.3333969116211 72.5 116.6666030883789 75.0 116.6666030883789 L95.0 116.6666030883789 C97.5 116.6666030883789 99.1666030883789 118.3333969116211 99.1666030883789 120.8333969116211 C99.1666030883789 123.3333969116211 97.5 125.0 95.0 125.0 Z M121.66659545898438 100.0 L75.0 100.0 C72.5 100.0 70.8333969116211 98.3333969116211 70.8333969116211 95.8333969116211 C70.8333969116211 93.3333969116211 72.5 91.6666030883789 75.0 91.6666030883789 L121.66659545898438 91.6666030883789 C124.16659545898438 91.6666030883789 125.83340454101562 93.3333969116211 125.83340454101562 95.8333969116211 C125.83340454101562 98.3333969116211 124.16659545898438 100.0 121.66659545898438 100.0 Z M128.33340454101562 75.0 L75.0 75.0 C72.5 75.0 70.8333969116211 73.33340454101562 70.8333969116211 70.8333969116211 C70.8333969116211 68.3333969116211 72.5 66.6666030883789 75.0 66.6666030883789 L128.33340454101562 66.6666030883789 C130.83340454101562 66.6666030883789 132.5 68.3333969116211 132.5 70.8333969116211 C132.5 73.33340454101562 130.83340454101562 75.0 128.33340454101562 75.0 Z""></path></svg>"
853ecc8c-4b22-49b1-b401-8fab84804e88,"<svg height=""128"" viewBox=""0 0 90 90"" width=""128"" xmlns=""http://www.w3.org/2000/svg""><path d=""m75.55 57.64l12.65-12.65-12.65-12.65v-17.9h-17.9l-12.65-12.65-12.65 12.65h-17.9v17.9l-12.65 12.65 12.65 12.65v17.9h17.9l12.65 12.65 12.65-12.65h17.9z"" fill=""#ffeb97""/><circle cx=""45"" cy=""44.99"" fill=""#ff8898"" r=""27.23""/><g fill=""#576065""><path d=""m30.45 35.57c2.82 0 4.26 1.68 4.26 4.63v.58h-2.71v-.78c0-1.32-.53-1.81-1.45-1.81s-1.45.5-1.45 1.81c0 3.79 5.66 4.5 5.66 9.76 0 2.95-1.47 4.63-4.31 4.63s-4.32-1.68-4.32-4.63v-1.11h2.74v1.35c0 1.32.58 1.79 1.5 1.79s1.5-.47 1.5-1.79c0-3.79-5.66-4.5-5.66-9.76-.03-2.99 1.42-4.67 4.24-4.67z""/><path d=""m45.75 54.2h-2.92l-.5-3.34h-3.55l-.5 3.34h-2.66l2.95-18.42h4.24zm-6.6-5.84h2.79l-1.4-9.36z""/><path d=""m47.09 35.78h2.91v15.79h4.76v2.63h-7.67z""/><path d=""m58.9 43.54h4v2.63h-4v5.39h5v2.64h-7.9v-18.42h7.9v2.63h-5z""/><path d=""m45 90a1.79 1.79 0 0 1 -1.27-.53l-12.13-12.13h-17.15a1.8 1.8 0 0 1 -1.8-1.8v-17.15l-12.12-12.13a1.8 1.8 0 0 1 0-2.55l12.12-12.12v-17.15a1.8 1.8 0 0 1 1.8-1.8h17.15l12.13-12.12a1.85 1.85 0 0 1 2.55 0l12.12 12.12h17.15a1.8 1.8 0 0 1 1.8 1.8v17.15l12.12 12.13a1.8 1.8 0 0 1 0 2.55l-12.12 12.12v17.15a1.8 1.8 0 0 1 -1.8 1.8h-17.15l-12.13 12.12a1.79 1.79 0 0 1 -1.27.54zm-28.75-16.26h16.1a1.8 1.8 0 0 1 1.27.53l11.38 11.37 11.38-11.38a1.8 1.8 0 0 1 1.27-.53h16.1v-16.09a1.8 1.8 0 0 1 .53-1.27l11.37-11.37-11.38-11.39a1.8 1.8 0 0 1 -.53-1.27v-16.1h-16.09a1.8 1.8 0 0 1 -1.27-.53l-11.38-11.38-11.38 11.39a1.8 1.8 0 0 1 -1.27.53h-16.1v16.09a1.8 1.8 0 0 1 -.53 1.27l-11.37 11.39 11.38 11.37a1.8 1.8 0 0 1 .53 1.27z""/><path d=""m45 74a29 29 0 1 1 29-29 29.07 29.07 0 0 1 -29 29zm0-54.47a25.43 25.43 0 1 0 25.44 25.47 25.46 25.46 0 0 0 -25.44-25.45z""/></g><g fill=""#ffffff""><path d=""m45 28a1.8 1.8 0 0 1 -1.8-1.8v-.2a1.8 1.8 0 1 1 3.6 0v.3a1.8 1.8 0 0 1 -1.8 1.7z""/><path d=""m36.78 30.81a1.8 1.8 0 0 1 -1.27-.52l-.21-.21a1.8 1.8 0 1 1 2.54-2.55l.21.21a1.8 1.8 0 0 1 -1.27 3.08z""/><path d=""m53.22 30.81a1.8 1.8 0 0 1 -1.22-3.07l.21-.21a1.8 1.8 0 1 1 2.54 2.55l-.21.21a1.8 1.8 0 0 1 -1.32.52z""/><path d=""m45 65.83a1.8 1.8 0 0 1 -1.8-1.83v-.3a1.8 1.8 0 0 1 3.6 0v.3a1.8 1.8 0 0 1 -1.8 1.83z""/><path d=""m53.43 63a1.79 1.79 0 0 1 -1.27-.53l-.21-.21a1.8 1.8 0 0 1 2.55-2.55l.21.21a1.8 1.8 0 0 1 -1.28 3.08z""/><path d=""m36.57 63a1.8 1.8 0 0 1 -1.27-3.1l.21-.21a1.8 1.8 0 0 1 2.55 2.55l-.21.21a1.79 1.79 0 0 1 -1.28.55z""/></g></svg>"
e0db5eacebc21e859253d0b383a1ed96,"<svg height=""128"" preserveAspectRatio=""xMinYMin"" viewBox=""-2 -5 24 24"" width=""128"" xmlns=""http://www.w3.org/2000/svg""><path d=""m3.6 2 5.75 5.12a1 1 0 0 0 1.33 0l5.74-5.12zm14.4 1.27-5.99 5.34a3 3 0 0 1 -3.99 0l-6.02-5.36v8.75h16zm-16-3.27h16a2 2 0 0 1 2 2v10a2 2 0 0 1 -2 2h-16a2 2 0 0 1 -2-2v-10a2 2 0 0 1 2-2z""/></svg>"
c485dd74cf5e9bb13491c0d54589939a,"<svg xmlns=""http://www.w3.org/2000/svg"" viewBox=""0.0 0.0 200.0 200.0"" height=""200.0px"" width=""200.0px""><path fill=""currentColor"" fill-opacity=""1.0""  filling=""0"" d=""M130.95700073242188 74.02300262451172 L89.49199676513672 115.48799896240234 L69.04299926757812 95.0199966430664 C67.10900115966797 93.08599853515625 63.98400115966797 93.08599853515625 62.05099868774414 95.0199966430664 C60.117000579833984 96.9530029296875 60.117000579833984 100.0780029296875 62.05099868774414 102.01200103759766 L84.02300262451172 123.98400115966797 C85.48799896240234 125.4489974975586 87.4219970703125 126.25 89.49199676513672 126.25 C91.56199645996094 126.25 93.51599884033203 125.4489974975586 94.96099853515625 123.98400115966797 L137.94900512695312 80.99600219726562 C139.88299560546875 79.06199645996094 139.88299560546875 75.93800354003906 137.94900512695312 74.00399780273438 C136.03500366210938 72.08999633789062 132.89100646972656 72.08999633789062 130.95700073242188 74.02300262451172 Z""></path>
<path fill=""currentColor"" fill-opacity=""1.0""  filling=""0"" d=""M100.0 25.0 C58.652000427246094 25.0 25.0 58.652000427246094 25.0 100.0 C25.0 141.34800720214844 58.652000427246094 175.0 100.0 175.0 C141.34800720214844 175.0 175.0 141.34800720214844 175.0 100.0 C175.0 58.652000427246094 141.34800720214844 25.0 100.0 25.0 Z M100.0 165.11700439453125 C64.10199737548828 165.11700439453125 34.88299560546875 135.8979949951172 34.88299560546875 100.0 C34.88299560546875 64.10199737548828 64.10199737548828 34.88299560546875 100.0 34.88299560546875 C135.8979949951172 34.88299560546875 165.11700439453125 64.10199737548828 165.11700439453125 100.0 C165.11700439453125 135.8979949951172 135.8979949951172 165.11700439453125 100.0 165.11700439453125 Z""></path></svg>"
c91871a6-5f92-4f84-ac8a-758d5adcbf50,"<svg xmlns=""http://www.w3.org/2000/svg"" viewBox=""0.0 0.0 200.0 200.0"" height=""200.0px"" width=""200.0px""><path fill=""#000000"" fill-opacity=""1.0""  filling=""0"" d=""M110.12754821777344 2.6650390625 L178.30975341796875 36.66250228881836 A25.49492073059082 25.49492073059082 0.0 0 1 192.4998016357422 59.487308502197266 L192.4998016357422 140.49472045898438 A25.484960556030273 25.484960556030273 0.0 0 1 178.3273468017578 163.30722045898438 L110.1500015258789 197.3046875 A25.627538681030273 25.627538681030273 0.0 0 1 87.2701187133789 197.3046875 L19.06523895263672 163.2947235107422 C10.382614135742188 158.93222045898438 4.935157775878906 150.03964233398438 5.0001983642578125 140.40469360351562 L5.0001983642578125 59.48495864868164 A25.48750114440918 25.48750114440918 0.0 0 1 19.172653198242188 36.672462463378906 L51.60761642456055 20.497459411621094 C52.060157775878906 20.215042114257812 52.5400390625 19.974998474121094 53.037498474121094 19.782424926757812 L87.375 2.6650390625 A25.629884719848633 25.629884719848633 0.0 0 1 110.1298828125 2.6650390625 L110.12754821777344 2.6650390625 Z M22.045120239257812 62.699806213378906 L22.045120239257812 140.46466064453125 A8.487500190734863 8.487500190734863 0.0 0 0 26.71015167236328 148.10215759277344 L90.2275390625 179.77206420898438 L90.2275390625 96.6998062133789 L22.045120239257812 62.699806213378906 Z M175.4548797607422 140.48965454101562 L175.44979858398438 62.699806213378906 L107.2724609375 96.697265625 L107.2724609375 179.7322235107422 L170.72225952148438 148.09219360351562 A8.494921684265137 8.494921684265137 0.0 0 0 175.4548797607422 140.4921875 L175.4548797607422 140.48965454101562 Z M56.180076599121094 37.22499465942383 L32.622657775878906 48.96992492675781 L98.75 81.9423828125 L122.30487823486328 70.197265625 L56.180076599121094 37.22245788574219 L56.180076599121094 37.22499465942383 Z M94.9775390625 17.8798828125 L75.2349624633789 27.722457885742188 L141.3625030517578 60.69491958618164 L164.87734985351562 48.96992492675781 L102.53495788574219 17.882415771484375 A8.532422065734863 8.532422065734863 0.0 0 0 94.9775390625 17.877540588378906 L94.9775390625 17.8798828125 Z""></path></svg>"
5460b288-68cd-47b4-a7f0-3dcc7af46e22,"<svg height=""128"" viewBox=""0 0 512 512"" width=""128"" xmlns=""http://www.w3.org/2000/svg""><path d=""m464.08 171.38h-118.32v-171.38h-179.53v171.38h-118.33l208.08 252.47z""/><path d=""m23.57 439.87h464.85v72.13h-464.85z""/></svg>"
20c327c57674a8cbc5960bf89e75aada,"<svg xmlns=""http://www.w3.org/2000/svg"" viewBox=""0.0 0.0 200.0 200.0"" height=""200.0px"" width=""200.0px""><path fill="""" fill-opacity=""1.0""  filling=""0"" d=""M144.7421875 133.81640625 C137.62109375 133.81640625 131.51953125 137.955078125 128.54296875 143.921875 C109.216796875 141.9453125 93.63671875 127.431640625 90.267578125 108.544921875 L107.865234375 108.544921875 C110.62890625 113.841796875 116.109375 117.49609375 122.49609375 117.49609375 C131.646484375 117.49609375 139.064453125 110.07811737060547 139.064453125 100.9296875 C139.064453125 91.779296875 131.646484375 84.36328125 122.49609375 84.36328125 C116.109375 84.36328125 110.6328125 88.017578125 107.865234375 93.3125 L90.267578125 93.3125 C93.6640625 74.267578125 109.48046875 59.666015625 129.03125 57.890625 C132.16015625 63.365234375 137.986328125 67.099609375 144.7421875 67.099609375 C154.775390625 67.099609375 162.908203125 58.966796875 162.908203125 48.935543060302734 C162.908203125 38.904296875 154.775390625 30.771484375 144.7421875 30.771484375 C136.9765625 30.771484375 130.400390625 35.669921875 127.80078887939453 42.525386810302734 C100.37890625 44.916015625 78.3515625 66.23046875 74.818359375 93.314453125 L68.400390625 93.314453125 C68.0078125 93.314453125 67.669921875 93.48046875 67.29296875 93.5390625 C64.029296875 81.5859375 53.205078125 72.75 40.216796875 72.75 C24.65234375 72.75 12.03515625 85.3671875 12.03515625 100.931640625 C12.03515625 116.49609375 24.65234375 129.11328125 40.216796875 129.11328125 C53.205078125 129.11328125 64.033203125 120.27734375 67.294921875 108.322265625 C67.671875 108.37891387939453 68.009765625 108.546875 68.400390625 108.546875 L74.818359375 108.546875 C78.369140625 135.75 100.58007049560547 157.12890625 128.171875 159.359375 C131.00390625 165.70703125 137.341796875 170.146484375 144.740234375 170.146484375 C154.7734375 170.146484375 162.90625 162.013671875 162.90625 151.982421875 C162.90625 141.951171875 154.775390625 133.81640625 144.7421875 133.81640625 Z""></path></svg>"
26accc1d0eae3cf5a282fe8bc9f24ae6,"<svg xmlns=""http://www.w3.org/2000/svg"" viewBox=""0.0 0.0 200.0 200.0"" height=""200.0px"" width=""200.0px""><path fill=""#333333"" fill-opacity=""1.0""  filling=""0"" d=""M80.791015625 92.154296875 L48.86328125 92.154296875 C42.595703125 92.154296875 37.5 87.05859375 37.5 80.791015625 L37.5 48.86328125 C37.5 42.595703125 42.595703125 37.5 48.86328125 37.5 L80.791015625 37.5 C87.05859375 37.5 92.154296875 42.595703125 92.154296875 48.86328125 L92.154296875 80.791015625 C92.154296875 87.05859375 87.05859375 92.154296875 80.791015625 92.154296875 Z M48.86328125 48.86328125 L48.86328125 80.791015625 L80.798828125 80.791015625 L80.791015625 48.86328125 L48.86328125 48.86328125 Z M135.173828125 92.154296875 C120.107421875 92.154296875 107.84765625 79.89453125 107.84765625 64.828125 C107.84765625 49.76171875 120.10546875 37.5 135.173828125 37.5 C150.2421875 37.5 162.5 49.759769439697266 162.5 64.826171875 C162.5 79.892578125 150.240234375 92.154296875 135.173828125 92.154296875 Z M135.173828125 48.86328125 C126.37109375 48.86328125 119.2109375 56.0234375 119.2109375 64.826171875 C119.2109375 73.62890625 126.37109375 80.7890625 135.173828125 80.7890625 C143.9765625 80.7890625 151.13671875 73.62890625 151.13671875 64.826171875 C151.13671875 56.0234375 143.9765625 48.86328125 135.173828125 48.86328125 Z M80.791015625 162.5 L48.86328125 162.5 C42.595703125 162.5 37.5 157.404296875 37.5 151.13671875 L37.5 119.208984375 C37.5 112.94140625 42.595703125 107.845703125 48.86328125 107.845703125 L80.791015625 107.845703125 C87.05859375 107.845703125 92.154296875 112.94140625 92.154296875 119.208984375 L92.154296875 151.13671875 C92.154296875 157.404296875 87.05859375 162.5 80.791015625 162.5 Z M48.86328125 119.208984375 L48.86328125 151.13671875 L80.798828125 151.13671875 L80.791015625 119.208984375 L48.86328125 119.208984375 Z M151.13671875 162.5 L119.208984375 162.5 C112.94140625 162.5 107.845703125 157.404296875 107.845703125 151.13671875 L107.845703125 119.208984375 C107.845703125 112.94140625 112.94140625 107.845703125 119.208984375 107.845703125 L151.13671875 107.845703125 C157.404296875 107.845703125 162.5 112.94140625 162.5 119.208984375 L162.5 151.13671875 C162.5 157.404296875 157.404296875 162.5 151.13671875 162.5 Z M119.208984375 119.208984375 L119.208984375 151.13671875 L151.14453125 151.13671875 L151.13671875 119.208984375 L119.208984375 119.208984375 Z""></path></svg>"
73708003-fcac-40e5-ab72-56cf146bd6ea,"<svg fill=""none"" height=""128"" viewBox=""0 0 24 24"" width=""128"" xmlns=""http://www.w3.org/2000/svg""><path d=""m9 20l8-8-8-8"" stroke=""#001a72"" stroke-linecap=""round"" stroke-linejoin=""round"" stroke-width=""1.5""/></svg>"
b031866f9839e47867bdf04be7c70179,"<svg xmlns=""http://www.w3.org/2000/svg"" viewBox=""0.0 0.0 200.0 200.0"" height=""200.0px"" width=""200.0px""><path fill="""" fill-opacity=""1.0""  filling=""0"" d=""M200.0 25.0 L200.0 82.14004516601562 C200.0 84.5400390625 198.8000030517578 85.71991729736328 196.419921875 85.71991729736328 L192.85995483398438 85.71991729736328 L192.85995483398438 167.85995483398438 C192.85995483398438 170.2599639892578 191.65997314453125 171.44003295898438 189.28009033203125 171.44003295898438 L10.719917297363281 171.44003295898438 C8.340034484863281 171.44003295898438 7.140037536621094 170.2599639892578 7.140037536621094 167.85995483398438 L7.140037536621094 85.71991729736328 L3.580078125 85.71991729736328 C1.2000045776367188 85.71991729736328 0.0 84.5400390625 0.0 82.14004516601562 L0.0 25.0 C0.0 22.619918823242188 1.2000045776367188 21.419921875 3.580078125 21.419921875 L196.44003295898438 21.419921875 C198.8000030517578 21.419921875 200.0 22.619918823242188 200.0 25.0 Z M192.85995483398438 28.580078125 L7.140037536621094 28.580078125 L7.140037536621094 78.580078125 L50.0 78.580078125 L50.0 67.85995483398438 C50.0 65.48007202148438 51.20000076293945 64.28008270263672 53.580074310302734 64.28008270263672 C55.959964752197266 64.28008270263672 57.15996170043945 65.48007202148438 57.15996170043945 67.85995483398438 L57.15996170043945 78.580078125 L142.8800811767578 78.580078125 L142.8800811767578 67.85995483398438 C142.8800811767578 65.48007202148438 144.080078125 64.28008270263672 146.4599609375 64.28008270263672 C148.84002685546875 64.28008270263672 150.0 65.48007202148438 150.0 67.85995483398438 L150.0 78.580078125 L192.85995483398438 78.580078125 L192.85995483398438 28.580078125 Z M185.71990966796875 85.71991729736328 L150.0 85.71991729736328 L150.0 96.4400405883789 C150.0 98.8199234008789 148.8000030517578 100.0 146.419921875 100.0 C144.0400390625 100.0 142.85995483398438 98.8199234008789 142.85995483398438 96.419921875 L142.85995483398438 85.71991729736328 L57.14004135131836 85.71991729736328 L57.14004135131836 96.4400405883789 C57.14004135131836 98.8199234008789 55.959964752197266 100.0 53.580074310302734 100.0 C51.20000076293945 100.0 50.0 98.8199234008789 50.0 96.419921875 L50.0 85.71991729736328 L14.280082702636719 85.71991729736328 L14.280082702636719 164.3000030517578 L185.6999969482422 164.3000030517578 L185.6999969482422 85.71991729736328 L185.71990966796875 85.71991729736328 Z M125.0 17.859962463378906 C127.38007354736328 17.859962463378906 128.580078125 16.680076599121094 128.580078125 14.280082702636719 C128.580078125 10.119918823242188 127.24003601074219 6.700004577636719 124.55996704101562 4.019920349121094 C121.88008117675781 1.3400344848632812 118.4599609375 0.0 114.28008270263672 0.0 L85.71991729736328 0.0 C81.5400390625 0.0 78.11991882324219 1.3400344848632812 75.44003295898438 4.019920349121094 C72.75996398925781 6.700004577636719 71.419921875 10.119918823242188 71.419921875 14.280082702636719 C71.419921875 16.680076599121094 72.61991882324219 17.859962463378906 75.0 17.859962463378906 C77.38008117675781 17.859962463378906 78.580078125 16.680076599121094 78.580078125 14.280082702636719 C78.580078125 9.519920349121094 80.9599609375 7.140037536621094 85.71991729736328 7.140037536621094 L114.30000305175781 7.140037536621094 C119.05995178222656 7.140037536621094 121.4400405883789 9.5400390625 121.4400405883789 14.280082702636719 C121.419921875 16.680076599121094 122.61992645263672 17.859962463378906 125.0 17.859962463378906 Z""></path></svg>"
2027e68d0f0f12743d8b1b3e0bf7327d,"<svg fill=""none"" height=""128"" viewBox=""0 0 24 24"" width=""128"" xmlns=""http://www.w3.org/2000/svg""><g stroke=""#1c274c"" stroke-width=""1.5""><path d=""m14.5 4.5c0 1.38-1.12 2.5-2.5 2.5s-2.5-1.12-2.5-2.5 1.12-2.5 2.5-2.5 2.5 1.12 2.5 2.5z""/><g stroke-linecap=""round"" stroke-linejoin=""round""><path d=""m3 17 2.59-1.31c.25-.13.41-.39.41-.67 0-2.94 2.14-5.45 5.01-5.94.65-.11 1.33-.11 1.98 0 .35.06.69.15 1.01.26m7 7.66-2.59-1.31c-.25-.13-.41-.39-.41-.67 0-1.09-.3-2.13-.81-3.02""/><path d=""m9.5 16-1.04 1.39c-.03.04-.05.06-.07.08-.26.34-.62.58-1.03.69-.02.01-.05.01-.1.03l-1.49.37c-1.04.26-1.77 1.19-1.77 2.27 0 .65.52 1.17 1.17 1.17h1.56c.6 0 .9 0 1.19-.03.68-.08 1.33-.3 1.93-.65.25-.14.49-.32.97-.68l.18-.14m0 0 2-1.5m-2 1.5 2.54.95c.61.23.91.35 1.23.42.16.04.33.07.49.09.32.04.65.04 1.3.04h2.27c.65 0 1.17-.52 1.17-1.17 0-1.08-.73-2.01-1.77-2.27l-1.49-.37c-.05-.02-.08-.02-.1-.03-.41-.11-.77-.35-1.03-.69-.02-.02-.04-.04-.07-.08l-1.04-1.39""/></g></g></svg>"
29aeeb99-5145-4c28-9fca-7a691e2fcbba,"<svg height=""128"" viewBox=""0 0 16 16"" width=""128"" xmlns=""http://www.w3.org/2000/svg""><path clip-rule=""evenodd"" d=""m14.21 1.71-.71-.71-6 6-6-6-.71.71 6.35 6.35h.71l6.35-6.35zm0 6-.71-.71-6 6-6-6-.71.71 6.35 6.35h.71l6.35-6.35z"" fill-rule=""evenodd""/></svg>"
cd10d9e2a00497818b7bc88db9265125,"<svg xmlns=""http://www.w3.org/2000/svg"" viewBox=""0.0 0.0 200.0 200.0"" height=""200.0px"" width=""200.0px""><path fill=""#262626"" fill-opacity=""1.0""  filling=""0"" d=""M0.0 12.5 L78.9625015258789 12.5 L99.875 38.75 L200.0 38.75 L200.0 187.5 L0.0 187.5 L0.0 12.5 Z M16.099998474121094 49.912498474121094 L16.099998474121094 67.44999694824219 L71.35000610351562 67.44999694824219 L92.1624984741211 93.8125 L184.1875 93.8125 L184.1875 76.125 L100.125 76.125 L78.94999694824219 49.912498474121094 L16.099998474121094 49.912498474121094 Z""></path></svg>"
90efed7b71ba491724756bbcbfc46734,"<svg xmlns=""http://www.w3.org/2000/svg"" viewBox=""0.0 0.0 200.0 200.0"" height=""200.0px"" width=""200.0px""><path fill=""#aaaaf8"" fill-opacity=""1.0""  filling=""0"" d=""M150.85000610351562 60.03007888793945 C145.4599609375 60.03007888793945 140.75994873046875 65.99003601074219 134.18008422851562 72.84004211425781 C135.44003295898438 58.680076599121094 126.50996398925781 24.530075073242188 101.40000915527344 13.330078125 C95.76992797851562 10.819923400878906 89.1800765991211 13.559959411621094 86.84004211425781 19.25995635986328 C69.13008117675781 62.44003677368164 24.7900390625 69.4800796508789 24.7900390625 116.90995788574219 C24.7900390625 156.5099639892578 58.74003601074219 188.61993408203125 100.61992645263672 188.61993408203125 C142.5 188.61993408203125 176.45001220703125 156.51992797851562 176.45001220703125 116.90995788574219 C176.44003295898438 96.46991729736328 167.0099639892578 60.03007888793945 150.85000610351562 60.03007888793945 Z""></path>
<path fill=""#FFCD43"" fill-opacity=""1.0""  filling=""0"" d=""M79.8599624633789 89.01992797851562 A7.510937690734863 7.510937690734863 0.0 0 0 69.34004211425781 87.6500015258789 C60.71991729736328 94.2900390625 47.25996398925781 112.9599609375 58.06991958618164 136.080078125 A7.49609375 7.49609375 0.0 0 0 64.86991882324219 140.4099578857422 C65.93008422851562 140.4099578857422 67.00996398925781 140.18008422851562 68.0400390625 139.6999969482422 C71.7900390625 137.95001220703125 73.40995788574219 133.48008728027344 71.65995788574219 129.73008728027344 C63.45000457763672 112.169921875 76.9400405883789 100.76992797851562 78.53007507324219 99.50996398925781 C81.78007507324219 96.9800796508789 82.38008117675781 92.29999542236328 79.8599624633789 89.01992797851562 Z""></path></svg>"
a94d05f0e0eb85e06839b5c1c5523a74,"<svg xmlns=""http://www.w3.org/2000/svg"" viewBox=""0.0 0.0 200.0 200.0"" height=""200.0px"" width=""200.0px""><path fill=""currentColor"" fill-opacity=""1.0""  filling=""0"" d=""M154.35499572753906 85.37100219726562 C136.07400512695312 85.37100219726562 121.2300033569336 100.19499969482422 121.2300033569336 118.49600219726562 C121.2300033569336 136.7969970703125 136.05499267578125 151.64100646972656 154.35499572753906 151.64100646972656 C172.656005859375 151.64100646972656 187.5 136.77699279785156 187.5 118.47699737548828 C187.5 100.19499969482422 172.656005859375 85.37100219726562 154.35499572753906 85.37100219726562 Z M170.85899353027344 123.125 L158.98399353027344 123.125 L158.98399353027344 134.97999572753906 C158.98399353027344 137.5590057373047 156.91400146484375 139.62899780273438 154.33599853515625 139.62899780273438 C151.77699279785156 139.62899780273438 149.7270050048828 137.5590057373047 149.7270050048828 134.97999572753906 L149.7270050048828 123.125 L137.87100219726562 123.125 C135.31199645996094 123.125 133.22300720214844 121.05500030517578 133.22300720214844 118.47699737548828 C133.22300720214844 115.91799926757812 135.31199645996094 113.8280029296875 137.83200073242188 113.8280029296875 L149.68800354003906 113.8280029296875 L149.68800354003906 101.9729995727539 C149.68800354003906 99.3949966430664 151.77699279785156 97.3239974975586 154.2969970703125 97.3239974975586 C156.875 97.3239974975586 158.94500732421875 99.41400146484375 158.94500732421875 101.9729995727539 L158.94500732421875 113.8280029296875 L170.80099487304688 113.8280029296875 C173.35899353027344 113.8280029296875 175.44900512695312 115.91799926757812 175.44900512695312 118.47699737548828 C175.50799560546875 121.05500030517578 173.41799926757812 123.125 170.85899353027344 123.125 Z""></path>
<path fill=""currentColor"" fill-opacity=""1.0""  filling=""0"" d=""M154.35499572753906 78.31999969482422 C164.4340057373047 78.31999969482422 173.593994140625 82.06999969482422 180.66400146484375 88.2030029296875 C182.2270050048828 83.26200103759766 183.2030029296875 77.75399780273438 183.2030029296875 71.46499633789062 C183.2030029296875 42.422000885009766 158.86700439453125 25.19499969482422 139.0229949951172 25.19499969482422 C119.18000030517578 25.19499969482422 106.0739974975586 36.68000030517578 97.83200073242188 50.84000015258789 C89.60900115966797 36.65999984741211 76.50399780273438 25.19499969482422 56.68000030517578 25.19499969482422 C36.83599853515625 25.19499969482422 12.5 42.422000885009766 12.5 71.48400115966797 C12.5 100.93800354003906 38.49599838256836 116.2300033569336 48.39799880981445 124.80500030517578 C48.59400177001953 124.96099853515625 87.24600219726562 154.76600646972656 97.83200073242188 174.78500366210938 C102.61699676513672 165.76199340820312 113.7699966430664 154.78500366210938 124.66799926757812 145.39100646972656 C118.2030029296875 138.26199340820312 114.1989974975586 128.84800720214844 114.1989974975586 118.47699737548828 C114.1989974975586 96.3280029296875 132.2270050048828 78.31999969482422 154.35499572753906 78.31999969482422 Z M68.59400177001953 39.53099822998047 C68.1449966430664 41.172000885009766 66.44499969482422 42.14799880981445 64.78500366210938 41.71900177001953 C62.24599838256836 41.01599884033203 59.56999969482422 40.683998107910156 56.68000030517578 40.683998107910156 C45.23400115966797 40.683998107910156 28.652000427246094 50.84000015258789 28.027000427246094 70.13700103759766 C27.948997497558594 71.81600189208984 26.582000732421875 73.1050033569336 24.9219970703125 73.1050033569336 L24.80500030517578 73.1050033569336 C23.08599853515625 73.0270004272461 21.75799560546875 71.60199737548828 21.83599853515625 69.88300323486328 C22.811996459960938 46.83599853515625 42.09000015258789 34.512001037597656 56.69900131225586 34.49200439453125 C60.077999114990234 34.49200439453125 63.34000015258789 34.902000427246094 66.4260025024414 35.74200439453125 C68.0469970703125 36.172000885009766 69.02300262451172 37.89099884033203 68.59400177001953 39.53099822998047 Z""></path></svg>"
fa16ad7ec9e08db1119b96f54d67f1c8,"<svg xmlns=""http://www.w3.org/2000/svg"" viewBox=""0.0 0.0 200.0 200.0"" height=""200.0px"" width=""200.0px""><path fill="""" fill-opacity=""1.0""  filling=""0"" d=""M145.6374969482422 26.875 C159.4187469482422 26.875 168.76251220703125 48.66875457763672 168.76251220703125 75.0 C168.76251220703125 101.33124542236328 159.4187469482422 123.125 145.6374969482422 123.125 C139.94375610351562 123.125 135.0124969482422 119.41250610351562 131.1750030517578 113.1875 L131.0625 168.75625610351562 A4.375 4.375 0.0 0 1 124.68124389648438 172.6374969482422 L124.15625 172.31874084472656 L109.36249542236328 161.81875610351562 L94.30000305175781 172.33749389648438 A4.375 4.375 0.0 0 1 89.7874984741211 172.6374969482422 L89.1937484741211 172.26873779296875 L75.13750457763672 161.91250610351562 L61.15625 172.26873779296875 A4.375 4.375 0.0 0 1 56.712501525878906 172.71875 L56.11249923706055 172.38125610351562 L40.40625 161.8249969482422 L26.356246948242188 172.26251220703125 A4.375 4.375 0.0 0 1 19.41875457763672 169.36875915527344 L19.375 168.75 L19.375 64.57499694824219 A35.8125 35.8125 0.0 0 1 31.9375 37.337501525878906 A43.70000076293945 43.70000076293945 0.0 0 1 58.36250305175781 26.91875457763672 L60.306251525878906 26.875 L145.6374969482422 26.875 Z M131.9375 35.625 L60.306251525878906 35.625 C51.993751525878906 35.625 43.94375228881836 38.59375 37.618751525878906 43.99374771118164 A27.0625 27.0625 0.0 0 0 28.162506103515625 63.099998474121094 L28.125 64.57499694824219 L28.118751525878906 160.0500030517578 L37.681243896484375 152.96250915527344 A4.375 4.375 0.0 0 1 42.125 152.50624084472656 L42.72500228881836 152.84375 L58.431251525878906 163.3937530517578 L72.53125 152.95623779296875 A4.375 4.375 0.0 0 1 77.125 152.5812530517578 L77.73124694824219 152.95623779296875 L91.85624694824219 163.3625030517578 L106.88749694824219 152.8874969482422 A4.375 4.375 0.0 0 1 111.33749389648438 152.55624389648438 L111.92500305175781 152.90625 L122.33125305175781 160.2937469482422 L122.51249694824219 75.35624694824219 L122.51249694824219 75.0 C122.51249694824219 58.83124923706055 126.03125762939453 44.375003814697266 131.94375610351562 35.625 L131.9375 35.625 Z M100.0 127.3375015258789 A4.375 4.375 0.0 0 1 100.59374237060547 136.0500030517578 L100.0 136.08749389648438 L62.5 136.08749389648438 A4.375 4.375 0.0 0 1 61.90625 127.38125610351562 L62.5 127.3375015258789 L100.0 127.3375015258789 Z M145.6374969482422 35.625 C138.71249389648438 35.625 131.26251220703125 53.006248474121094 131.26251220703125 75.0 C131.26251220703125 96.9937515258789 138.71249389648438 114.37499237060547 145.6374969482422 114.37499237060547 C152.5625 114.37499237060547 160.0124969482422 96.9937515258789 160.0124969482422 75.0 C160.0124969482422 53.006248474121094 152.5625 35.625 145.6374969482422 35.625 Z""></path></svg>"
a92453bd82b74a72badf504d9fb77bbd,"<svg xmlns=""http://www.w3.org/2000/svg"" viewBox=""0.0 0.0 200.0 200.0"" height=""200.0px"" width=""200.0px""><path fill=""#000000"" fill-opacity=""1.0""  filling=""0"" d=""M81.25 75.0 A12.5 12.5 0.0 0 0 93.75 62.5 L93.75 12.5 L162.5 12.5 A6.25 6.25 0.0 0 1 168.75 18.75 L168.75 181.25 A6.25 6.25 0.0 0 1 162.5 187.5 L37.5 187.5 A6.25 6.25 0.0 0 1 31.25 181.25 L31.25 75.0 L81.25 75.0 Z M81.25 13.061996459960938 L81.25 62.5 L31.811996459960938 62.5 A6.25 6.25 0.0 0 1 33.08100128173828 60.66899871826172 L79.41899871826172 14.331001281738281 A6.25 6.25 0.0 0 1 81.25 13.061996459960938 Z""></path></svg>"
75cbc991cd88a5b0b0351a1e6d743a1d,"<svg xmlns=""http://www.w3.org/2000/svg"" viewBox=""0.0 0.0 200.0 200.0"" height=""200.0px"" width=""200.0px""><path fill=""#63D13F"" fill-opacity=""1.0""  filling=""0"" d=""M15.03900146484375 99.9020004272461 A84.86299896240234 84.86299896240234 0.0 1 0 184.76600646972656 99.9020004272461 A84.86299896240234 84.86299896240234 0.0 1 0 15.03900146484375 99.9020004272461 Z""></path>
<path fill=""#FFFFFF"" fill-opacity=""1.0""  filling=""0"" d=""M137.55299377441406 76.14800262451172 L125.41999816894531 84.62899780273438 A4.724999904632568 4.724999904632568 0.0 0 1 118.71499633789062 83.27100372314453 L104.23600006103516 60.24800109863281 A5.679999828338623 5.679999828338623 0.0 0 0 94.62300109863281 60.24800109863281 L80.1449966430664 83.27100372314453 A4.7230000495910645 4.7230000495910645 0.0 0 1 73.43800354003906 84.62899780273438 L61.308998107910156 76.14800262451172 C57.433998107910156 73.43800354003906 52.14799880981445 76.36699676513672 52.3849983215332 81.09400177001953 L54.893001556396484 129.58999633789062 A12.680000305175781 12.680000305175781 0.0 0 0 67.55699920654297 141.61500549316406 L131.30499267578125 141.61500549316406 A12.682000160217285 12.682000160217285 0.0 0 0 143.968994140625 129.58999633789062 L146.48399353027344 81.09400177001953 C146.7209930419922 76.36699676513672 141.42799377441406 73.43800354003906 137.55299377441406 76.14800262451172 Z M120.21700286865234 124.17400360107422 L78.6449966430664 124.17400360107422 A4.882999897003174 4.882999897003174 0.0 1 1 78.6449966430664 114.40799713134766 L120.21700286865234 114.40799713134766 A4.882999897003174 4.882999897003174 0.0 0 1 120.21700286865234 124.17400360107422 Z""></path></svg>"
e0fb222844234c7fde7149aa7a2c49e2,"<svg xmlns=""http://www.w3.org/2000/svg"" viewBox=""0.0 0.0 200.0 200.0"" height=""200.0px"" width=""200.0px""><path fill=""currentColor"" fill-opacity=""1.0""  filling=""0"" d=""M181.11099243164062 105.22200012207031 L181.11099243164062 142.0 C178.11099243164062 146.88900756835938 173.55499267578125 146.44500732421875 168.7779998779297 145.66700744628906 C165.88900756835938 134.88900756835938 159.2220001220703 127.77799987792969 148.0 127.22200012207031 C135.33299255371094 126.55500030517578 128.0 134.2220001220703 124.55500030517578 145.66700744628906 L81.44499969482422 145.66700744628906 C77.22200012207031 133.33299255371094 69.88899993896484 126.88899993896484 59.77799987792969 127.11100006103516 C47.66699981689453 127.44499969482422 40.55500030517578 134.44500732421875 37.33300018310547 146.11099243164062 L29.0 146.11099243164062 C20.33300018310547 146.0 19.0 144.7779998779297 19.0 136.2220001220703 L19.0 49.44499969482422 C19.0 41.77799987792969 20.44499969482422 40.22200012207031 27.66699981689453 40.22200012207031 L122.55500030517578 40.22200012207031 C129.44500732421875 40.22200012207031 131.11099243164062 42.0 131.33299255371094 48.77799987792969 C131.44500732421875 54.0 131.33299255371094 59.111000061035156 131.33299255371094 64.88899993896484 C137.88900756835938 64.88899993896484 143.55499267578125 65.22200012207031 149.2220001220703 64.77799987792969 C156.11099243164062 64.33300018310547 160.44500732421875 67.44499969482422 163.55499267578125 73.11100006103516 C169.2220001220703 83.88899993896484 175.2220001220703 94.55500030517578 181.11099243164062 105.22200012207031 Z M170.88900756835938 108.44499969482422 C165.33299255371094 98.22200012207031 160.33299255371094 88.77799987792969 155.11099243164062 79.44499969482422 C154.55499267578125 78.44499969482422 152.66700744628906 77.55500030517578 151.44500732421875 77.55500030517578 C147.11099243164062 77.33300018310547 142.66700744628906 77.44499969482422 137.88900756835938 77.44499969482422 L137.88900756835938 108.44499969482422 L170.88900756835938 108.44499969482422 Z""></path>
<path fill=""currentColor"" fill-opacity=""1.0""  filling=""0"" d=""M74.88899993896484 149.33299255371094 C74.88899993896484 158.11099243164062 67.88899993896484 165.0 59.111000061035156 164.7779998779297 C50.66699981689453 164.55499267578125 44.111000061035156 157.7779998779297 44.111000061035156 149.2220001220703 C44.111000061035156 140.44500732421875 51.111000061035156 133.55499267578125 59.888999938964844 133.7779998779297 C68.33300018310547 134.0 74.88899993896484 140.7779998779297 74.88899993896484 149.33299255371094 Z M162.2220001220703 149.0 A15.444999694824219 15.444999694824219 0.0 1 1 131.33299255371094 149.55499267578125 C131.2220001220703 140.66700744628906 137.88900756835938 133.7779998779297 146.66700744628906 133.7779998779297 C155.2220001220703 133.7779998779297 162.0 140.44500732421875 162.2220001220703 149.0 Z""></path></svg>"
687d6990a090b56714dc2d45160f2770,"<svg xmlns=""http://www.w3.org/2000/svg"" viewBox=""0.0 0.0 200.0 200.0"" height=""200.0px"" width=""200.0px""><path fill=""currentColor"" fill-opacity=""1.0""  filling=""0"" d=""M164.28599548339844 0.0 L35.71400451660156 0.0 C27.834999084472656 0.0 21.429000854492188 6.405998229980469 21.429000854492188 14.286003112792969 L21.429000854492188 185.71400451660156 C21.429000854492188 193.593994140625 27.834999084472656 200.0 35.71400451660156 200.0 L164.28599548339844 200.0 C172.1649932861328 200.0 178.5709991455078 193.593994140625 178.5709991455078 185.71400451660156 L178.5709991455078 14.286003112792969 C178.5709991455078 6.405998229980469 172.1649932861328 0.0 164.28599548339844 0.0 Z M162.5 183.9290008544922 L37.5 183.9290008544922 L37.5 16.070999145507812 L162.5 16.070999145507812 L162.5 183.9290008544922 Z M91.07099914550781 160.71400451660156 A8.928999900817871 8.928999900817871 0.0 1 0 108.92900085449219 160.71400451660156 A8.928999900817871 8.928999900817871 0.0 1 0 91.07099914550781 160.71400451660156 Z""></path></svg>"
cdfa7edfdde22df95c4872e946865b8f,"<svg xmlns=""http://www.w3.org/2000/svg"" viewBox=""0.0 0.0 200.0 200.0"" height=""200.0px"" width=""200.0px""><path fill=""#4E5969"" fill-opacity=""1.0""  filling=""0"" d=""M100.0 33.333396911621094 C63.179100036621094 33.333396911621094 33.333396911621094 63.179100036621094 33.333396911621094 100.0 C33.333396911621094 136.82089233398438 63.179100036621094 166.66659545898438 100.0 166.66659545898438 C136.82089233398438 166.66659545898438 166.66659545898438 136.82089233398438 166.66659545898438 100.0 C166.66659545898438 63.179100036621094 136.82089233398438 33.333396911621094 100.0 33.333396911621094 Z M16.666603088378906 100.0 C16.666603088378906 53.974998474121094 53.974998474121094 16.666603088378906 100.0 16.666603088378906 C146.02499389648438 16.666603088378906 183.33340454101562 53.974998474121094 183.33340454101562 100.0 C183.33340454101562 146.02499389648438 146.02499389648438 183.33340454101562 100.0 183.33340454101562 C53.974998474121094 183.33340454101562 16.666603088378906 146.02499389648438 16.666603088378906 100.0 Z M108.3333969116211 58.333396911621094 L108.3333969116211 75.0 L91.6666030883789 75.0 L91.6666030883789 58.333396911621094 L108.3333969116211 58.333396911621094 Z M91.6666030883789 141.66659545898438 L91.6666030883789 83.3333969116211 L108.3333969116211 83.3333969116211 L108.3333969116211 141.66659545898438 L91.6666030883789 141.66659545898438 Z""></path></svg>"
a77d3986e254202d345d504cf50c1593,"<svg xmlns=""http://www.w3.org/2000/svg"" viewBox=""0.0 0.0 200.0 200.0"" height=""200.0px"" width=""200.0px""><path fill=""#2C2C2C"" fill-opacity=""1.0""  filling=""0"" d=""M176.23593139648438 26.651954650878906 L103.248046875 1.7800827026367188 C102.36797332763672 1.4800796508789062 101.18594360351562 1.3279342651367188 100.00605773925781 1.3279342651367188 C98.82598114013672 1.3279342651367188 97.64395141601562 1.4779281616210938 96.7640609741211 1.7800827026367188 L23.775978088378906 26.651954650878906 C21.99394989013672 27.25389862060547 20.533981323242188 29.314064025878906 20.533981323242188 31.2060546875 L20.533981323242188 134.81991577148438 C20.533981323242188 136.7099609375 21.758010864257812 139.2019500732422 23.24004364013672 140.3839874267578 L97.28008270263672 198.0759735107422 C98.03203582763672 198.65606689453125 98.998046875 198.9560546875 99.9859390258789 198.9560546875 C100.9740219116211 198.9560546875 101.9619140625 198.65606689453125 102.6919937133789 198.0759735107422 L176.73202514648438 140.3839874267578 C178.21405029296875 139.22402954101562 179.43807983398438 136.73202514648438 179.43807983398438 134.81991577148438 L179.43807983398438 31.2060546875 C179.47793579101562 29.316017150878906 178.01797485351562 27.275978088378906 176.23593139648438 26.651954650878906 Z M164.0119171142578 130.6980438232422 L100.00605773925781 180.5720672607422 L35.998046875 130.6980438232422 L35.998046875 38.85390853881836 L100.00605773925781 17.030075073242188 L164.01406860351562 38.85390853881836 L164.01406860351562 130.6980438232422 L164.0119171142578 130.6980438232422 Z M76.57207489013672 103.74198913574219 L59.92597961425781 120.38809204101562 C59.25996398925781 121.05390930175781 59.25996398925781 122.1500015258789 59.92597961425781 122.81405639648438 L67.23007202148438 130.1160125732422 C67.89395141601562 130.7820281982422 68.99003601074219 130.7820281982422 69.65605163574219 130.1160125732422 L86.30195617675781 113.46992492675781 C98.2660140991211 121.00995635986328 114.24609375 119.5699234008789 124.66407012939453 109.15390014648438 C136.75604248046875 97.0599594116211 136.75604248046875 77.47207641601562 124.66407012939453 65.3779296875 C112.57207489013672 53.28593826293945 92.9820327758789 53.28593826293945 80.89004516601562 65.3779296875 C70.4720687866211 75.79608917236328 69.03202819824219 91.79999542236328 76.57207489013672 103.74198913574219 Z M90.61796569824219 75.10995483398438 C97.34004211425781 68.3880844116211 108.2320327758789 68.3880844116211 114.93397521972656 75.10995483398438 C121.65605926513672 81.83203125 121.65605926513672 92.7220687866211 114.93397521972656 99.42401885986328 C108.20995330810547 106.1460952758789 97.3199234008789 106.1460952758789 90.61796569824219 99.42401885986328 C83.916015625 92.70195007324219 83.8960952758789 81.83203125 90.61796569824219 75.10995483398438 Z""></path></svg>"
639cdf9c5a3f7bb32fe2c924f9ed43c8,"<svg xmlns=""http://www.w3.org/2000/svg"" viewBox=""0.0 0.0 200.0 200.0"" height=""200.0px"" width=""200.0px""><path fill=""#4592D8"" fill-opacity=""1.0""  filling=""0"" d=""M32.65625 94.1875 L69.53125 94.1875 A6.25 6.25 0.0 0 0 75.78125 88.125 L75.78125 87.96875 A6.25 6.25 0.0 0 0 69.71875 81.71875 L32.65625 81.71875 A6.25 6.25 0.0 0 0 26.40625 87.78125 A6.25 6.25 0.0 0 0 32.65625 94.1875 Z M40.812503814697266 61.96875 L88.9375 61.96875 A6.25 6.25 0.0 0 0 88.9375 49.46875 L40.812503814697266 49.46875 A6.25 6.25 0.0 0 0 40.812503814697266 61.96875 Z M171.21875 108.15625 L146.875 108.15625 L146.875 85.65625 A6.25 6.25 0.0 0 0 140.8125 79.40625 L140.625 79.40625 A6.25 6.25 0.0 0 0 134.375 85.46875 L134.375 114.37499237060547 A6.25 6.25 0.0 0 0 140.625 120.625 L171.28125 120.625 A6.25 6.25 0.0 0 0 171.28125 108.12499237060547 L171.21875 108.15625 Z M49.343753814697266 126.90625 A6.25 6.25 0.0 0 0 49.5 114.40625 L12.5 114.40625 A6.25 6.25 0.0 0 0 6.25 120.46875 A6.25 6.25 0.0 0 0 12.5 126.71875 L49.343753814697266 126.90625 Z""></path>
<path fill=""#4592D8"" fill-opacity=""1.0""  filling=""0"" d=""M190.25 101.5625 L161.90625 62.5 A17.65625 17.65625 0.0 0 0 147.15625 54.71875 L118.03125 54.71875 L118.03125 36.343753814697266 A18.15625 18.15625 0.0 0 0 100.0 18.125 L44.687496185302734 18.125 A6.25 6.25 0.0 0 0 38.437496185302734 24.15625 A5.59375 5.59375 0.0 0 0 44.687496185302734 29.96875 L99.40625 29.96875 A6.25 6.25 0.0 0 1 105.65625762939453 36.21875 L105.65625762939453 160.15625 L85.4375 160.15625 A24.375 24.375 0.0 0 0 37.312496185302734 160.15625 L16.75 160.15625 A6.25 6.25 0.0 0 0 10.5 166.21875 L10.5 166.375 A6.25 6.25 0.0 0 0 16.75 172.625 L38.625 172.625 A24.21875 24.21875 0.0 0 0 61.46875 188.53125 A24.46875 24.46875 0.0 0 0 84.125 172.625 L127.87499237060547 172.625 A24.25 24.25 0.0 0 0 150.71875 188.53125 A24.5 24.5 0.0 0 0 173.375 172.625 L175.5625 172.625 A18.21875 18.21875 0.0 0 0 193.75 154.40625 L193.75 112.03124237060547 A18.0625 18.0625 0.0 0 0 190.25 101.5625 Z M61.375 176.5625 A11.59375 11.59375 0.0 0 1 49.343753814697266 164.53125 A12.03125 12.03125 0.0 1 1 61.375 176.5625 Z M150.65625 176.5625 A11.59375 11.59375 0.0 0 1 138.625 164.53125 A12.03125 12.03125 0.0 1 1 150.65625 176.5625 Z M181.71875 154.0625 A6.25 6.25 0.0 0 1 175.65625 160.3125 L174.71875 160.3125 A24.34375 24.34375 0.0 0 0 126.53125762939453 160.6875 L118.0625 160.6875 L118.0625 66.625 L147.15625 66.625 A6.624999523162842 6.624999523162842 0.0 0 1 152.21875 69.34375 L180.53125 108.56250762939453 A6.03125 6.03125 0.0 0 1 181.71875 112.03124237060547 L181.71875 154.0625 Z""></path></svg>"
thesantatitan_deepseek-svg-dataset_0004039,"<svg width=""100"" height=""100"" viewBox=""0 0 100 100"" xmlns=""http://www.w3.org/2000/svg"">
  <rect width=""100"" height=""100"" fill=""#000000""/>
  <defs>
    <linearGradient id=""petalGradient"" x1=""0%"" y1=""0%"" x2=""100%"" y2=""100%"">
      <stop offset=""0%"" style=""stop-color:#FFFFFF;stop-opacity:1""/>
      <stop offset=""100%"" style=""stop-color:#FF0000;stop-opacity:1""/>
    </linearGradient>
  </defs>
  <path d=""M50,50m-18,0a18,18 0 1,1 36,0a18,18 0 1,1-36,0"" fill=""url(#petalGradient)""/>
  <path d=""M50,50m-25,0a25,25 0 1,1 50,0a25,25 0 1,1-50,0"" fill=""url(#petalGradient)""/>
  <circle cx=""50"" cy=""50"" r=""18"" fill=""#FF0000""/>
  <path d=""M50,50m-28,0a28,28 0 1,1 56,0a28,28 0 1,1-56,0"" fill=""url(#petalGradient)""/>
</svg>"
bb49941826f148b8df0fc8ccffc8ed31,"<svg xmlns=""http://www.w3.org/2000/svg"" viewBox=""0.0 0.0 200.0 200.0"" height=""200.0px"" width=""200.0px""><path fill="""" fill-opacity=""1.0""  filling=""0"" d=""M156.89901733398438 100.0 C155.56561279296875 100.0 153.56561279296875 99.3333969116211 152.232421875 98.6666030883789 C152.89901733398438 100.0 153.56561279296875 101.33340454101562 153.56561279296875 103.33340454101562 C153.56561279296875 105.3333969116211 152.89901733398438 106.6666030883789 152.232421875 108.0 C153.56561279296875 107.3333969116211 154.89901733398438 106.6666030883789 156.89901733398438 106.6666030883789 C158.89901733398438 106.6666030883789 160.232421875 107.3333969116211 161.5656280517578 108.0 C160.89901733398438 106.6666030883789 160.232421875 104.6666030883789 160.232421875 103.33340454101562 C160.232421875 102.0 160.89901733398438 100.0 161.5656280517578 98.6666030883789 C160.232421875 99.3333969116211 158.232421875 100.0 156.89901733398438 100.0 Z""></path>
<path fill="""" fill-opacity=""1.0""  filling=""0"" d=""M197.5656280517578 171.33340454101562 L194.232421875 160.0 C190.89901733398438 149.33338928222656 192.232421875 133.33340454101562 196.89901733398438 122.0 C199.5656280517578 114.6666030883789 200.89903259277344 106.6666030883789 199.5656280517578 98.6666030883789 C196.89901733398438 80.6666030883789 182.232421875 65.3333969116211 164.232421875 62.0 C150.89903259277344 59.333396911621094 138.89903259277344 61.33340072631836 128.89901733398438 67.33340454101562 L118.232421875 67.33340454101562 L105.56562042236328 54.666603088378906 C105.56562042236328 54.000003814697266 104.232421875 53.333396911621094 103.56562042236328 53.333396911621094 C104.8990249633789 22.666603088378906 120.23242950439453 6.666603088378906 150.232421875 6.666603088378906 C152.232421875 6.666603088378906 153.56561279296875 5.333396911621094 153.56561279296875 3.3333969116210938 C153.56561279296875 1.3333969116210938 152.232421875 0.0 150.232421875 0.0 C116.8990249633789 0.0 98.232421875 18.666603088378906 96.89901733398438 53.333396911621094 C96.232421875 53.333396911621094 94.8990249633789 54.000003814697266 94.232421875 54.000003814697266 L82.232421875 66.6666030883789 L71.56562042236328 66.6666030883789 C61.56562423706055 60.000003814697266 49.56562423706055 58.0 35.56562805175781 61.33340072631836 C16.899024963378906 65.3333969116211 2.899017333984375 79.33340454101562 0.232421875 96.6666030883789 C-0.4343719482421875 104.0 0.232421875 112.66661071777344 3.5656280517578125 120.0 C8.232421875 131.33340454101562 9.565628051757812 149.33338928222656 6.232421875 160.0 L2.899017333984375 171.33340454101562 C0.8990249633789062 176.66659545898438 0.232421875 182.66659545898438 0.232421875 188.66659545898438 C0.232421875 194.66659545898438 5.5656280517578125 200.0 12.232421875 200.0 L28.899024963378906 200.0 C35.56562805175781 200.0 41.56562042236328 196.66659545898438 44.89902114868164 190.66659545898438 L65.56562805175781 146.66659545898438 L134.232421875 146.66659545898438 L156.232421875 188.66659545898438 C158.89901733398438 196.0 164.89901733398438 200.0 172.232421875 200.0 L188.89901733398438 200.0 C195.5656280517578 200.0 200.23240661621094 194.66659545898438 200.89903259277344 188.66659545898438 C200.23240661621094 182.66659545898438 199.5656280517578 176.66659545898438 197.5656280517578 171.33340454101562 Z M70.232421875 113.33340454101562 L53.56562805175781 113.33340454101562 L53.56562805175781 130.0 C53.56562805175781 132.0 52.232421875 133.33340454101562 50.232421875 133.33340454101562 L36.899024963378906 133.33340454101562 C34.899017333984375 133.33340454101562 33.56562805175781 132.0 33.56562805175781 130.0 L33.56562805175781 113.33340454101562 L16.899024963378906 113.33340454101562 C14.899024963378906 113.33340454101562 13.565620422363281 112.0 13.565620422363281 110.0 L13.565620422363281 96.6666030883789 C13.565620422363281 94.6666030883789 14.899024963378906 93.3333969116211 16.899024963378906 93.3333969116211 L33.56562805175781 93.3333969116211 L33.56562805175781 76.66659545898438 C33.56562805175781 74.6666030883789 34.899017333984375 73.33340454101562 36.899024963378906 73.33340454101562 L50.232421875 73.33340454101562 C52.232421875 73.33340454101562 53.56562805175781 74.6666030883789 53.56562805175781 76.66659545898438 L53.56562805175781 93.3333969116211 L70.232421875 93.3333969116211 C72.232421875 93.3333969116211 73.56562805175781 94.6666030883789 73.56562805175781 96.6666030883789 L73.56562805175781 110.0 C73.56562805175781 112.0 72.232421875 113.33340454101562 70.232421875 113.33340454101562 Z M83.56562042236328 133.33340454101562 L76.89901733398438 133.33340454101562 C74.8990249633789 133.33340454101562 73.56562805175781 132.0 73.56562805175781 130.0 C73.56562805175781 128.0 74.8990249633789 126.6666030883789 76.89901733398438 126.6666030883789 L83.56562042236328 126.6666030883789 C85.56562805175781 126.6666030883789 86.8990249633789 128.0 86.8990249633789 130.0 C86.8990249633789 132.0 85.56562805175781 133.33340454101562 83.56562042236328 133.33340454101562 Z M116.8990249633789 133.33340454101562 L110.232421875 133.33340454101562 C108.23242950439453 133.33340454101562 106.8990249633789 132.0 106.8990249633789 130.0 C106.8990249633789 128.0 108.23242950439453 126.6666030883789 110.232421875 126.6666030883789 L116.8990249633789 126.6666030883789 C118.8990249633789 126.6666030883789 120.23242950439453 128.0 120.23242950439453 130.0 C120.23242950439453 132.0 118.8990249633789 133.33340454101562 116.8990249633789 133.33340454101562 Z M170.232421875 113.33340454101562 C168.89901733398438 113.33340454101562 166.89901733398438 112.66661071777344 165.56561279296875 112.0 C166.232421875 113.33340454101562 166.89901733398438 114.6666030883789 166.89901733398438 116.6666030883789 C166.89901733398438 122.0 162.232421875 126.6666030883789 156.89901733398438 126.6666030883789 C151.5656280517578 126.6666030883789 146.89901733398438 122.0 146.89901733398438 116.6666030883789 C146.89901733398438 115.33340454101562 147.5656280517578 113.33340454101562 148.232421875 112.0 C146.89901733398438 112.66661071777344 144.89901733398438 113.33340454101562 143.5656280517578 113.33340454101562 C138.232421875 113.33340454101562 133.5656280517578 108.66659545898438 133.5656280517578 103.33340454101562 C133.5656280517578 98.0 138.232421875 93.3333969116211 143.5656280517578 93.3333969116211 C144.89901733398438 93.3333969116211 146.89901733398438 94.0 148.232421875 94.6666030883789 C147.5656280517578 93.3333969116211 146.89901733398438 91.33340454101562 146.89901733398438 90.0 C146.89901733398438 84.6666030883789 151.5656280517578 80.0 156.89901733398438 80.0 C162.232421875 80.0 166.89901733398438 84.6666030883789 166.89901733398438 90.0 C166.89901733398438 91.33340454101562 166.232421875 93.3333969116211 165.56561279296875 94.6666030883789 C166.89901733398438 94.0 168.232421875 93.3333969116211 170.232421875 93.3333969116211 C175.5656280517578 93.3333969116211 180.232421875 98.0 180.232421875 103.33340454101562 C180.232421875 108.66659545898438 175.5656280517578 113.33340454101562 170.232421875 113.33340454101562 Z""></path></svg>"
ea729a2f4580947d41485f3775bd5707,"<svg xmlns=""http://www.w3.org/2000/svg"" viewBox=""0.0 0.0 200.0 200.0"" height=""200.0px"" width=""200.0px""><path fill="""" fill-opacity=""1.0""  filling=""0"" d=""M99.8046875 14.90234375 C52.773441314697266 14.90234375 14.6875 52.988277435302734 14.6875 100.01952362060547 C14.6875 147.05078125 52.773441314697266 185.13671875 99.8046875 185.13671875 C146.8359375 185.13671875 184.921875 147.05078125 184.921875 100.01952362060547 C184.921875 52.988277435302734 146.8359375 14.90234375 99.8046875 14.90234375 Z M133.75 92.421875 L133.75 108.9453125 L110.52735137939453 108.9453125 L110.52735137939453 117.6953125 L134.04296875 117.6953125 L134.04296875 133.14453125 L110.83984375 133.14453125 L110.83984375 151.3671875 L88.0078125 151.3671875 L88.0078125 132.87109375 L65.46875 132.87109375 L65.46875 117.71484375 L88.69140625 117.71484375 L88.69140625 108.96485137939453 L65.859375 108.96485137939453 L65.859375 92.83203125 L85.0390625 92.83203125 L62.3046875 53.183589935302734 L85.0390625 53.183589935302734 L99.90234375 83.7890625 L114.66796112060547 53.183589935302734 L137.59765625 53.183589935302734 L113.98436737060547 92.51953125 L133.76953125 92.51953125 L133.76953125 92.421875 L133.75 92.421875 Z""></path></svg>"
e33ef0e67b141c3ca4c25fd009081b9f,"<svg xmlns=""http://www.w3.org/2000/svg"" viewBox=""0.0 0.0 200.0 200.0"" height=""200.0px"" width=""200.0px""><path fill="""" fill-opacity=""1.0""  filling=""0"" d=""M103.3203125 100.37110137939453 C117.08984375 100.37110137939453 128.28125 89.53125 128.28125 76.23046875 C128.28125 62.91015625 117.08984375 52.0703125 103.3203125 52.0703125 C89.55078125 52.0703125 78.33984375 62.91015625 78.33984375 76.23046875 C78.359375 89.55078125 89.55078125 100.37110137939453 103.3203125 100.37110137939453 Z M103.3203125 61.2109375 C111.83592987060547 61.2109375 118.75 67.94921875 118.75 76.23046875 C118.75 84.4921875 111.83592987060547 91.2109375 103.3203125 91.2109375 L103.30078887939453 91.2109375 C94.8046875 91.2109375 87.890625 84.4921875 87.87109375 76.23046875 C87.890625 67.94921875 94.8046875 61.2109375 103.3203125 61.2109375 Z M103.3203125 22.0703125 C69.39453125 22.0703125 41.796875 48.046875 41.796875 79.9609375 C41.796875 90.80078125 48.92578125 107.6171875 62.98828125 130.0 C74.9609375 149.0625 89.23828125 167.63671875 96.6796875 177.01171875 C98.2421875 178.96484375 100.72265625 180.13671875 103.3203125 180.13671875 C105.91796875 180.13671875 108.3984375 178.96484375 109.9609375 177.01171875 C126.4453125 156.19140625 164.84375 105.1171875 164.84375 79.9609375 C164.84375 48.046875 137.24609375 22.0703125 103.3203125 22.0703125 Z M105.13671875 169.2578125 L103.3203125 171.58203125 L101.50390625 169.2578125 C86.11328125 149.66796875 73.26171875 131.07421875 64.31640625 115.4296875 C55.312503814697266 99.6875 50.56640625 87.421875 50.56640625 79.9609375 C50.56640625 52.597652435302734 74.23828125 30.33203125 103.3203125 30.33203125 C132.40234375 30.33203125 156.0546875 52.597652435302734 156.0546875 79.9609375 C156.0546875 87.44140625 151.30859375 99.70703125 142.3046875 115.44921112060547 C133.359375 131.07421875 120.5078125 149.6875 105.13671875 169.2578125 Z""></path></svg>"
39ae60955e6b585fc27304e970ce565e,"<svg fill=""none"" height=""128"" viewBox=""0 0 48 48"" width=""128"" xmlns=""http://www.w3.org/2000/svg""><g stroke=""#000000"" stroke-width=""4""><rect height=""32"" rx=""2"" width=""38"" x=""5"" y=""8""/><path d=""m13 8v32"" stroke-linecap=""round"" stroke-linejoin=""round""/><circle cx=""28"" cy=""24"" fill=""#2f88ff"" r=""9""/></g><circle cx=""28"" cy=""24"" fill=""#ffffff"" r=""3""/><g stroke=""#000000"" stroke-linecap=""round"" stroke-linejoin=""round"" stroke-width=""4""><path d=""m5 16h8""/><path d=""m5 24h8""/><path d=""m5 32h8""/></g></svg>"
6afe00f782bd17861b66844966a4f5b7,"<svg xmlns=""http://www.w3.org/2000/svg"" viewBox=""0.0 0.0 200.0 200.0"" height=""200.0px"" width=""200.0px""><path fill=""#231815"" fill-opacity=""1.0""  filling=""0"" d=""M184.87890625 101.71875 C175.486328125 92.326171875 162.998046875 87.154296875 149.71484375 87.154296875 C138.87109375 87.154296875 128.55859375 90.603515625 120.02539825439453 96.98046875 C114.73828125 93.05859375 109.158203125 89.95703125 103.38866424560547 87.708984375 C114.17967987060547 80.392578125 121.28319549560547 68.03125 121.28319549560547 54.041015625 C121.28319549560547 31.626953125 103.048828125 13.392578125 80.6328125 13.392578125 C58.218746185302734 13.392578125 39.984375 31.626953125 39.984375 54.041015625 C39.984375 68.025390625 47.083984375 80.384765625 57.8671875 87.701171875 C56.0625 88.404296875 54.275394439697266 89.19140625 52.505855560302734 90.06640625 C43.93359375 94.296875 35.984375 100.4140625 28.87890625 108.248046875 C21.9375 115.90038299560547 15.984375 124.986328125 11.18359375 135.255859375 C6.33984375 145.615234375 2.794921875 156.919921875 0.6484375 168.84765625 C0.076171875 172.033203125 2.193359375 175.078125 5.37890625 175.65234375 C5.73046875 175.71484375 6.078125 175.74609375 6.423828125 175.74609375 C9.205078125 175.74609375 11.673828125 173.7578125 12.18359375 170.923828125 C16.064453125 149.345703125 25.078125 129.8828125 37.560546875 116.12109375 C50.039066314697266 102.365234375 64.93359375 95.09375 80.634765625 95.09375 C91.302734375 95.09375 101.82616424560547 98.572265625 111.38282012939453 105.201171875 C104.00390625 114.095703125 99.98828125 125.1796875 99.98828125 136.8828125 C99.98828125 150.166015625 105.16015625 162.654296875 114.552734375 172.046875 C123.9453125 181.439453125 136.43359375 186.611328125 149.716796875 186.611328125 C163.0 186.611328125 175.48828125 181.439453125 184.880859375 172.046875 C194.2734375 162.654296875 199.44570922851562 150.166015625 199.44570922851562 136.8828125 C199.44570922851562 123.599609375 194.271484375 111.111328125 184.87890625 101.71875 Z M51.705081939697266 54.0390625 C51.705081939697266 38.0859375 64.68359375 25.109375 80.634765625 25.109375 C96.5859375 25.109375 109.56640625 38.087890625 109.56640625 54.0390625 C109.56640625 69.990234375 96.587890625 82.96875 80.634765625 82.96875 C64.681640625 82.96875 51.705081939697266 69.9921875 51.705081939697266 54.0390625 Z M149.716796875 174.890625 C128.7578125 174.890625 111.70703125 157.83984375 111.70703125 136.880859375 C111.70703125 115.921875 128.7578125 98.87109375 149.716796875 98.87109375 C170.67578125 98.87109375 187.7265625 115.921875 187.7265625 136.880859375 C187.7265625 157.83984375 170.673828125 174.890625 149.716796875 174.890625 Z""></path>
<path fill=""#231815"" fill-opacity=""1.0""  filling=""0"" d=""M168.5 119.73828125 C165.7734375 117.994140625 162.150390625 118.7890625 160.40625 121.51561737060547 L149.716796875 138.21875 L139.02734375 121.51561737060547 C137.283203125 118.791015625 133.66015625 117.994140625 130.93359375 119.73828125 C128.20703125 121.482421875 127.412109375 125.107421875 129.15625 127.83203125 L144.78125 152.24609375 A5.859766006469727 5.859766006469727 0.0 0 0 154.65234375 152.24609375 L170.27734375 127.83203125 C172.01953125 125.107421875 171.224609375 121.484375 168.5 119.73828125 Z""></path></svg>"
ca98032e0ec54cff276b43ce2c8bcc96,"<svg xmlns=""http://www.w3.org/2000/svg"" viewBox=""0.0 0.0 200.0 200.0"" height=""200.0px"" width=""200.0px""><path fill=""#000000"" fill-opacity=""1.0""  filling=""0"" d=""M25.724220275878906 170.51718139648438 L165.53790283203125 170.51718139648438 C182.51718139648438 170.51718139648438 190.91717529296875 162.1103515625 190.91717529296875 145.4621124267578 L190.91717529296875 46.786128997802734 C190.91717529296875 30.137893676757812 182.51718139648438 21.731056213378906 165.53790283203125 21.731056213378906 L25.724220275878906 21.731056213378906 C8.827537536621094 21.724220275878906 0.34491729736328125 30.055084228515625 0.34491729736328125 46.786128997802734 L0.34491729736328125 145.4621124267578 C0.34491729736328125 162.19317626953125 8.827537536621094 170.51718139648438 25.724220275878906 170.51718139648438 Z M25.8896484375 157.50352478027344 C17.80683135986328 157.50352478027344 13.358596801757812 153.2275390625 13.358596801757812 144.81387329101562 L13.358596801757812 47.44140625 C13.358596801757812 39.02753448486328 17.80683135986328 34.75176239013672 25.8896484375 34.75176239013672 L165.37930297851562 34.75176239013672 C173.37930297851562 34.75176239013672 177.9103546142578 39.02753448486328 177.9103546142578 47.44140625 L177.9103546142578 144.82070922851562 C177.9103546142578 153.23455810546875 173.37930297851562 157.51034545898438 165.37930297851562 157.51034545898438 L25.8896484375 157.51034545898438 L25.8896484375 157.50352478027344 Z M116.8896484375 160.0138702392578 L129.5792999267578 160.0138702392578 L129.5792999267578 32.31718444824219 L116.8896484375 32.31718444824219 L116.8896484375 160.0138702392578 Z M145.0964813232422 64.7242202758789 L162.39315795898438 64.7242202758789 A4.696484088897705 4.696484088897705 0.0 0 0 167.0 60.20000076293945 A4.641406059265137 4.641406059265137 0.0 0 0 162.39315795898438 55.67578125 L145.0964813232422 55.67578125 C142.6689453125 55.67578125 140.48965454101562 57.772464752197266 140.48965454101562 60.20000076293945 C140.48965454101562 62.544925689697266 142.6689453125 64.7242202758789 145.0964813232422 64.7242202758789 Z M145.0964813232422 85.65507507324219 L162.39315795898438 85.65507507324219 A4.710351467132568 4.710351467132568 0.0 0 0 167.0 81.04824829101562 C167.0 78.6275405883789 164.896484375 76.6068344116211 162.39315795898438 76.6068344116211 L145.0964813232422 76.6068344116211 C142.6689453125 76.6068344116211 140.48965454101562 78.6275405883789 140.48965454101562 81.04824829101562 C140.48965454101562 83.47578430175781 142.6689453125 85.65507507324219 145.0964813232422 85.65507507324219 Z M145.0964813232422 106.5103530883789 L162.39315795898438 106.5103530883789 C164.896484375 106.5103530883789 167.0 104.4896469116211 167.0 102.06210327148438 A4.641406059265137 4.641406059265137 0.0 0 0 162.39315795898438 97.53789520263672 L145.0964813232422 97.53789520263672 C142.6689453125 97.53789520263672 140.48965454101562 99.64140319824219 140.48965454101562 102.06210327148438 C140.48965454101562 104.4896469116211 142.6689453125 106.5103530883789 145.0964813232422 106.5103530883789 Z""></path></svg>"
f08f803eca6e2ccf56623f2b88111307,"<svg xmlns=""http://www.w3.org/2000/svg"" viewBox=""0.0 0.0 200.0 200.0"" height=""200.0px"" width=""200.0px""><path fill=""#898989"" fill-opacity=""1.0""  filling=""0"" d=""M187.36328125 109.98046112060547 L187.36328125 118.30078125 C187.36328125 118.84765625 187.3046875 119.43359375 187.20703125 119.9609375 C187.32421875 120.48828125 187.36328125 121.07421875 187.36328125 121.62109375 L187.36328125 151.5625 C187.36328125 156.15234375 183.6328125 159.8828125 179.04296875 159.8828125 C174.453125 159.8828125 170.72265625 156.15234375 170.72265625 151.5625 L170.72265625 126.62109375 L29.296875 126.62109375 L29.296875 151.58203125 C29.296875 156.171875 25.56640625 159.90234375 20.9765625 159.90234375 C16.38671875 159.90234375 12.65625 156.171875 12.65625 151.58203125 L12.65625 48.41796875 C12.65625 43.828125 16.38671875 40.097652435302734 20.9765625 40.097652435302734 C25.56640625 40.097652435302734 29.296875 43.828125 29.296875 48.41796875 L29.296875 109.98046112060547 L65.8984375 109.98046112060547 L65.8984375 85.01953125 C65.8984375 80.4296875 69.62890625 76.69921875 74.21875 76.69921875 L179.04296875 76.69921875 C183.6328125 76.69921875 187.36328125 80.4296875 187.36328125 85.01953125 L187.36328125 109.98046112060547 Z M48.4375 104.99999237060547 C40.64453125 104.99999237060547 34.296875 98.69140625 34.296875 90.859375 C34.296875 83.06640625 40.60546875 76.71875 48.4375 76.71875 C56.26953125 76.71875 62.578125 83.02734375 62.578125 90.859375 C62.578125 98.671875 56.26953125 104.99999237060547 48.4375 104.99999237060547 Z""></path></svg>"
a53ec4a5f72d175bcab07aa5d4ca0825,"<svg xmlns=""http://www.w3.org/2000/svg"" viewBox=""0.0 0.0 200.0 200.0"" height=""200.0px"" width=""200.0px""><path fill=""currentColor"" fill-opacity=""1.0""  filling=""0"" d=""M70.31199645996094 112.5 L54.6879997253418 112.5 C52.10900115966797 112.5 50.0 110.39099884033203 50.0 107.81199645996094 L50.0 92.18800354003906 C50.0 89.60900115966797 52.10900115966797 87.5 54.6879997253418 87.5 L70.31199645996094 87.5 C72.89099884033203 87.5 75.0 89.60900115966797 75.0 92.18800354003906 L75.0 107.81199645996094 C75.0 110.39099884033203 72.89099884033203 112.5 70.31199645996094 112.5 Z M112.5 107.81199645996094 L112.5 92.18800354003906 C112.5 89.60900115966797 110.39099884033203 87.5 107.81199645996094 87.5 L92.18800354003906 87.5 C89.60900115966797 87.5 87.5 89.60900115966797 87.5 92.18800354003906 L87.5 107.81199645996094 C87.5 110.39099884033203 89.60900115966797 112.5 92.18800354003906 112.5 L107.81199645996094 112.5 C110.39099884033203 112.5 112.5 110.39099884033203 112.5 107.81199645996094 Z M150.0 107.81199645996094 L150.0 92.18800354003906 C150.0 89.60900115966797 147.89100646972656 87.5 145.31199645996094 87.5 L129.68800354003906 87.5 C127.10900115966797 87.5 125.0 89.60900115966797 125.0 92.18800354003906 L125.0 107.81199645996094 C125.0 110.39099884033203 127.10900115966797 112.5 129.68800354003906 112.5 L145.31199645996094 112.5 C147.89100646972656 112.5 150.0 110.39099884033203 150.0 107.81199645996094 Z M112.5 145.31199645996094 L112.5 129.68800354003906 C112.5 127.10900115966797 110.39099884033203 125.0 107.81199645996094 125.0 L92.18800354003906 125.0 C89.60900115966797 125.0 87.5 127.10900115966797 87.5 129.68800354003906 L87.5 145.31199645996094 C87.5 147.89100646972656 89.60900115966797 150.0 92.18800354003906 150.0 L107.81199645996094 150.0 C110.39099884033203 150.0 112.5 147.89100646972656 112.5 145.31199645996094 Z M75.0 145.31199645996094 L75.0 129.68800354003906 C75.0 127.10900115966797 72.89099884033203 125.0 70.31199645996094 125.0 L54.6879997253418 125.0 C52.10900115966797 125.0 50.0 127.10900115966797 50.0 129.68800354003906 L50.0 145.31199645996094 C50.0 147.89100646972656 52.10900115966797 150.0 54.6879997253418 150.0 L70.31199645996094 150.0 C72.89099884033203 150.0 75.0 147.89100646972656 75.0 145.31199645996094 Z M150.0 145.31199645996094 L150.0 129.68800354003906 C150.0 127.10900115966797 147.89100646972656 125.0 145.31199645996094 125.0 L129.68800354003906 125.0 C127.10900115966797 125.0 125.0 127.10900115966797 125.0 129.68800354003906 L125.0 145.31199645996094 C125.0 147.89100646972656 127.10900115966797 150.0 129.68800354003906 150.0 L145.31199645996094 150.0 C147.89100646972656 150.0 150.0 147.89100646972656 150.0 145.31199645996094 Z M187.5 43.75 L187.5 181.25 C187.5 191.6020050048828 179.1020050048828 200.0 168.75 200.0 L31.25 200.0 C20.89800262451172 200.0 12.5 191.6020050048828 12.5 181.25 L12.5 43.75 C12.5 33.39799499511719 20.89800262451172 25.0 31.25 25.0 L50.0 25.0 L50.0 4.6880035400390625 C50.0 2.1090011596679688 52.10900115966797 0.0 54.6879997253418 0.0 L70.31199645996094 0.0 C72.89099884033203 0.0 75.0 2.1090011596679688 75.0 4.6880035400390625 L75.0 25.0 L125.0 25.0 L125.0 4.6880035400390625 C125.0 2.1090011596679688 127.10900115966797 0.0 129.68800354003906 0.0 L145.31199645996094 0.0 C147.89100646972656 0.0 150.0 2.1090011596679688 150.0 4.6880035400390625 L150.0 25.0 L168.75 25.0 C179.1020050048828 25.0 187.5 33.39799499511719 187.5 43.75 Z M168.75 178.906005859375 L168.75 62.5 L31.25 62.5 L31.25 178.906005859375 C31.25 180.19500732421875 32.30500030517578 181.25 33.59400177001953 181.25 L166.406005859375 181.25 C167.69500732421875 181.25 168.75 180.19500732421875 168.75 178.906005859375 Z""></path></svg>"
01b96b3b48ebec80ad1c1fd978143edf,"<svg xmlns=""http://www.w3.org/2000/svg"" viewBox=""0.0 0.0 200.0 200.0"" height=""200.0px"" width=""200.0px""><path fill=""#040000"" fill-opacity=""1.0""  filling=""0"" d=""M3.4690017700195312 98.48699951171875 C3.4690017700195312 98.48699951171875 10.079002380371094 93.52200317382812 15.998001098632812 102.33499908447266 C22.54199981689453 112.0780029296875 31.50299835205078 124.49800109863281 34.462005615234375 124.49800109863281 C41.564998626708984 124.49800109863281 46.72800064086914 98.48699951171875 61.229000091552734 98.48699951171875 C75.92900085449219 98.48699951171875 79.25700378417969 124.9260025024414 84.11699676513672 124.9260025024414 C89.73899841308594 124.9260025024414 88.06999969482422 43.63800048828125 108.91100311279297 43.077999114990234 C128.50999450683594 42.551998138427734 131.2530059814453 122.39399719238281 136.79600524902344 122.39399719238281 C142.91299438476562 122.39399719238281 145.7740020751953 98.45500183105469 159.94700622558594 98.45500183105469 C174.28399658203125 98.45500183105469 181.38699340820312 122.85399627685547 188.98300170898438 125.32099914550781 C195.21200561523438 127.34300231933594 199.58799743652344 133.31100463867188 194.6060028076172 137.10899353027344 C182.40199279785156 146.41299438476562 169.25399780273438 109.13099670410156 160.0780029296875 108.64900207519531 C154.4550018310547 108.35299682617188 151.6929931640625 132.4239959716797 136.79600524902344 132.4239959716797 C124.15899658203125 132.4239959716797 122.53099822998047 113.27100372314453 119.53199768066406 93.45600128173828 C116.4219970703125 72.9010009765625 111.14700317382812 52.9109992980957 109.17400360107422 53.00899887084961 C106.39600372314453 53.14799880981445 101.95500183105469 71.55599975585938 99.802001953125 92.27200317382812 C97.66999816894531 112.79100036621094 98.6510009765625 134.4949951171875 84.21499633789062 134.5449981689453 C67.78900146484375 134.6009979248047 67.83899688720703 108.45099639892578 61.03200149536133 108.45099639892578 C55.112998962402344 108.45099639892578 49.29199981689453 134.48199462890625 34.00199890136719 134.593994140625 C20.48699951171875 134.69200134277344 14.326995849609375 112.94100189208984 8.351997375488281 110.09600067138672 C1.7919998168945312 106.97100067138672 -1.7919998168945312 102.35299682617188 3.4690017700195312 98.48699951171875 Z""></path></svg>"
a95fdba762ea7be4d915dd4d03f5b2f4,"<svg xmlns=""http://www.w3.org/2000/svg"" viewBox=""0.0 0.0 200.0 200.0"" height=""200.0px"" width=""200.0px""><path fill=""#231F20"" fill-opacity=""1.0""  filling=""0"" d=""M100.0 12.5 A87.5 87.5 0.0 1 0 187.5 100.0 A87.5 87.5 0.0 0 0 100.0 12.5 Z M147.9375 115.25 A131.75 131.75 0.0 0 1 107.3125 155.875 A14.3125 14.3125 0.0 0 1 92.625 155.875 A131.75 131.75 0.0 0 1 52.0 115.25 A14.3125 14.3125 0.0 1 1 76.5 100.5625 A78.0 78.0 0.0 0 0 83.3125 110.12500762939453 L86.625 68.75 A13.437500953674316 13.437500953674316 0.0 0 1 113.4375 68.75 L116.6875 110.0625 A97.375 97.375 0.0 0 0 123.5625 100.6875 A14.3125 14.3125 0.0 1 1 148.0625 115.37499237060547 L147.9375 115.25 Z""></path></svg>"
86c7a83cb9e81bdf455a99e659137ef2,"<svg xmlns=""http://www.w3.org/2000/svg"" viewBox=""0.0 0.0 200.0 200.0"" height=""200.0px"" width=""200.0px""><path fill="""" fill-opacity=""1.0""  filling=""0"" d=""M185.11993408203125 40.84004211425781 C187.51992797851562 38.559959411621094 191.35995483398438 38.559959411621094 193.79998779296875 40.84004211425781 C196.20001220703125 43.11991882324219 196.24005126953125 46.75996398925781 193.79998779296875 49.080074310302734 L81.0 156.2400360107422 C78.15995788574219 158.7599639892578 73.3199234008789 160.35997009277344 67.080078125 154.8000030517578 L6.319923400878906 97.11991882324219 C3.919921875 94.84003448486328 3.919921875 91.15996551513672 6.319923400878906 88.88008117675781 C8.719924926757812 86.5999984741211 12.599998474121094 86.5999984741211 15.0 88.88008117675781 L74.75996398925781 145.64004516601562 L185.11993408203125 40.84004211425781 Z""></path></svg>"
b41d7e3e022e43081f5192ee07f4d4f7,"<svg xmlns=""http://www.w3.org/2000/svg"" viewBox=""0.0 0.0 200.0 200.0"" height=""200.0px"" width=""200.0px""><path fill=""#4D4D4D"" fill-opacity=""1.0""  filling=""0"" d=""M100.2333984375 197.38340759277344 A12.399999618530273 12.399999618530273 0.0 0 1 97.09160614013672 196.9833984375 A136.1999969482422 136.1999969482422 0.0 0 1 56.541603088378906 177.5 A92.21659851074219 92.21659851074219 0.0 0 1 14.7666015625 100.2583999633789 L14.7666015625 36.18339920043945 A12.575000762939453 12.575000762939453 0.0 0 1 27.2666015625 23.591598510742188 A160.0 160.0 0.0 0 0 94.0083999633789 4.258399963378906 A12.5 12.5 0.0 0 1 106.5083999633789 4.3166046142578125 A154.8415985107422 154.8415985107422 0.0 0 0 172.6999969482422 23.591598510742188 A12.575000762939453 12.575000762939453 0.0 0 1 185.1999969482422 36.18339920043945 L185.1999969482422 100.21660614013672 A92.3833999633789 92.3833999633789 0.0 0 1 143.70840454101562 177.28338623046875 A137.33338928222656 137.33338928222656 0.0 0 1 103.3916015625 196.97500610351562 L103.32499694824219 196.97500610351562 A12.725000381469727 12.725000381469727 0.0 0 1 100.2333984375 197.38340759277344 Z M100.2333984375 184.88340759277344 L100.30000305175781 184.88340759277344 A123.62500762939453 123.62500762939453 0.0 0 0 136.49159240722656 167.11660766601562 A80.3499984741211 80.3499984741211 0.0 0 0 172.75839233398438 100.21660614013672 L172.75839233398438 36.18339920043945 C172.75839233398438 36.09160232543945 172.71661376953125 36.08340072631836 172.6916046142578 36.08340072631836 A167.10000610351562 167.10000610351562 0.0 0 1 100.19160461425781 15.1083984375 A172.2834014892578 172.2834014892578 0.0 0 1 27.275001525878906 36.09160232543945 A0.125 0.125 0.0 0 0 27.275001525878906 36.18339920043945 L27.275001525878906 100.2249984741211 A80.19159698486328 80.19159698486328 0.0 0 0 63.78340148925781 167.2666015625 A125.0 125.0 0.0 0 0 100.20840454101562 184.88340759277344 L100.2333984375 184.88340759277344 Z""></path>
<path fill=""#4D4D4D"" fill-opacity=""1.0""  filling=""0"" d=""M91.03340148925781 133.33340454101562 A6.2333984375 6.2333984375 0.0 0 1 86.6166000366211 131.5 L59.491600036621094 104.41659545898438 A6.25 6.25 0.0 1 1 68.3333969116211 95.57499694824219 L91.03340148925781 118.27499389648438 L140.8583984375 68.44999694824219 A6.25 6.25 0.0 0 1 149.6999969482422 77.2916030883789 L95.4583969116211 131.5334014892578 A6.2333984375 6.2333984375 0.0 0 1 91.03340148925781 133.33340454101562 Z""></path></svg>"
fa36047dea04e51d93fb31470871d5e9,"<svg xmlns=""http://www.w3.org/2000/svg"" viewBox=""0.0 0.0 200.0 200.0"" height=""200.0px"" width=""200.0px""><path fill=""#0000FF"" fill-opacity=""1.0""  filling=""0"" d=""M156.25 183.33299255371094 L43.75 183.33299255371094 C28.75 183.33299255371094 16.66699981689453 171.25 16.66699981689453 156.25 L16.66699981689453 43.75 C16.66699981689453 28.75 28.75 16.66699981689453 43.75 16.66699981689453 L155.83299255371094 16.66699981689453 C170.83299255371094 16.66699981689453 182.91700744628906 28.75 182.91700744628906 43.75 L182.91700744628906 155.83299255371094 C183.33299255371094 171.25 171.25 183.33299255371094 156.25 183.33299255371094 Z M43.75 29.16699981689453 C35.83300018310547 29.16699981689453 29.16699981689453 35.83300018310547 29.16699981689453 43.75 L29.16699981689453 155.83299255371094 C29.16699981689453 163.75 35.83300018310547 170.41700744628906 43.75 170.41700744628906 L155.83299255371094 170.41700744628906 C163.75 170.41700744628906 170.41700744628906 163.75 170.41700744628906 155.83299255371094 L170.41700744628906 43.75 C170.83299255371094 35.83300018310547 164.16700744628906 29.16699981689453 156.25 29.16699981689453 L43.75 29.16699981689453 Z""></path>
<path fill=""#0000FF"" fill-opacity=""1.0""  filling=""0"" d=""M100.0 100.0 C80.83300018310547 100.0 65.41699981689453 87.5 65.41699981689453 72.5 C65.41699981689453 69.16699981689453 68.33300018310547 66.25 71.66699981689453 66.25 C75.0 66.25 77.91699981689453 69.16699981689453 77.91699981689453 72.5 C77.91699981689453 80.83300018310547 88.33300018310547 87.5 100.0 87.5 C111.66699981689453 87.5 122.08300018310547 80.41699981689453 122.08300018310547 72.5 C122.08300018310547 69.16699981689453 125.0 66.25 128.33299255371094 66.25 C131.66700744628906 66.25 134.58299255371094 69.16699981689453 134.58299255371094 72.5 C134.58299255371094 87.91699981689453 119.16699981689453 100.0 100.0 100.0 Z""></path></svg>"
368f07a008f8a3e39b1497d2de618441,"<svg xmlns=""http://www.w3.org/2000/svg"" viewBox=""0.0 0.0 200.0 200.0"" height=""200.0px"" width=""200.0px""><path fill=""#272636"" fill-opacity=""1.0""  filling=""0"" d=""M162.1699981689453 68.84500122070312 A0.2549999952316284 0.2549999952316284 0.0 1 0 175.24000549316406 68.84500122070312 A0.2549999952316284 0.2549999952316284 0.0 1 0 162.1699981689453 68.84500122070312 Z M127.01499938964844 110.43000030517578 L73.61499786376953 110.43000030517578 C71.54499816894531 110.43000030517578 69.86499786376953 112.11000061035156 69.86499786376953 114.18000030517578 C69.86499786376953 116.25 71.54499816894531 117.93000030517578 73.61499786376953 117.93000030517578 L127.01499938964844 117.93000030517578 C129.0850067138672 117.93000030517578 130.76499938964844 116.25 130.76499938964844 114.18000030517578 C130.76499938964844 112.11000061035156 129.0850067138672 110.43000030517578 127.01499938964844 110.43000030517578 Z M127.01499938964844 130.5850067138672 L73.61499786376953 130.5850067138672 C71.54499816894531 130.5850067138672 69.86499786376953 132.26499938964844 69.86499786376953 134.3350067138672 C69.86499786376953 136.40499877929688 71.54499816894531 138.0850067138672 73.61499786376953 138.0850067138672 L127.01499938964844 138.0850067138672 C129.0850067138672 138.0850067138672 130.76499938964844 136.40499877929688 130.76499938964844 134.3350067138672 C130.76499938964844 132.26499938964844 129.0850067138672 130.5850067138672 127.01499938964844 130.5850067138672 Z M189.81500244140625 63.064998626708984 C189.81500244140625 54.095001220703125 182.52000427246094 46.79499816894531 173.5500030517578 46.79499816894531 L155.0800018310547 46.79499816894531 L155.0800018310547 26.854995727539062 C155.0800018310547 21.51000213623047 150.72999572753906 17.160003662109375 145.3800048828125 17.160003662109375 L55.25 17.160003662109375 C49.900001525878906 17.160003662109375 45.54999923706055 21.51000213623047 45.54999923706055 26.854995727539062 L45.54999923706055 46.79499816894531 L26.474998474121094 46.79499816894531 C17.50499725341797 46.79499816894531 10.205001831054688 54.095001220703125 10.205001831054688 63.064998626708984 L10.205001831054688 124.62999725341797 L10.18499755859375 124.62999725341797 L10.18499755859375 132.1300048828125 L45.54999923706055 132.1300048828125 L45.54999923706055 149.89500427246094 L45.880001068115234 150.6300048828125 C46.05500030517578 151.01499938964844 49.8650016784668 159.05499267578125 63.03499984741211 160.125 C61.5 164.4199981689453 60.21500015258789 170.4199981689453 62.29999923706055 175.39999389648438 C63.349998474121094 177.91000366210938 65.7300033569336 181.21499633789062 71.08499908447266 182.6999969482422 L145.3800048828125 182.8350067138672 C150.72999572753906 182.8350067138672 155.0800018310547 178.48500061035156 155.0800018310547 173.13999938964844 L155.0800018310547 132.1300048828125 L189.77000427246094 132.1300048828125 L189.77000427246094 130.86500549316406 L189.82000732421875 130.86500549316406 L189.82000732421875 63.064998626708984 L189.81500244140625 63.064998626708984 Z M173.5500030517578 54.29499816894531 C178.38499450683594 54.29499816894531 182.31500244140625 58.22999954223633 182.31500244140625 63.064998626708984 L182.31500244140625 124.62999725341797 L169.76499938964844 124.62999725341797 L169.76499938964844 89.95500183105469 C169.76499938964844 84.61000061035156 165.4149932861328 80.26000213623047 160.07000732421875 80.26000213623047 L155.0800018310547 80.26000213623047 L155.0800018310547 54.29499816894531 L173.5500030517578 54.29499816894531 Z M55.25 24.660003662109375 L145.375 24.660003662109375 C146.58999633789062 24.660003662109375 147.5749969482422 25.645004272460938 147.5749969482422 26.854995727539062 L147.5749969482422 80.26499938964844 L53.04999923706055 80.26499938964844 L53.04999923706055 26.854995727539062 C53.04999923706055 25.645004272460938 54.03499984741211 24.660003662109375 55.25 24.660003662109375 Z M17.709999084472656 63.064998626708984 C17.709999084472656 58.22999954223633 21.645004272460938 54.29499816894531 26.479995727539062 54.29499816894531 L45.54999923706055 54.29499816894531 L45.54999923706055 80.26000213623047 L41.30500030517578 80.26000213623047 C35.959999084472656 80.26000213623047 31.610000610351562 84.61000061035156 31.610000610351562 89.95500183105469 L31.610000610351562 124.62999725341797 L17.709999084472656 124.62999725341797 L17.709999084472656 63.064998626708984 Z M147.5800018310547 97.0250015258789 L147.5800018310547 173.14500427246094 C147.5800018310547 174.35499572753906 146.59500122070312 175.33999633789062 145.3800048828125 175.33999633789062 L72.63500213623047 175.33999633789062 C70.33000183105469 174.58999633789062 69.58499908447266 173.375 69.22000122070312 172.52000427246094 C67.43499755859375 168.27000427246094 70.75499725341797 160.5749969482422 72.05500030517578 158.21499633789062 L75.38999938964844 152.1649932861328 L68.50499725341797 152.66000366210938 C58.130001068115234 153.4250030517578 54.125 149.48500061035156 53.04499816894531 148.0449981689453 L53.04499816894531 97.3949966430664 L45.54499816894531 97.3949966430664 L45.54499816894531 124.62999725341797 L39.11000061035156 124.62999725341797 L39.11000061035156 89.95500183105469 C39.11000061035156 88.74500274658203 40.095001220703125 87.76000213623047 41.30500030517578 87.76000213623047 L160.07000732421875 87.76000213623047 C161.27999877929688 87.76000213623047 162.26499938964844 88.74500274658203 162.26499938964844 89.95500183105469 L162.26499938964844 124.62999725341797 L155.0749969482422 124.62999725341797 L155.0749969482422 97.0250015258789 L147.5800018310547 97.0250015258789 Z""></path></svg>"
c40d4f88519b6bb02fe8fca55bab9fa3,"<svg xmlns=""http://www.w3.org/2000/svg"" viewBox=""0.0 0.0 200.0 200.0"" height=""200.0px"" width=""200.0px""><path fill=""currentColor"" fill-opacity=""1.0""  filling=""0"" d=""M86.52300262451172 65.99600219726562 C86.52300262451172 69.31600189208984 83.8280029296875 72.01200103759766 80.50800323486328 72.01200103759766 L73.9260025024414 72.01200103759766 L73.98400115966797 37.832000732421875 L67.73400115966797 37.8120002746582 L67.6760025024414 71.99199676513672 L61.50400161743164 71.99199676513672 C58.183998107910156 71.99199676513672 55.487998962402344 69.2969970703125 55.487998962402344 65.97699737548828 L55.487998962402344 37.832000732421875 L49.237998962402344 37.832000732421875 L49.237998962402344 65.99600219726562 C49.237998962402344 72.75399780273438 54.74599838256836 78.26200103759766 61.50400161743164 78.26200103759766 L67.6760025024414 78.26200103759766 L67.5979995727539 122.4020004272461 L58.612998962402344 122.4020004272461 L58.612998962402344 165.95700073242188 L83.2229995727539 165.95700073242188 L83.2229995727539 122.4020004272461 L73.8479995727539 122.4020004272461 L73.9260025024414 78.26200103759766 L80.5270004272461 78.26200103759766 C87.28500366210938 78.26200103759766 92.79299926757812 72.75399780273438 92.79299926757812 65.99600219726562 L92.79299926757812 37.832000732421875 L86.54299926757812 37.832000732421875 L86.54299926757812 65.99600219726562 L86.52300262451172 65.99600219726562 Z M76.9530029296875 159.7270050048828 L64.84400177001953 159.7270050048828 L64.84400177001953 128.6719970703125 L76.9530029296875 128.6719970703125 L76.9530029296875 159.7270050048828 Z M141.406005859375 122.89099884033203 L141.406005859375 34.21900177001953 L137.28500366210938 34.21900177001953 C122.20700073242188 34.21900177001953 109.96099853515625 46.48400115966797 109.96099853515625 61.542999267578125 L109.96099853515625 78.75 C109.96099853515625 93.3010025024414 120.99600219726562 105.33200073242188 135.156005859375 106.8949966430664 L135.156005859375 122.89099884033203 L125.97699737548828 122.89099884033203 L125.97699737548828 166.44500732421875 L150.58599853515625 166.44500732421875 L150.58599853515625 122.89099884033203 L141.406005859375 122.89099884033203 Z M116.21099853515625 78.75 L116.21099853515625 61.542999267578125 C116.21099853515625 50.64500045776367 124.53099822998047 41.64099884033203 135.156005859375 40.58599853515625 L135.156005859375 100.6050033569336 C124.4530029296875 99.08200073242188 116.21099853515625 89.86299896240234 116.21099853515625 78.75 Z M144.33599853515625 160.19500732421875 L132.2270050048828 160.19500732421875 L132.2270050048828 129.14100646972656 L144.33599853515625 129.14100646972656 L144.33599853515625 160.19500732421875 Z""></path></svg>"
ae0d69831dfeb9bb21e44699e9483e11,"<svg xmlns=""http://www.w3.org/2000/svg"" viewBox=""0.0 0.0 200.0 200.0"" height=""200.0px"" width=""200.0px""><path fill="""" fill-opacity=""1.0""  filling=""0"" d=""M146.287109375 171.95703125 L52.371097564697266 171.95703125 C43.037109375 171.95703125 35.4453125 164.36328125 35.4453125 155.03125 L35.4453125 86.9296875 C35.4453125 77.595703125 43.039058685302734 70.00390625 52.371097564697266 70.00390625 L146.287109375 70.00390625 C155.62109375 70.00390625 163.212890625 77.59765625 163.212890625 86.9296875 L163.212890625 155.03125 C163.212890625 164.365234375 155.62109375 171.95703125 146.287109375 171.95703125 Z M52.371097564697266 79.767578125 C48.421871185302734 79.767578125 45.210933685302734 82.98046875 45.210933685302734 86.927734375 L45.210933685302734 155.029296875 C45.210933685302734 158.978515625 48.423828125 162.189453125 52.371097564697266 162.189453125 L146.287109375 162.189453125 C150.236328125 162.189453125 153.447265625 158.9765625 153.447265625 155.029296875 L153.447265625 86.9296875 C153.447265625 82.98046875 150.234375 79.76953125 146.287109375 79.76953125 L52.371097564697266 79.76953125 L52.371097564697266 79.767578125 Z""></path>
<path fill="""" fill-opacity=""1.0""  filling=""0"" d=""M135.369140625 71.037109375 L125.60352325439453 71.037109375 L125.60352325439453 57.013671875 C125.60352325439453 51.97265625 123.0234375 47.162109375 118.3359375 43.462890625 C113.30859375 39.49609375 106.55859375 37.312496185302734 99.330078125 37.312496185302734 C92.1015625 37.312496185302734 85.349609375 39.49609375 80.32421875 43.462890625 C75.638671875 47.160160064697266 73.056640625 51.97265625 73.056640625 57.013671875 L73.056640625 71.037109375 L63.291011810302734 71.037109375 L63.291011810302734 57.013671875 C63.291011810302734 48.919921875 67.19140625 41.38671875 74.275390625 35.796875 C81.017578125 30.47655487060547 89.916015625 27.54686737060547 99.330078125 27.54686737060547 C108.744140625 27.54686737060547 117.642578125 30.47655487060547 124.38671875 35.796875 C131.46875 41.384769439697266 135.37109375 48.919921875 135.37109375 57.013671875 L135.37109375 71.037109375 L135.369140625 71.037109375 Z""></path>
<path fill=""#FF6008"" fill-opacity=""1.0""  filling=""0"" d=""M99.330078125 142.91796875 C96.6328125 142.91796875 94.447265625 140.732421875 94.447265625 138.03515625 L94.447265625 103.92577362060547 C94.447265625 101.22850799560547 96.6328125 99.04296875 99.330078125 99.04296875 C102.02734375 99.04296875 104.212890625 101.22850799560547 104.212890625 103.92577362060547 L104.212890625 138.03515625 C104.212890625 140.732421875 102.025390625 142.91796875 99.330078125 142.91796875 Z""></path></svg>"
5bc26faa106b61de6c697d8389b2494c,"<svg xmlns=""http://www.w3.org/2000/svg"" viewBox=""0.0 0.0 200.0 200.0"" height=""200.0px"" width=""200.0px""><path fill=""currentColor"" fill-opacity=""1.0""  filling=""0"" d=""M100.39099884033203 23.16400146484375 C57.89099884033203 23.16400146484375 23.31999969482422 57.71500015258789 23.31999969482422 100.23400115966797 C23.31999969482422 142.75399780273438 57.89099884033203 177.28500366210938 100.39099884033203 177.28500366210938 C142.89100646972656 177.28500366210938 177.46099853515625 142.73399353027344 177.46099853515625 100.21499633789062 C177.46099853515625 57.69499969482422 142.89100646972656 23.16400146484375 100.39099884033203 23.16400146484375 Z M100.39099884033203 168.94500732421875 C62.5 168.94500732421875 31.68000030517578 138.125 31.68000030517578 100.23400115966797 C31.68000030517578 62.34400177001953 62.5 31.52300262451172 100.39099884033203 31.52300262451172 C138.281005859375 31.52300262451172 169.1020050048828 62.34400177001953 169.1020050048828 100.23400115966797 C169.1020050048828 138.125 138.281005859375 168.94500732421875 100.39099884033203 168.94500732421875 Z""></path>
<path fill=""currentColor"" fill-opacity=""1.0""  filling=""0"" d=""M86.30899810791016 57.77299880981445 L80.41000366210938 63.672000885009766 L110.625 93.88700103759766 C112.3239974975586 95.58599853515625 113.26200103759766 97.83200073242188 113.26200103759766 100.23400115966797 C113.26200103759766 102.63700103759766 112.3239974975586 104.88300323486328 110.625 106.58200073242188 L80.41000366210938 136.7969970703125 L86.30899810791016 142.69500732421875 L116.52300262451172 112.4800033569336 C119.78500366210938 109.21900177001953 121.60199737548828 104.86299896240234 121.60199737548828 100.23400115966797 C121.60199737548828 95.6050033569336 119.80500030517578 91.2699966430664 116.52300262451172 87.98799896240234 L86.30899810791016 57.77299880981445 Z""></path></svg>"
thesantatitan_deepseek-svg-dataset_0003317,"<svg width=""100"" height=""100"" viewBox=""0 0 100 100"" xmlns=""http://www.w3.org/2000/svg"">
  <rect width=""100"" height=""100"" fill=""#000000""/>
  <defs>
    <linearGradient id=""petalGradient"" x1=""0%"" y1=""0%"" x2=""100%"" y2=""100%"">
      <stop offset=""0%"" style=""stop-color:#FFFFFF;stop-opacity:1""/>
      <stop offset=""100%"" style=""stop-color:#FF0000;stop-opacity:1""/>
    </linearGradient>
  </defs>
  <path d=""M50,50m-18,0a18,18 0 1,1 36,0a18,18 0 1,1-36,0"" fill=""url(#petalGradient)""/>
  <path d=""M50,50m-25,0a25,25 0 1,1 50,0a25,25 0 1,1-50,0"" fill=""url(#petalGradient)""/>
  <circle cx=""50"" cy=""50"" r=""18"" fill=""#FF0000""/>
  <path d=""M50,50m-28,0a28,28 0 1,1 56,0a28,28 0 1,1-56,0"" fill=""url(#petalGradient)""/>
</svg>"
5a89b390d26eb0c79fa762f9bb6e0ea2,"<svg xmlns=""http://www.w3.org/2000/svg"" viewBox=""0.0 0.0 200.0 200.0"" height=""200.0px"" width=""200.0px""><path fill=""#3A3A3A"" fill-opacity=""1.0""  filling=""0"" d=""M171.49000549316406 91.52999877929688 L106.66999816894531 155.8800048828125 A41.61000061035156 41.61000061035156 0.0 0 1 48.66999816894531 156.17999267578125 A41.40999984741211 41.40999984741211 0.0 0 1 48.29999923706055 97.0999984741211 L109.0 36.86000061035156 A25.209999084472656 25.209999084472656 0.0 0 1 144.0 36.310001373291016 A25.059999465942383 25.059999465942383 0.0 0 1 144.86000061035156 71.83999633789062 L91.33999633789062 127.69999694824219 A9.300000190734863 9.300000190734863 0.0 1 1 77.9800033569336 114.69999694824219 L129.41000366210938 62.290000915527344 L120.8499984741211 53.88999938964844 L69.41000366210938 106.29000091552734 A21.299999237060547 21.299999237060547 0.0 1 0 100.0 136.0 L153.50999450683594 80.13999938964844 A37.06999969482422 37.06999969482422 0.0 0 0 152.22999572753906 27.599998474121094 A37.2599983215332 37.2599983215332 0.0 0 0 100.47000122070312 28.37999725341797 L39.849998474121094 88.58000183105469 A53.41999816894531 53.41999816894531 0.0 0 0 77.4800033569336 179.91000366210938 L77.7699966430664 179.91000366210938 A53.130001068115234 53.130001068115234 0.0 0 0 115.12999725341797 164.41000366210938 L179.94000244140625 100.0 L171.49000549316406 91.52999877929688 Z""></path></svg>"
1bdce14177d6c7d19c56eb84d7d8de03,"<svg xmlns=""http://www.w3.org/2000/svg"" viewBox=""0.0 0.0 200.0 200.0"" height=""200.0px"" width=""200.0px""><path fill=""#666666"" fill-opacity=""1.0""  filling=""0"" d=""M100.0 21.875 C123.75 21.875 143.125 41.250003814697266 143.125 65.0 C143.125 80.625 135.0 93.75 122.5 101.25000762939453 C132.5 104.37500762939453 142.5 109.375 150.625 116.25 C152.5 117.5 153.125 120.0 152.5 121.875 C151.875 123.75 150.625 125.625 148.75 126.25 C146.875 126.875 144.375 126.25 143.125 125.0 C131.25 115.0 115.625 109.375 100.0 109.375 C65.625 109.375 36.874996185302734 135.625 33.75 170.0 C33.75 173.125 30.625 175.625 27.5 175.0 C24.375 175.0 21.875 171.875 21.875 168.75 C24.375 136.25 46.875 110.0 76.875 100.625 C64.375 93.125 56.25 79.375 56.25 64.375 C56.875003814697266 41.250003814697266 76.25 21.875 100.0 21.875 Z M100.0 33.75 C82.5 33.75 68.75 47.500003814697266 68.75 65.0 C68.75 82.5 82.5 96.25 100.0 96.25 C117.5 96.25 131.25 82.5 131.25 65.0 C131.25 47.500003814697266 117.5 33.75 100.0 33.75 Z""></path>
<path fill=""#36B542"" fill-opacity=""1.0""  filling=""0"" d=""M176.25 136.875 C177.5 138.125 178.125 139.375 178.125 141.25 C178.125 143.125 177.5 144.375 176.25 145.0 L146.25 173.125 C145.0 174.375 143.75 175.0 141.875 175.0 C140.625 175.0 138.75 174.375 137.5 173.125 L120.625 156.875 C119.375 155.625 118.75 154.375 118.75 153.125 C118.75 151.875 119.375 150.0 120.625 149.375 C123.125 147.5 126.25 147.5 128.75 149.375 L141.875 161.875 L167.5 137.5 C170.625 134.375 173.75 134.375 176.25 136.875 Z""></path></svg>"
869fc1019e4860633ff8ce833e1f44ef,"<svg xmlns=""http://www.w3.org/2000/svg"" viewBox=""0.0 0.0 200.0 200.0"" height=""200.0px"" width=""200.0px""><path fill="""" fill-opacity=""1.0""  filling=""0"" d=""M100.0 0.0 C110.70840454101562 0.0 181.25 40.71659851074219 186.60000610351562 50.0 C191.97500610351562 59.291603088378906 191.97500610351562 140.70840454101562 186.60000610351562 150.0 C181.22500610351562 159.29159545898438 110.7249984741211 200.0 100.0 200.0 C89.2750015258789 200.0 18.75 159.29159545898438 13.375 150.0 C8.033401489257812 140.70840454101562 8.033401489257812 59.291603088378906 13.375 50.0 C18.75 40.71659851074219 89.2916030883789 0.0 100.0 0.0 Z M119.125 56.65839767456055 A2.158398389816284 2.158398389816284 0.0 0 0 116.9749984741211 58.80839920043945 L116.9749984741211 91.0999984741211 L83.0250015258789 91.0999984741211 L83.0250015258789 57.56660079956055 L88.86660766601562 57.56660079956055 A2.125 2.125 0.0 0 0 90.9833984375 55.416603088378906 A2.1416015625 2.1416015625 0.0 0 0 89.9583969116211 53.57499694824219 L76.8583984375 40.999996185302734 A2.5250000953674316 2.5250000953674316 0.0 0 0 74.97500610351562 40.09159851074219 A2.2083985805511475 2.2083985805511475 0.0 0 0 73.25 40.983402252197266 L59.249996185302734 53.583396911621094 A2.1416015625 2.1416015625 0.0 0 0 58.25 55.400001525878906 C58.25 56.59159851074219 59.19160079956055 57.55000305175781 60.375 57.55000305175781 L66.24160766601562 57.55000305175781 L66.30839538574219 141.17498779296875 C66.30839538574219 142.38339233398438 67.2333984375 143.3249969482422 68.42500305175781 143.3249969482422 L80.8583984375 143.3249969482422 A2.1500000953674316 2.1500000953674316 0.0 0 0 83.0166015625 141.1916046142578 L83.0166015625 107.82500457763672 L116.95840454101562 107.82500457763672 L116.95840454101562 142.4250030517578 L111.13339233398438 142.4250030517578 A2.1666016578674316 2.1666016578674316 0.0 1 0 109.9916000366211 146.39999389648438 L123.1500015258789 158.9833984375 A2.5083985328674316 2.5083985328674316 0.0 0 0 125.02499389648438 159.8916015625 A2.200000047683716 2.200000047683716 0.0 0 0 126.75839233398438 158.9833984375 L140.75 146.39999389648438 A2.1500000953674316 2.1500000953674316 0.0 0 0 139.625 142.4250030517578 L133.75839233398438 142.4250030517578 L133.6999969482422 58.80839920043945 A2.1416015625 2.1416015625 0.0 0 0 131.5749969482422 56.6416015625 L119.125 56.6416015625 L119.125 56.65839767456055 Z""></path></svg>"
e4dfae5a4b965b6aa85f8653c7cfb9e4,"<svg xmlns=""http://www.w3.org/2000/svg"" viewBox=""0.0 0.0 200.0 200.0"" height=""200.0px"" width=""200.0px""><path fill=""#FFFFFF"" fill-opacity=""1.0""  filling=""0"" d=""M96.8480453491211 19.50390625 L101.3599624633789 19.50390625 C127.7359390258789 19.50390625 149.416015625 42.440040588378906 151.919921875 71.7919921875 L151.9919891357422 72.6240234375 L152.27206420898438 72.65605163574219 C171.7839813232422 75.1919937133789 186.9919891357422 93.919921875 187.31192016601562 116.7759780883789 L187.31192016601562 117.52792358398438 C187.31192016601562 142.4640655517578 169.60000610351562 162.68008422851562 147.751953125 162.68008422851562 L52.44804763793945 162.68008422851562 C30.599998474121094 162.68008422851562 12.880073547363281 142.4640655517578 12.880073547363281 117.52792358398438 C12.880073547363281 94.83203125 27.55194854736328 76.04804992675781 46.65605545043945 72.8480453491211 L47.04804229736328 72.78398132324219 L47.04804229736328 72.7279281616211 C49.15195846557617 43.24003982543945 70.5679702758789 19.99199676513672 96.8480453491211 19.50390625 Z""></path>
<path fill=""#F58A33"" fill-opacity=""1.0""  filling=""0"" d=""M93.30390930175781 111.3359375 L93.30390930175781 134.080078125 L79.40800476074219 134.080078125 L79.40800476074219 68.84004211425781 L101.8560562133789 68.84004211425781 C118.08808898925781 68.84004211425781 126.19999694824219 75.71992492675781 126.19999694824219 89.4800796508789 C126.19999694824219 96.15995788574219 123.74394226074219 101.5199203491211 118.83203125 105.5599594116211 C113.9439468383789 109.583984375 107.82402801513672 111.50391387939453 100.46405792236328 111.3359375 L93.30390930175781 111.3359375 Z M93.30390930175781 79.6240234375 L93.30390930175781 100.6800765991211 L99.32792663574219 100.6800765991211 C107.49609375 100.6800765991211 111.583984375 97.1279296875 111.583984375 90.0240249633789 C111.583984375 83.08808898925781 107.5439453125 79.6240234375 99.4560546875 79.6240234375 L93.30390930175781 79.6240234375 Z""></path>
<path fill=""#F58A33"" fill-opacity=""1.0""  filling=""0"" d=""M57.680076599121094 82.4800796508789 L48.480079650878906 83.95195770263672 C35.75996398925781 86.1039047241211 24.13593292236328 99.3199234008789 24.13593292236328 117.52792358398438 C24.13593292236328 137.68807983398438 38.15996170043945 151.43202209472656 52.44804763793945 151.43202209472656 L147.7599639892578 151.43202209472656 C162.0400390625 151.43202209472656 176.05606079101562 137.7119140625 176.080078125 117.5599594116211 L176.07208251953125 116.90390014648438 C175.7919921875 98.583984375 163.8000030517578 85.5279312133789 150.88006591796875 83.82402038574219 L141.49609375 82.70390319824219 L140.7199249267578 72.70390319824219 C138.583984375 47.88007736206055 120.65605163574219 30.743942260742188 101.36797332763672 30.743942260742188 L97.7359390258789 30.743942260742188 L97.00801086425781 30.751953125 C77.7919921875 31.135940551757812 60.056053161621094 48.55996322631836 58.27206802368164 73.50390625 L57.680076599121094 82.4800796508789 Z M96.8480453491211 19.50390625 L101.3599624633789 19.50390625 C127.7359390258789 19.50390625 149.416015625 42.440040588378906 151.919921875 71.7919921875 L151.9919891357422 72.6240234375 L152.27206420898438 72.65605163574219 C171.7839813232422 75.1919937133789 186.9919891357422 93.919921875 187.31192016601562 116.7759780883789 L187.31192016601562 117.52792358398438 C187.31192016601562 142.4640655517578 169.60000610351562 162.68008422851562 147.751953125 162.68008422851562 L52.44804763793945 162.68008422851562 C30.599998474121094 162.68008422851562 12.880073547363281 142.4640655517578 12.880073547363281 117.52792358398438 C12.880073547363281 94.83203125 27.55194854736328 76.04804992675781 46.65605545043945 72.8480453491211 L47.04804229736328 72.78398132324219 L47.04804229736328 72.7279281616211 C49.15195846557617 43.24003982543945 70.5679702758789 19.99199676513672 96.8480453491211 19.50390625 Z""></path></svg>"
4e2cb420fbaff506b56aff612a1ea247,"<svg xmlns=""http://www.w3.org/2000/svg"" viewBox=""0.0 0.0 200.0 200.0"" height=""200.0px"" width=""200.0px""><path fill=""#999999"" fill-opacity=""1.0""  filling=""0"" d=""M46.316001892089844 92.63200378417969 C21.053001403808594 92.63200378417969 0.0 71.5790023803711 0.0 46.316001892089844 C0.0 21.053001403808594 21.053001403808594 0.0 46.316001892089844 0.0 C71.5790023803711 0.0 92.63200378417969 21.053001403808594 92.63200378417969 46.316001892089844 C92.63200378417969 71.5790023803711 71.5790023803711 92.63200378417969 46.316001892089844 92.63200378417969 Z M46.316001892089844 21.053001403808594 C32.63200378417969 21.053001403808594 21.053001403808594 32.63200378417969 21.053001403808594 46.316001892089844 C21.053001403808594 60.0 32.63200378417969 71.5790023803711 46.316001892089844 71.5790023803711 C60.0 71.5790023803711 71.5790023803711 60.0 71.5790023803711 46.316001892089844 C71.5790023803711 32.63200378417969 60.0 21.053001403808594 46.316001892089844 21.053001403808594 Z M153.6840057373047 92.63200378417969 C128.42100524902344 92.63200378417969 107.36799621582031 71.5790023803711 107.36799621582031 46.316001892089844 C107.36799621582031 21.053001403808594 128.42100524902344 0.0 153.6840057373047 0.0 C178.94700622558594 0.0 200.0 21.053001403808594 200.0 46.316001892089844 C200.0 71.5790023803711 178.94700622558594 92.63200378417969 153.6840057373047 92.63200378417969 Z M153.6840057373047 21.053001403808594 C140.0 21.053001403808594 128.42100524902344 32.63200378417969 128.42100524902344 46.316001892089844 C128.42100524902344 60.0 140.0 71.5790023803711 153.6840057373047 71.5790023803711 C167.3679962158203 71.5790023803711 178.94700622558594 60.0 178.94700622558594 46.316001892089844 C178.94700622558594 32.63200378417969 167.3679962158203 21.053001403808594 153.6840057373047 21.053001403808594 Z M153.6840057373047 200.0 C128.42100524902344 200.0 107.36799621582031 178.94700622558594 107.36799621582031 153.6840057373047 C107.36799621582031 128.42100524902344 128.42100524902344 107.36799621582031 153.6840057373047 107.36799621582031 C178.94700622558594 107.36799621582031 200.0 128.42100524902344 200.0 153.6840057373047 C200.0 178.94700622558594 178.94700622558594 200.0 153.6840057373047 200.0 Z M153.6840057373047 128.42100524902344 C140.0 128.42100524902344 128.42100524902344 140.0 128.42100524902344 153.6840057373047 C128.42100524902344 167.3679962158203 140.0 178.94700622558594 153.6840057373047 178.94700622558594 C167.3679962158203 178.94700622558594 178.94700622558594 167.3679962158203 178.94700622558594 153.6840057373047 C178.94700622558594 140.0 167.3679962158203 128.42100524902344 153.6840057373047 128.42100524902344 Z M46.316001892089844 200.0 C21.053001403808594 200.0 0.0 178.94700622558594 0.0 153.6840057373047 C0.0 128.42100524902344 21.053001403808594 107.36799621582031 46.316001892089844 107.36799621582031 C71.5790023803711 107.36799621582031 92.63200378417969 128.42100524902344 92.63200378417969 153.6840057373047 C92.63200378417969 178.94700622558594 71.5790023803711 200.0 46.316001892089844 200.0 Z M46.316001892089844 128.42100524902344 C32.63200378417969 128.42100524902344 21.053001403808594 140.0 21.053001403808594 153.6840057373047 C21.053001403808594 167.3679962158203 32.63200378417969 178.94700622558594 46.316001892089844 178.94700622558594 C60.0 178.94700622558594 71.5790023803711 167.3679962158203 71.5790023803711 153.6840057373047 C71.5790023803711 140.0 60.0 128.42100524902344 46.316001892089844 128.42100524902344 Z""></path></svg>"
bb6a320a-f1b2-4bf9-aa51-67e34dcbd214,"<svg enable-background=""new 0 0 76.00 76.00"" height=""128"" viewBox=""0 0 76 76"" width=""128"" xmlns=""http://www.w3.org/2000/svg""><path d=""m22 30h25.75l-11-11h11.5l14 14-15 15h-10.5l11-11h-18.75v22h-7z"" stroke-linejoin=""round"" stroke-width="".2""/></svg>"
15ec41d43f41853fab819a5c5844b8ac,"<svg xmlns=""http://www.w3.org/2000/svg"" viewBox=""0.0 0.0 200.0 200.0"" height=""200.0px"" width=""200.0px""><path fill="""" fill-opacity=""1.0""  filling=""0"" d=""M118.7300033569336 138.26199340820312 L109.4530029296875 147.2270050048828 C106.60199737548828 149.97999572753906 102.83200073242188 151.50399780273438 98.86699676513672 151.50399780273438 C94.9020004272461 151.50399780273438 91.13300323486328 149.97999572753906 88.28099822998047 147.2270050048828 L60.81999969482422 120.7030029296875 C59.14099884033203 119.08200073242188 56.52299880981445 119.08200073242188 54.84400177001953 120.7030029296875 L12.46099853515625 161.6020050048828 C13.984001159667969 176.13299560546875 26.28900146484375 187.47999572753906 41.21099853515625 187.47999572753906 L158.10499572753906 187.47999572753906 C163.906005859375 187.47999572753906 169.2969970703125 185.76199340820312 173.8280029296875 182.81199645996094 L127.96900177001953 138.24200439453125 C125.39099884033203 135.76199340820312 121.3280029296875 135.76199340820312 118.7300033569336 138.26199340820312 Z M130.09800720214844 53.96500015258789 C120.46900177001953 53.96500015258789 112.61699676513672 61.797000885009766 112.61699676513672 71.44499969482422 C112.61699676513672 81.09400177001953 120.4489974975586 88.9260025024414 130.09800720214844 88.9260025024414 C139.7270050048828 88.9260025024414 147.5780029296875 81.09400177001953 147.5780029296875 71.44499969482422 C147.5780029296875 61.797000885009766 139.7270050048828 53.96500015258789 130.09800720214844 53.96500015258789 Z""></path>
<path fill="""" fill-opacity=""1.0""  filling=""0"" d=""M158.125 12.773002624511719 L41.21099853515625 12.773002624511719 C25.27300262451172 12.773002624511719 12.305000305175781 25.74200439453125 12.305000305175781 41.68000030517578 L12.305000305175781 146.56199645996094 L47.26599884033203 112.83200073242188 C50.117000579833984 110.0780029296875 53.887001037597656 108.55500030517578 57.85200119018555 108.55500030517578 C61.816001892089844 108.55500030517578 65.58599853515625 110.0780029296875 68.43800354003906 112.83200073242188 L95.89800262451172 139.35499572753906 C97.5780029296875 140.9770050048828 100.19499969482422 140.9770050048828 101.875 139.35499572753906 L111.1520004272461 130.39100646972656 C114.4530029296875 127.20700073242188 118.78900146484375 125.4489974975586 123.37899780273438 125.4489974975586 C127.96900177001953 125.4489974975586 132.30499267578125 127.20700073242188 135.60499572753906 130.39100646972656 L181.75799560546875 175.23399353027344 C185.09800720214844 170.52699279785156 187.05099487304688 164.76600646972656 187.05099487304688 158.57400512695312 L187.05099487304688 41.68000030517578 C187.031005859375 25.74200439453125 174.06199645996094 12.773002624511719 158.125 12.773002624511719 Z M130.09800720214844 99.86299896240234 C114.43399810791016 99.86299896240234 101.68000030517578 87.10900115966797 101.68000030517578 71.44499969482422 C101.68000030517578 55.78099822998047 114.43399810791016 43.027000427246094 130.09800720214844 43.027000427246094 C145.76199340820312 43.027000427246094 158.51600646972656 55.78099822998047 158.51600646972656 71.44499969482422 C158.51600646972656 87.10900115966797 145.76199340820312 99.86299896240234 130.09800720214844 99.86299896240234 Z""></path></svg>"
4bab6c8a-3ef9-4e83-913c-42967c7e50d0,"<svg fill=""none"" height=""128"" stroke=""#000000"" viewBox=""0 0 64 64"" width=""128"" xmlns=""http://www.w3.org/2000/svg""><path d=""m48 24v-8h-40v32h40v-8h8v-16z""/></svg>"
cbfcd190d8a34707569179ac050afc08,"<svg xmlns=""http://www.w3.org/2000/svg"" viewBox=""0.0 0.0 200.0 200.0"" height=""200.0px"" width=""200.0px""><path fill=""#444444"" fill-opacity=""1.0""  filling=""0"" d=""M145.50599670410156 175.0 C162.36300659179688 171.33700561523438 175.0 155.468994140625 175.0 137.5 C175.0 126.08699798583984 169.8000030517578 115.99400329589844 161.74400329589844 109.10600280761719 C162.20599365234375 106.125 162.5 103.0999984741211 162.5 100.0 C162.5 79.5250015258789 152.75599670410156 61.349998474121094 137.5 50.0 L150.0 37.5 L150.0 25.0 L162.5 12.5 L150.0 0.0 L137.5 12.5 L125.0 12.5 L75.0 62.5 L50.0 75.0 L50.0 100.0 L62.5 112.5 L87.5 112.5 L100.0 87.5 L118.75 68.75 C129.58700561523438 75.2750015258789 137.5 86.41200256347656 137.5 100.0 C116.78800201416016 100.0 100.0 116.78800201416016 100.0 137.5 L25.0 137.5 L25.0 150.0 L62.5 150.0 C66.23699951171875 152.781005859375 70.71299743652344 154.31900024414062 75.0 156.25 L75.0 175.0 L50.0 175.0 L25.0 200.0 L175.0 200.0 L150.0 175.0 L145.50599670410156 175.0 Z M125.0 137.5 C125.0 130.593994140625 130.593994140625 125.0 137.5 125.0 C144.406005859375 125.0 150.0 130.593994140625 150.0 137.5 C150.0 144.39999389648438 144.406005859375 150.0 137.5 150.0 C130.593994140625 150.0 125.0 144.39999389648438 125.0 137.5 Z""></path></svg>"
f842bfcb04d3fbddcdf9f2a18e6fd61e,"<svg xmlns=""http://www.w3.org/2000/svg"" viewBox=""0.0 0.0 200.0 200.0"" height=""200.0px"" width=""200.0px""><path fill="""" fill-opacity=""1.0""  filling=""0"" d=""M141.66700744628906 25.0 A16.66699981689453 16.66699981689453 0.0 0 1 158.33299255371094 41.66699981689453 L158.33299255371094 175.0 L100.0 150.0 L41.66699981689453 175.0 L41.66699981689453 41.66699981689453 A16.66699981689453 16.66699981689453 0.0 0 1 58.33300018310547 25.0 L141.66700744628906 25.0 M91.66699981689453 116.66699981689453 L143.75 64.66699981689453 L132.0 52.83300018310547 L91.66699981689453 93.16699981689453 L70.08300018310547 71.58300018310547 L58.33300018310547 83.33300018310547 L91.66699981689453 116.66699981689453 Z""></path></svg>"
2959a4147b65342b54cc5537cad9104a,"<svg xmlns=""http://www.w3.org/2000/svg"" viewBox=""0.0 0.0 200.0 200.0"" height=""200.0px"" width=""200.0px""><path fill=""#272636"" fill-opacity=""1.0""  filling=""0"" d=""M0.16660308837890625 48.78339767456055 C0.1584014892578125 45.45840072631836 1.1416015625 43.67499923706055 2.7916030883789062 42.15840148925781 C19.583396911621094 26.7333984375 38.75 15.275001525878906 60.46659851074219 8.1083984375 A155.0915985107422 155.0915985107422 0.0 0 1 122.0 0.6416015625 C158.4084014892578 3.5416030883789062 189.97500610351562 17.508399963378906 216.91661071777344 41.95000076293945 C219.95001220703125 44.70000457763672 220.65000915527344 48.28339767456055 218.79998779296875 51.36660385131836 C216.43341064453125 55.33340072631836 211.35000610351562 55.90840148925781 207.63339233398438 52.866600036621094 C201.8249969482422 48.116600036621094 196.13339233398438 43.149993896484375 189.95840454101562 38.91659927368164 C171.63339233398438 26.3583984375 151.34161376953125 18.5 129.25 15.783401489257812 C85.09159851074219 10.349998474121094 46.39999771118164 22.583404541015625 13.2333984375 52.05839920043945 C10.899993896484375 54.125 8.508392333984375 55.47500228881836 5.3166046142578125 54.55839538574219 C2.2249984741210938 53.666603088378906 0.16660308837890625 50.91659927368164 0.1750030517578125 48.78339767456055 L0.16660308837890625 48.78339767456055 Z M109.9583969116211 199.8583984375 C86.2583999633789 199.9250030517578 66.9166030883789 180.69158935546875 66.94999694824219 157.0749969482422 A42.916603088378906 42.916603088378906 0.0 0 1 109.69999694824219 114.30000305175781 C133.625 114.25839233398438 152.9250030517578 133.25840759277344 153.0166015625 156.9665985107422 C153.11659240722656 180.63339233398438 133.88339233398438 199.8000030517578 109.9583969116211 199.8583984375 Z M138.6750030517578 157.0749969482422 C138.6750030517578 141.40838623046875 125.7583999633789 128.5666046142578 110.00839233398438 128.54159545898438 A28.616601943969727 28.616601943969727 0.0 0 0 81.32499694824219 157.1750030517578 C81.3583984375 172.9084014892578 94.19999694824219 185.63339233398438 110.0250015258789 185.6083984375 C125.81660461425781 185.5915985107422 138.6916046142578 172.77499389648438 138.6750030517578 157.0749969482422 Z M109.78340148925781 57.1416015625 C137.75 57.6416015625 161.52499389648438 67.46659851074219 181.25 86.90840148925781 C183.45840454101562 89.07499694824219 184.31658935546875 91.6166000366211 183.33340454101562 94.57499694824219 C182.4416046142578 97.2916030883789 180.4499969482422 98.90840148925781 177.625 99.3666000366211 C175.02499389648438 99.80000305175781 172.89999389648438 98.81660461425781 171.08340454101562 96.9749984741211 A85.24160766601562 85.24160766601562 0.0 0 0 153.1999969482422 83.11660766601562 A84.28340148925781 84.28340148925781 0.0 0 0 105.85000610351562 71.6166000366211 C83.67499542236328 72.74160766601562 64.7666015625 81.30000305175781 49.03339767456055 96.8333969116211 C47.16659927368164 98.68339538574219 45.05839920043945 99.80000305175781 42.391597747802734 99.38339233398438 A6.849999904632568 6.849999904632568 0.0 0 1 36.641597747802734 94.6500015258789 C35.666603088378906 91.875 36.30839538574219 89.3666000366211 38.349998474121094 87.2916030883789 A98.31660461425781 98.31660461425781 0.0 0 1 53.57499694824219 74.57499694824219 A99.67500305175781 99.67500305175781 0.0 0 1 101.40840148925781 57.57500076293945 C104.26659393310547 57.32500076293945 107.1416015625 57.27499771118164 109.78340148925781 57.1416015625 Z""></path></svg>"
795d07ed95526c906b164488ac16409e,"<svg xmlns=""http://www.w3.org/2000/svg"" viewBox=""0.0 0.0 200.0 200.0"" height=""200.0px"" width=""200.0px""><path fill="""" fill-opacity=""1.0""  filling=""0"" d=""M0.0 31.25 C0.0 20.8984375 8.3984375 12.5 18.75 12.5 L56.25 12.5 C66.6015625 12.5 75.0 20.8984375 75.0 31.25 L75.0 37.5 L150.0 37.5 L150.0 31.25 C150.0 20.8984375 158.3984375 12.5 168.75 12.5 L206.25 12.5 C216.6015625 12.5 225.0 20.8984375 225.0 31.25 L225.0 68.75 C225.0 79.1015625 216.6015625 87.5 206.25 87.5 L168.75 87.5 C158.3984375 87.5 150.0 79.1015625 150.0 68.75 L150.0 62.5 L75.0 62.5 L75.0 68.75 C75.0 69.4140625 74.9609375 70.078125 74.8828125 70.703125 L106.25 112.5 L143.75 112.5 C154.1015625 112.5 162.5 120.8984375 162.5 131.25 L162.5 168.75 C162.5 179.1015625 154.1015625 187.5 143.75 187.5 L106.25 187.5 C95.8984375 187.5 87.5 179.1015625 87.5 168.75 L87.5 131.25 C87.5 130.5859375 87.5390625 129.921875 87.6171875 129.296875 L56.25 87.5 L18.75 87.5 C8.3984375 87.5 0.0 79.1015625 0.0 68.75 L0.0 31.25 Z""></path></svg>"
796221887d9b5a55ed27a7b445ca93da,"<svg xmlns=""http://www.w3.org/2000/svg"" viewBox=""0.0 0.0 200.0 200.0"" height=""200.0px"" width=""200.0px""><path fill=""#1B213F"" fill-opacity=""1.0""  filling=""0"" d=""M102.125 38.5 L102.125 44.75 A41.5 41.5 0.0 0 1 143.625 86.25 L150.0 86.25 A47.75 47.75 0.0 0 0 102.125 38.5 Z""></path>
<path fill=""#1B213F"" fill-opacity=""1.0""  filling=""0"" d=""M102.125 16.625 A69.625 69.625 0.0 0 0 32.625 86.25 L32.625 152.875 A6.25 6.25 0.0 0 0 38.875 159.125 L165.5 159.125 A6.25 6.25 0.0 0 0 171.75 152.875 L171.75 86.25 A69.625 69.625 0.0 0 0 102.125 16.625 Z M159.25 146.625 L45.125 146.625 L45.125 86.25 A57.125 57.125 0.0 0 1 159.25 86.25 L159.25 146.625 Z M165.5 170.875 L38.875 170.875 A6.25 6.25 0.0 1 0 38.875 183.375 L165.5 183.375 A6.25 6.25 0.0 0 0 165.5 170.875 Z""></path></svg>"
f012d7256a7942d77f2f733d47b3c609,"<svg xmlns=""http://www.w3.org/2000/svg"" viewBox=""0.0 0.0 200.0 200.0"" height=""200.0px"" width=""200.0px""><path fill=""#000000"" fill-opacity=""1.0""  filling=""0"" d=""M162.5 12.5 A6.25 6.25 0.0 0 1 168.75 18.75 L168.75 181.25 A6.25 6.25 0.0 0 1 162.5 187.5 L37.5 187.5 A6.25 6.25 0.0 0 1 31.25 181.25 L31.25 75.0 L81.25 75.0 A12.5 12.5 0.0 0 0 93.75 62.5 L93.75 12.5 L162.5 12.5 Z M99.25 103.1875 C92.04999542236328 103.1875 92.04999542236328 103.1875 87.5625 108.01875305175781 C83.51875305175781 112.3687515258789 83.51875305175781 112.3687515258789 83.11250305175781 118.71875762939453 L83.06875610351562 120.15625 L83.06875610351562 127.3499984741211 C83.06875610351562 134.6875 83.06875610351562 134.6875 87.5687484741211 139.50624084472656 C92.07500457763672 144.3249969482422 92.07500457763672 144.3249969482422 99.2437515258789 144.3249969482422 C106.60624694824219 144.3249969482422 106.60624694824219 144.3249969482422 111.20624542236328 139.50624084472656 C115.34375 135.16876220703125 115.34375 135.16876220703125 115.76249694824219 128.7937469482422 L115.80624389648438 127.35625457763672 L115.80624389648438 120.15625 C115.80624389648438 112.8499984741211 115.80624389648438 112.8499984741211 111.19375610351562 108.01875305175781 C106.57499694824219 103.1812515258789 106.57499694824219 103.1812515258789 99.2437515258789 103.1812515258789 L99.25 103.1875 Z M135.89999389648438 103.1875 C129.00625610351562 103.1875 129.00625610351562 103.1875 124.71875 107.91875457763672 C120.86249542236328 112.18750762939453 120.86249542236328 112.18750762939453 120.47499084472656 118.53125 L120.43124389648438 119.96875 L120.43124389648438 127.57500457763672 C120.43124389648438 134.90625 120.43124389648438 134.90625 124.77500915527344 139.61875915527344 C129.1125030517578 144.3249969482422 129.1125030517578 144.3249969482422 136.08749389648438 144.3249969482422 C142.95623779296875 144.3249969482422 142.95623779296875 144.3249969482422 146.99374389648438 140.6062469482422 C150.625 137.25625610351562 150.625 137.25625610351562 150.89999389648438 132.02499389648438 L150.9187469482422 130.83749389648438 L150.86874389648438 130.6750030517578 L144.4375 130.6750030517578 C144.4375 134.71250915527344 144.4375 134.71250915527344 142.3125 136.8562469482422 C140.1875 139.0 140.1875 139.0 136.08749389648438 139.0 C131.91250610351562 139.0 131.91250610351562 139.0 129.5 135.76873779296875 C127.38125610351562 132.9499969482422 127.38125610351562 132.9499969482422 127.11875915527344 128.78750610351562 L127.08125305175781 127.57500457763672 L127.08125305175781 119.91250610351562 C127.08125305175781 114.9937515258789 127.08125305175781 114.9937515258789 129.45623779296875 111.76874542236328 C131.8312530517578 108.53749084472656 131.8312530517578 108.53749084472656 135.8937530517578 108.53749084472656 C140.10000610351562 108.53749084472656 140.10000610351562 108.53749084472656 142.2687530517578 110.6624984741211 C144.1687469482422 112.53124237060547 144.1687469482422 112.53124237060547 144.40625 115.83125305175781 L144.4375 116.80624389648438 L150.8937530517578 116.80624389648438 L150.95001220703125 116.64375305175781 C151.05625915527344 110.3812484741211 151.05625915527344 110.3812484741211 147.0124969482422 106.78124237060547 C142.9499969482422 103.1812515258789 142.9499969482422 103.1812515258789 135.89999389648438 103.1812515258789 L135.89999389648438 103.1875 Z M61.16250228881836 103.76249694824219 L47.95000076293945 103.76249694824219 L47.95000076293945 143.75 L61.16250228881836 143.75 C68.76875305175781 143.75 68.76875305175781 143.75 73.5374984741211 139.02499389648438 C77.86874389648438 134.7312469482422 77.86874389648438 134.7312469482422 78.26250457763672 128.1437530517578 L78.30000305175781 126.80624389648438 L78.30000305175781 120.73124694824219 C78.30000305175781 113.26249694824219 78.30000305175781 113.26249694824219 73.5374984741211 108.51249694824219 C69.20625305175781 104.1937484741211 69.20625305175781 104.1937484741211 62.52499771118164 103.79999542236328 L61.16250228881836 103.76249694824219 Z M99.2437515258789 108.67500305175781 C103.80624389648438 108.67500305175781 103.80624389648438 108.67500305175781 106.46875 111.88750457763672 C108.80000305175781 114.69999694824219 108.80000305175781 114.69999694824219 109.09375 118.8812484741211 L109.13125610351562 120.0999984741211 L109.13125610351562 127.3499984741211 C109.13125610351562 132.43124389648438 109.13125610351562 132.43124389648438 106.48125457763672 135.64999389648438 C103.83125305175781 138.8625030517578 103.83125305175781 138.8625030517578 99.2437515258789 138.8625030517578 C94.8499984741211 138.8625030517578 94.8499984741211 138.8625030517578 92.29375457763672 135.63125610351562 C90.0625 132.8125 90.0625 132.8125 89.78125 128.58749389648438 L89.7437515258789 127.3499984741211 L89.7437515258789 120.0999984741211 C89.7437515258789 115.10000610351562 89.7437515258789 115.10000610351562 92.28125 111.88750457763672 C94.82499694824219 108.67500305175781 94.82499694824219 108.67500305175781 99.2437515258789 108.67500305175781 Z M61.16250228881836 109.11250305175781 C65.9749984741211 109.11250305175781 65.9749984741211 109.11250305175781 68.80000305175781 112.3687515258789 C71.2750015258789 115.21875 71.2750015258789 115.21875 71.58125305175781 119.4437484741211 L71.625 120.6812515258789 L71.625 126.80624389648438 C71.625 131.91250610351562 71.625 131.91250610351562 68.80000305175781 135.16876220703125 C65.96875 138.4187469482422 65.96875 138.4187469482422 61.16250228881836 138.4187469482422 L54.625 138.4187469482422 L54.625 109.11250305175781 L61.16250228881836 109.11250305175781 Z M81.25 13.0625 L81.25 62.5 L31.8125 62.5 A6.25 6.25 0.0 0 1 33.08125305175781 60.66874694824219 L79.41874694824219 14.331253051757812 A6.25 6.25 0.0 0 1 81.25 13.0625 Z""></path></svg>"
dea8c91b333fef2d0cad705d4556cbb0,"<svg xmlns=""http://www.w3.org/2000/svg"" viewBox=""0.0 0.0 200.0 200.0"" height=""200.0px"" width=""200.0px""><path fill=""currentColor"" fill-opacity=""1.0""  filling=""0"" d=""M161.0 177.0 C160.39999389648438 178.8000030517578 159.60000610351562 180.39999389648438 158.60000610351562 182.0 L158.1999969482422 182.39999389648438 C154.8000030517578 188.0 148.8000030517578 191.0 142.8000030517578 191.0 C139.60000610351562 191.0 136.1999969482422 190.1999969482422 133.1999969482422 188.1999969482422 C130.39999389648438 186.39999389648438 128.1999969482422 184.0 126.5999984741211 181.1999969482422 C124.0 176.39999389648438 121.5999984741211 171.60000610351562 119.19999694824219 167.0 C119.19999694824219 167.0 119.19999694824219 166.8000030517578 119.0 166.8000030517578 L100.19999694824219 130.39999389648438 L81.4000015258789 166.8000030517578 C81.4000015258789 166.8000030517578 81.4000015258789 167.0 81.19999694824219 167.0 C78.80000305175781 171.60000610351562 76.4000015258789 176.39999389648438 73.80000305175781 181.1999969482422 C72.19999694824219 184.0 70.0 186.60000610351562 67.19999694824219 188.1999969482422 C64.19999694824219 190.0 60.79999923706055 191.0 57.599998474121094 191.0 C51.599998474121094 191.0 45.599998474121094 188.0 42.20000076293945 182.39999389648438 L42.0 182.0 C41.0 180.39999389648438 40.20000076293945 178.8000030517578 39.599998474121094 177.0 C36.0 165.39999389648438 42.400001525878906 153.0 54.0 149.39999389648438 C59.599998474121094 147.60000610351562 65.5999984741211 148.1999969482422 70.80000305175781 150.8000030517578 C73.5999984741211 152.1999969482422 75.80000305175781 154.1999969482422 77.80000305175781 156.39999389648438 C83.0 146.39999389648438 87.80000305175781 136.8000030517578 92.4000015258789 127.5999984741211 C87.5999984741211 128.0 83.5999984741211 128.1999969482422 80.4000015258789 128.1999969482422 L80.19999694824219 128.1999969482422 C72.80000305175781 128.1999969482422 66.4000015258789 123.80000305175781 63.599998474121094 117.0 L40.400001525878906 59.79999923706055 C33.599998474121094 43.20000076293945 37.20000076293945 23.800003051757812 49.400001525878906 10.800003051757812 C50.400001525878906 9.800003051757812 51.79999923706055 9.400001525878906 53.20000076293945 9.599998474121094 C54.599998474121094 10.0 55.79999923706055 11.0 56.20000076293945 12.199996948242188 C62.79999923706055 32.19999694824219 73.5999984741211 57.400001525878906 88.19999694824219 87.19999694824219 C92.0 95.0 96.19999694824219 103.19999694824219 100.5999984741211 112.0 C105.0 103.19999694824219 109.19999694824219 95.0 113.0 87.19999694824219 C127.5999984741211 57.400001525878906 138.39999389648438 32.19999694824219 145.0 12.199996948242188 C145.39999389648438 10.800003051757812 146.60000610351562 9.800003051757812 148.0 9.599998474121094 C149.39999389648438 9.199996948242188 150.8000030517578 9.800003051757812 151.8000030517578 10.800003051757812 C164.0 24.0 167.60000610351562 43.20000076293945 160.8000030517578 59.79999923706055 L137.1999969482422 117.0 C134.39999389648438 124.0 127.80000305175781 128.1999969482422 120.4000015258789 128.1999969482422 C117.19999694824219 128.1999969482422 113.19999694824219 128.0 108.4000015258789 127.5999984741211 C113.0 136.8000030517578 118.0 146.1999969482422 123.0 156.39999389648438 C124.80000305175781 154.1999969482422 127.19999694824219 152.1999969482422 130.0 150.8000030517578 C135.1999969482422 148.0 141.1999969482422 147.60000610351562 146.8000030517578 149.39999389648438 C158.39999389648438 153.0 164.8000030517578 165.39999389648438 161.0 177.0 Z""></path></svg>"
decc4c13cc2aa6760c8870b9a04d6a42,"<svg xmlns=""http://www.w3.org/2000/svg"" viewBox=""0.0 0.0 200.0 200.0"" height=""200.0px"" width=""200.0px""><path fill=""#07A1A5"" fill-opacity=""1.0""  filling=""0"" d=""M13.040000915527344 56.13999938964844 L188.39300537109375 56.13999938964844 L188.39300537109375 63.07500076293945 L13.040000915527344 63.07500076293945 L13.040000915527344 56.13999938964844 M187.4199981689453 65.29900360107422 L14.043998718261719 65.29900360107422 L14.043998718261719 154.89599609375 L31.490997314453125 154.89599609375 L31.490997314453125 170.02699279785156 L48.051998138427734 170.02699279785156 L48.051998138427734 154.89599609375 L151.6699981689453 154.89599609375 L151.6699981689453 170.02699279785156 L168.2310028076172 170.02699279785156 L168.2310028076172 154.89599609375 L187.4499969482422 154.89599609375 L187.4499969482422 65.29900360107422 L187.4199981689453 65.29900360107422 M183.46299743652344 109.83200073242188 L128.5260009765625 109.83200073242188 L128.5260009765625 72.88999938964844 L183.46299743652344 72.88999938964844 L183.46299743652344 109.83200073242188 M76.71700286865234 72.88999938964844 L124.5989990234375 72.88999938964844 L124.5989990234375 148.0279998779297 L76.71700286865234 148.0279998779297 L76.71700286865234 72.88999938964844 M72.76100158691406 72.88999938964844 L72.76100158691406 109.83200073242188 L17.970001220703125 109.83200073242188 L17.970001220703125 72.88999938964844 L72.76100158691406 72.88999938964844 M17.970001220703125 113.11900329589844 L72.76100158691406 113.11900329589844 L72.76100158691406 148.0279998779297 L17.970001220703125 148.0279998779297 L17.970001220703125 113.11900329589844 M44.06700134277344 166.1060028076172 L35.38800048828125 166.1060028076172 L35.38800048828125 154.947998046875 L44.06700134277344 154.947998046875 L44.06700134277344 166.1060028076172 M164.24600219726562 166.63499450683594 L155.56700134277344 166.63499450683594 L155.56700134277344 154.94700622558594 L164.24600219726562 154.94700622558594 L164.24600219726562 166.63499450683594 M128.5260009765625 148.0279998779297 L128.5260009765625 113.11900329589844 L183.46299743652344 113.11900329589844 L183.46299743652344 148.0279998779297 L128.5260009765625 148.0279998779297""></path></svg>"
3f480073f77d15df0d59993b573832c7,"<svg xmlns=""http://www.w3.org/2000/svg"" viewBox=""0.0 0.0 200.0 200.0"" height=""200.0px"" width=""200.0px""><path fill=""#DEE5E5"" fill-opacity=""1.0""  filling=""0"" d=""M139.63900756835938 77.7509994506836 L139.63900756835938 191.68699645996094 L135.36099243164062 200.0 L64.51699829101562 200.0 L60.176998138427734 191.68699645996094 L60.176998138427734 77.7509994506836 C60.176998138427734 61.67499923706055 84.62699890136719 57.152000427246094 84.62699890136719 52.994998931884766 L84.62699890136719 39.36399841308594 L84.62699890136719 33.802001953125 A91.13700103759766 91.13700103759766 0.0 0 1 87.98899841308594 16.748001098632812 L85.91100311279297 16.748001098632812 L85.91100311279297 6.11199951171875 L114.08899688720703 6.11199951171875 L114.08899688720703 16.686996459960938 L112.0719985961914 16.686996459960938 A91.07599639892578 91.07599639892578 0.0 0 1 115.18900299072266 33.740997314453125 L115.18900299072266 52.933998107910156 C115.18900299072266 57.09000015258789 139.63900756835938 61.67499923706055 139.63900756835938 77.7509994506836 Z""></path>
<path fill=""#D48333"" fill-opacity=""1.0""  filling=""0"" d=""M120.75199890136719 61.736000061035156 L79.24800109863281 61.736000061035156 C72.4020004272461 65.15899658203125 64.21199798583984 69.86499786376953 64.21199798583984 77.7509994506836 L64.21199798583984 186.6750030517578 L67.87899780273438 190.3419952392578 L132.36500549316406 190.3419952392578 L135.78799438476562 186.91900634765625 L135.78799438476562 77.7509994506836 C135.7270050048828 69.86499786376953 127.41400146484375 65.15899658203125 120.75199890136719 61.736000061035156 Z""></path>
<path fill=""#E5DBAD"" fill-opacity=""1.0""  filling=""0"" d=""M127.41400146484375 96.27100372314453 A28.85099983215332 28.85099983215332 0.0 0 0 73.01300048828125 96.27100372314453 L60.176998138427734 96.27100372314453 L60.176998138427734 144.1320037841797 L139.63900756835938 144.1320037841797 L139.63900756835938 96.27100372314453 L127.41400146484375 96.27100372314453 Z""></path>
<path fill=""#424042"" fill-opacity=""1.0""  filling=""0"" d=""M112.0719985961914 16.686996459960938 L114.08899688720703 16.686996459960938 L114.08899688720703 0.0 L85.91100311279297 0.0 L85.91100311279297 16.686996459960938 L87.9280014038086 16.686996459960938 A91.13700103759766 91.13700103759766 0.0 0 0 84.62699890136719 33.740997314453125 L84.62699890136719 39.303001403808594 L115.18900299072266 39.303001403808594 L115.18900299072266 33.740997314453125 A91.07599639892578 91.07599639892578 0.0 0 0 112.0719985961914 16.686996459960938 Z M135.7270050048828 100.30599975585938 L124.35800170898438 100.30599975585938 L123.37999725341797 97.79900360107422 A25.183000564575195 25.183000564575195 0.0 0 0 99.97000122070312 81.17400360107422 A25.183000564575195 25.183000564575195 0.0 0 0 76.62000274658203 97.79900360107422 L75.64199829101562 100.48899841308594 L60.176998138427734 100.48899841308594 L60.176998138427734 140.22000122070312 L139.63900756835938 140.22000122070312 L139.63900756835938 100.48899841308594 L135.7270050048828 100.30599975585938 Z""></path>
<path fill=""#E5DBAD"" fill-opacity=""1.0""  filling=""0"" d=""M85.6050033569336 105.62300109863281 A14.36400032043457 14.36400032043457 0.0 1 0 114.33399963378906 105.62300109863281 A14.36400032043457 14.36400032043457 0.0 1 0 85.6050033569336 105.62300109863281 Z""></path></svg>"
e347d66285704a472274748785b2ce9d,"<svg xmlns=""http://www.w3.org/2000/svg"" viewBox=""0.0 0.0 200.0 200.0"" height=""200.0px"" width=""200.0px""><path fill=""#666666"" fill-opacity=""1.0""  filling=""0"" d=""M102.08300018310547 47.91699981689453 A6.25 6.25 0.0 0 1 108.30400085449219 53.56700134277344 L108.33300018310547 54.16699981689453 L108.33300018310547 137.5 A6.25 6.25 0.0 0 1 95.86299896240234 138.10000610351562 L95.83300018310547 137.5 L95.83300018310547 54.16699981689453 A6.25 6.25 0.0 0 1 102.08300018310547 47.91699981689453 Z M22.91699981689453 18.75 A6.25 6.25 0.0 0 1 29.13800048828125 24.400001525878906 L29.16699981689453 25.0 L29.16699981689453 175.0 A6.25 6.25 0.0 0 1 16.695999145507812 175.60000610351562 L16.66699981689453 175.0 L16.66699981689453 25.0 A6.25 6.25 0.0 0 1 22.91699981689453 18.75 Z M147.91700744628906 106.25 A6.25 6.25 0.0 0 1 154.13800048828125 111.9000015258789 L154.16700744628906 112.5 L154.16700744628906 137.5 A6.25 6.25 0.0 0 1 141.6959991455078 138.10000610351562 L141.66700744628906 137.5 L141.66700744628906 112.5 A6.25 6.25 0.0 0 1 147.91700744628906 106.25 Z M60.41699981689453 81.25 A6.25 6.25 0.0 0 1 66.63700103759766 86.9000015258789 L66.66699981689453 87.5 L66.66699981689453 137.5 A6.25 6.25 0.0 0 1 54.19599914550781 138.10000610351562 L54.16699981689453 137.5 L54.16699981689453 87.5 A6.25 6.25 0.0 0 1 60.41699981689453 81.25 Z""></path>
<path fill=""#666666"" fill-opacity=""1.0""  filling=""0"" d=""M175.0 168.75 A6.25 6.25 0.0 0 1 175.60000610351562 181.2209930419922 L175.0 181.25 L25.0 181.25 A6.25 6.25 0.0 0 1 24.400001525878906 168.7790069580078 L25.0 168.75 L175.0 168.75 Z""></path></svg>"
f56f5527-6b18-40ba-be43-310c034c0450,"<svg fill=""none"" height=""128"" viewBox=""0 0 128 128"" width=""128"" xmlns=""http://www.w3.org/2000/svg""><path clip-rule=""evenodd"" d=""m64 117.33c29.46 0 53.33-23.88 53.33-53.33 0-29.46-23.87-53.33-53.33-53.33s-53.33 23.87-53.33 53.33c0 29.45 23.87 53.33 53.33 53.33m4-75.09c0-2.21-1.79-4-4-4s-4 1.79-4 4v24.85c0 2.21 1.79 4 4 4s4-1.79 4-4zm0 39.52c0 2.21-1.79 4-4 4s-4-1.79-4-4 1.79-4 4-4 4 1.79 4 4"" fill=""#000000"" fill-rule=""evenodd""/></svg>"
73f19b688a39c0cdf6157fb4e2c4537e,"<svg xmlns=""http://www.w3.org/2000/svg"" viewBox=""0.0 0.0 200.0 200.0"" height=""200.0px"" width=""200.0px""><path fill="""" fill-opacity=""1.0""  filling=""0"" d=""M56.25 95.3125 L56.25 104.6875 C56.25 105.54688262939453 56.953125 106.25 57.8125 106.25 L142.1875 106.25 C143.046875 106.25 143.75 105.54688262939453 143.75 104.6875 L143.75 95.3125 C143.75 94.453125 143.046875 93.75 142.1875 93.75 L57.8125 93.75 C56.953125 93.75 56.25 94.453125 56.25 95.3125 Z M27.34375 80.6640625 L36.71875 80.6640625 C37.578125 80.6640625 38.28125 79.9609375 38.28125 79.1015625 L38.28125 39.84375 C38.28125 38.984375 38.984375 38.28125 39.84375 38.28125 L74.609375 38.28125 C75.46875 38.28125 76.171875 37.578125 76.171875 36.71875 L76.171875 27.34375 C76.171875 26.484375 75.46875 25.78125 74.609375 25.78125 L32.03125 25.78125 C28.57421875 25.78125 25.78125 28.57421875 25.78125 32.03125 L25.78125 79.1015625 C25.78125 79.9609375 26.484375 80.6640625 27.34375 80.6640625 Z M74.609375 161.71875 L39.84375 161.71875 C38.984375 161.71875 38.28125 161.015625 38.28125 160.15625 L38.28125 129.8828125 C38.28125 129.0234375 37.578125 128.3203125 36.71875 128.3203125 L27.34375 128.3203125 C26.484375 128.3203125 25.78125 129.0234375 25.78125 129.8828125 L25.78125 167.96875 C25.78125 171.42578125 28.57421875 174.21875 32.03125 174.21875 L74.609375 174.21875 C75.46875 174.21875 76.171875 173.515625 76.171875 172.65625 L76.171875 163.28125 C76.171875 162.421875 75.46875 161.71875 74.609375 161.71875 Z M127.34375 25.78125 L125.390625 25.78125 C124.53125 25.78125 123.828125 26.484375 123.828125 27.34375 L123.828125 36.71875 C123.828125 37.578125 124.53125 38.28125 125.390625 38.28125 L127.34375 38.28125 C136.5234375 38.28125 145.15625 41.855464935302734 151.66015625 48.33984375 C158.14453125 54.843746185302734 161.71875 63.4765625 161.71875 72.65625 L161.71875 79.1015625 C161.71875 79.9609375 162.421875 80.6640625 163.28125 80.6640625 L172.65625 80.6640625 C173.515625 80.6640625 174.21875 79.9609375 174.21875 79.1015625 L174.21875 72.65625 C174.21875 46.77734375 153.22265625 25.78125 127.34375 25.78125 Z M172.65625 128.3203125 L163.28125 128.3203125 C162.421875 128.3203125 161.71875 129.0234375 161.71875 129.8828125 L161.71875 160.15625 C161.71875 161.015625 161.015625 161.71875 160.15625 161.71875 L125.390625 161.71875 C124.53125 161.71875 123.828125 162.421875 123.828125 163.28125 L123.828125 172.65625 C123.828125 173.515625 124.53125 174.21875 125.390625 174.21875 L167.96875 174.21875 C171.42578125 174.21875 174.21875 171.42578125 174.21875 167.96875 L174.21875 129.8828125 C174.21875 129.0234375 173.515625 128.3203125 172.65625 128.3203125 Z""></path></svg>"
3cf1e548ac96efa8a849c2e30c09c2c9,"<svg xmlns=""http://www.w3.org/2000/svg"" viewBox=""0.0 0.0 200.0 200.0"" height=""200.0px"" width=""200.0px""><path fill="""" fill-opacity=""1.0""  filling=""0"" d=""M100.0 52.597652435302734 C95.9765625 52.597652435302734 92.71484375 49.277339935302734 92.71484375 45.175777435302734 C92.71484375 41.074214935302734 95.9765625 37.753902435302734 100.0 37.753902435302734 C104.02342987060547 37.753902435302734 107.28515625 41.074214935302734 107.28515625 45.175777435302734 C107.28515625 49.277339935302734 104.02342987060547 52.597652435302734 100.0 52.597652435302734 Z M100.0 26.19140625 L53.554691314697266 58.925785064697266 L146.4453125 58.925785064697266 L100.0 26.19140625 Z M88.53515625 140.625 L111.46484375 140.625 L111.46484375 70.390625 L88.53515625 70.390625 L88.53515625 140.625 Z M54.12109375 140.625 L77.05078125 140.625 L77.05078125 70.390625 L54.12109375 70.390625 L54.12109375 140.625 Z M157.34375 140.625 L163.0859375 140.625 C166.25 140.625 168.828125 143.18359375 168.828125 146.3671875 C168.828125 149.53125 166.26953125 152.109375 163.0859375 152.109375 L36.9140625 152.109375 C33.75 152.109375 31.171875 149.55078125 31.171875 146.3671875 C31.171875 143.203125 33.73046875 140.625 36.9140625 140.625 L42.65625 140.625 L42.65625 70.390625 L36.9140625 70.390625 C33.75 70.390625 31.171875 67.83203125 31.171875 64.6484375 C31.171875 62.109375 32.8125 59.9609375 35.09765625 59.19921875 L96.953125 15.625 C97.890625 14.9609375 98.9453125 14.66796875 100.0 14.6875 C101.05469512939453 14.66796875 102.12891387939453 14.98046875 103.04686737060547 15.625 L164.90234375 59.218753814697266 C167.1875 59.98046875 168.828125 62.12890625 168.828125 64.66796875 L168.828125 64.6875 C168.828125 64.921875 168.80859375 65.13671875 168.7890625 65.37109375 C168.4375 68.203125 166.03515625 70.41015625 163.10546875 70.41015625 L157.36328125 70.41015625 L157.36328125 140.625 L157.34375 140.625 Z M145.87890625 140.625 L145.87890625 70.390625 L122.9296875 70.390625 L122.9296875 140.625 L145.87890625 140.625 Z""></path></svg>"
d584789a90321b0e5b02f5b57b783d22,"<svg xmlns=""http://www.w3.org/2000/svg"" viewBox=""0.0 0.0 200.0 200.0"" height=""200.0px"" width=""200.0px""><path fill=""#98C4D8"" fill-opacity=""1.0""  filling=""0"" d=""M159.86300659179688 69.48400115966797 L55.505001068115234 69.48400115966797 L55.505001068115234 152.9459991455078 L166.78700256347656 152.9459991455078 L166.78700256347656 69.48400115966797 L159.86300659179688 69.48400115966797 Z""></path>
<path fill=""#98C4D8"" fill-opacity=""1.0""  filling=""0"" d=""M148.24000549316406 64.84700012207031 L148.24000549316406 50.9370002746582 L36.95800018310547 50.9370002746582 L36.95800018310547 134.3990020751953 L50.86800003051758 134.3990020751953 L50.86800003051758 64.84700012207031 L143.60299682617188 64.84700012207031 L148.24000549316406 64.84700012207031 Z""></path>
<path fill=""#EFD9A0"" fill-opacity=""1.0""  filling=""0"" d=""M155.2259979248047 64.84700012207031 L50.86800003051758 64.84700012207031 L50.86800003051758 148.3090057373047 L162.14999389648438 148.3090057373047 L162.14999389648438 64.84700012207031 L155.2259979248047 64.84700012207031 Z""></path>
<path fill=""#EFD9A0"" fill-opacity=""1.0""  filling=""0"" d=""M143.60299682617188 60.21099853515625 L143.60299682617188 46.30099868774414 L32.32099914550781 46.30099868774414 L32.32099914550781 129.76199340820312 L46.23099899291992 129.76199340820312 L46.23099899291992 60.21099853515625 L138.96600341796875 60.21099853515625 L143.60299682617188 60.21099853515625 Z""></path>
<path fill=""#FEFEFE"" fill-opacity=""1.0""  filling=""0"" d=""M69.3499984741211 81.01200103759766 A4.171000003814697 8.864999771118164 55.515 1 0 83.96399688720703 70.9729995727539 A4.171000003814697 8.864999771118164 55.515 1 0 69.3499984741211 81.01200103759766 Z""></path>
<path fill=""#FEFEFE"" fill-opacity=""1.0""  filling=""0"" d=""M60.391998291015625 95.5999984741211 A2.7809998989105225 4.867000102996826 55.515 1 0 68.41600036621094 90.08799743652344 A2.7809998989105225 4.867000102996826 55.515 1 0 60.391998291015625 95.5999984741211 Z""></path></svg>"
4a2c2e6b0d883c43b80d1b8c00c9d143,"<svg xmlns=""http://www.w3.org/2000/svg"" viewBox=""0.0 0.0 200.0 200.0"" height=""200.0px"" width=""200.0px""><path fill="""" fill-opacity=""1.0""  filling=""0"" d=""M94.54668426513672 102.8666000366211 C97.54667663574219 100.2666015625 101.3466796875 98.79999542236328 105.21328735351562 98.79999542236328 L106.21328735351562 98.79999542236328 C107.06660461425781 98.8333969116211 108.39335632324219 99.4732437133789 110.81328582763672 98.6666030883789 L110.81328582763672 92.06660461425781 C110.81328582763672 82.80000305175781 107.14668273925781 74.06660461425781 100.61328125 67.5999984741211 C97.3466796875 64.2666015625 93.54668426513672 61.666603088378906 89.28008270263672 59.93339920043945 C94.7466812133789 55.866600036621094 98.28007507324219 49.399993896484375 98.28007507324219 42.20000076293945 C98.28007507324219 29.933395385742188 88.3466796875 20.0 76.080078125 20.0 C63.81328201293945 20.0 53.88007736206055 29.933395385742188 53.88007736206055 42.20000076293945 C53.88007736206055 49.46659851074219 57.41328048706055 55.93339920043945 62.946678161621094 59.93339920043945 A34.79999923706055 34.79999923706055 0.0 0 0 41.3466796875 92.06660461425781 L41.3466796875 118.53340148925781 A26.666603088378906 26.666603088378906 0.0 0 0 50.946678161621094 139.0666046142578 C54.213279724121094 141.8000030517578 56.14668273925781 145.79998779296875 56.14668273925781 150.13339233398438 L56.14668273925781 160.0666046142578 C56.14668273925781 165.2666015625 58.14667892456055 170.2666015625 61.946678161621094 174.1999969482422 C65.81327819824219 178.0 70.88008117675781 180.0 76.080078125 180.0 C77.74667358398438 180.0 79.41328430175781 179.79998779296875 81.080078125 179.39999389648438 C89.3466796875 177.1999969482422 95.2132797241211 169.93341064453125 95.9466781616211 161.13339233398438 C95.88008117675781 161.13339233398438 95.88008117675781 161.13339233398438 95.9466781616211 161.0666046142578 A60.246681213378906 60.246681213378906 0.0 0 1 88.94668579101562 132.53338623046875 L88.94668579101562 115.13339233398438 C88.94668579101562 110.39999389648438 91.0132827758789 105.93340301513672 94.54668426513672 102.8666000366211 Z M129.70664978027344 173.64666748046875 A3.380078077316284 3.380078077316284 0.0 0 0 131.24667358398438 173.64666748046875 C138.6999969482422 171.6599578857422 145.080078125 166.96661376953125 150.24667358398438 159.7800750732422 C155.7400360107422 152.0666046142578 158.6466827392578 142.6533203125 158.6466827392578 132.52676391601562 L158.6466827392578 115.12675476074219 A2.953320264816284 2.953320264816284 0.0 0 0 155.29336547851562 112.193359375 C143.1533203125 113.8599624633789 132.6999969482422 103.49335479736328 132.5867156982422 103.37324523925781 A3.046679735183716 3.046679735183716 0.0 0 0 128.36660766601562 103.37324523925781 C128.24667358398438 103.49335479736328 117.79999542236328 113.85332489013672 105.6533203125 112.193359375 A2.9599609375 2.9599609375 0.0 0 0 102.30000305175781 115.12675476074219 L102.30000305175781 132.52676391601562 C102.30000305175781 142.6533203125 105.2066421508789 152.05996704101562 110.69999694824219 159.78671264648438 C115.8666000366211 166.96661376953125 122.25332641601562 171.6599578857422 129.70001220703125 173.6533203125 L129.70664978027344 173.64666748046875 Z""></path></svg>"
7b09ab57cfb607da982fb06b6ba08ccb,"<svg xmlns=""http://www.w3.org/2000/svg"" viewBox=""0.0 0.0 200.0 200.0"" height=""200.0px"" width=""200.0px""><path fill=""#010101"" fill-opacity=""1.0""  filling=""0"" d=""M194.02999877929688 200.0 L5.970001220703125 200.0 L5.970001220703125 161.19400024414062 L194.02999877929688 161.19400024414062 L194.02999877929688 200.0 Z M14.925003051757812 191.0449981689453 L185.0749969482422 191.0449981689453 L185.0749969482422 170.1490020751953 L14.925003051757812 170.1490020751953 L14.925003051757812 191.0449981689453 Z M194.02999877929688 80.59700012207031 L5.970001220703125 80.59700012207031 L5.970001220703125 43.4630012512207 L8.537002563476562 42.20899963378906 C97.19400024414062 0.0 98.68699645996094 0.0 100.0 0.0 C101.31300354003906 0.0 102.80599975585938 0.0 191.46299743652344 42.20899963378906 L194.02999877929688 43.4630012512207 L194.02999877929688 80.59700012207031 Z M14.925003051757812 71.64199829101562 L185.0749969482422 71.64199829101562 L185.0749969482422 49.07500076293945 C153.552001953125 34.089996337890625 108.41799926757812 12.7760009765625 100.0 9.253997802734375 C91.58200073242188 12.7760009765625 46.26900100708008 34.089996337890625 14.925003051757812 49.07500076293945 L14.925003051757812 71.64199829101562 Z""></path>
<path fill=""#010101"" fill-opacity=""1.0""  filling=""0"" d=""M44.7760009765625 170.1490020751953 L23.880996704101562 170.1490020751953 L23.880996704101562 71.64199829101562 L44.7760009765625 71.64199829101562 L44.7760009765625 170.1490020751953 Z M32.83599853515625 161.19400024414062 L35.82099914550781 161.19400024414062 L35.82099914550781 80.65699768066406 L32.83599853515625 80.65699768066406 L32.83599853515625 161.19400024414062 Z M88.53700256347656 170.1490020751953 L67.64199829101562 170.1490020751953 L67.64199829101562 71.64199829101562 L88.53700256347656 71.64199829101562 L88.53700256347656 170.1490020751953 Z M76.59700012207031 161.19400024414062 L79.58200073242188 161.19400024414062 L79.58200073242188 80.65699768066406 L76.59700012207031 80.65699768066406 L76.59700012207031 161.19400024414062 Z M132.35800170898438 170.1490020751953 L111.46299743652344 170.1490020751953 L111.46299743652344 71.64199829101562 L132.35800170898438 71.64199829101562 L132.35800170898438 170.1490020751953 Z M120.41799926757812 161.19400024414062 L123.40299987792969 161.19400024414062 L123.40299987792969 80.65699768066406 L120.41799926757812 80.65699768066406 L120.41799926757812 161.19400024414062 Z M176.11900329589844 170.1490020751953 L155.2239990234375 170.1490020751953 L155.2239990234375 71.64199829101562 L176.11900329589844 71.64199829101562 L176.11900329589844 170.1490020751953 Z M164.1790008544922 161.19400024414062 L167.16400146484375 161.19400024414062 L167.16400146484375 80.65699768066406 L164.1790008544922 80.65699768066406 L164.1790008544922 161.19400024414062 Z""></path></svg>"
3c1afdf835e6b629d14ee7c0e78760e0,"<svg xmlns=""http://www.w3.org/2000/svg"" viewBox=""0.0 0.0 200.0 200.0"" height=""200.0px"" width=""200.0px""><path fill=""#3E3E3E"" fill-opacity=""1.0""  filling=""0"" d=""M31.363670349121094 49.0908203125 L44.0908203125 49.0908203125 C46.81816101074219 49.545509338378906 49.545509338378906 47.27265930175781 49.545509338378906 44.545509338378906 L49.545509338378906 6.363670349121094 C49.545509338378906 3.1818389892578125 46.81816101074219 0.0 43.18183517456055 0.0 L5.454490661621094 0.0 C2.2726516723632812 0.0 0.0 2.7273406982421875 0.0 5.9091796875 L0.0 43.18183517456055 C0.0 46.36367416381836 2.7273406982421875 49.0908203125 6.363670349121094 49.0908203125 L19.0908203125 49.0908203125 L19.0908203125 180.45449829101562 L60.45449447631836 180.45449829101562 L60.45449447631836 168.63633728027344 L31.363670349121094 168.63633728027344 L31.363670349121094 104.5455093383789 L60.45449447631836 104.5455093383789 L60.45449447631836 92.27265930175781 L31.363670349121094 92.27265930175781 L31.363670349121094 49.0908203125 Z M76.3636703491211 124.09081268310547 L155.0 124.09081268310547 C158.1818389892578 124.09081268310547 160.45448303222656 121.81816101074219 160.45448303222656 119.0908203125 L160.45448303222656 81.81816101074219 C160.9091796875 77.72734069824219 158.1818389892578 74.5455093383789 154.54550170898438 74.5455093383789 L75.4544906616211 74.5455093383789 C72.27265930175781 74.5455093383789 70.0 77.27265167236328 70.0 80.4544906616211 L70.0 117.72734069824219 C70.0 121.36367797851562 72.72734832763672 124.09081268310547 76.3636703491211 124.09081268310547 Z M76.3636703491211 49.0908203125 L196.36367797851562 49.0908203125 C199.0908203125 49.0908203125 201.36367797851562 46.81816101074219 201.36367797851562 44.0908203125 L201.36367797851562 6.363670349121094 C201.81814575195312 3.1818389892578125 199.0908203125 0.0 195.9091796875 0.0 L75.4544906616211 0.0 C72.27265930175781 0.0 70.0 2.7273406982421875 70.0 5.9091796875 L70.0 43.18183517456055 C70.0 46.36367416381836 72.72734832763672 49.0908203125 76.3636703491211 49.0908203125 Z M202.7273406982422 150.9091796875 L75.4544906616211 150.9091796875 C72.27265930175781 150.9091796875 70.0 153.63632202148438 70.0 156.8181610107422 L70.0 194.0908203125 C70.0 197.2726593017578 72.72734832763672 200.0 76.3636703491211 200.0 L203.1818389892578 200.0 C205.9091796875 200.0 208.63632202148438 198.18182373046875 208.63632202148438 195.0 L208.63632202148438 157.2726593017578 C209.0908203125 154.0908203125 206.36367797851562 151.36367797851562 202.7273406982422 150.9091796875 Z""></path></svg>"
6bc68236fcd5a5301ae4c596734549c9,"<svg xmlns=""http://www.w3.org/2000/svg"" viewBox=""0.0 0.0 200.0 200.0"" height=""200.0px"" width=""200.0px""><path fill=""#CCCCCC"" fill-opacity=""1.0""  filling=""0"" d=""M12.5 100.0 A87.5 87.5 0.0 1 0 187.5 100.0 A87.5 87.5 0.0 1 0 12.5 100.0 Z""></path>
<path fill=""#FFFFFF"" fill-opacity=""1.0""  filling=""0"" d=""M139.83700561523438 55.3380012512207 L157.5 73.01200103759766 L86.66200256347656 143.85000610351562 L42.5 99.66200256347656 L60.17499923706055 81.98799896240234 L86.67500305175781 108.48799896240234 L139.85000610351562 55.3380012512207 L139.83700561523438 55.3380012512207 Z""></path></svg>"
b3dcd64a4e0748e091af2990909be3aa,"<svg xmlns=""http://www.w3.org/2000/svg"" viewBox=""0.0 0.0 200.0 200.0"" height=""200.0px"" width=""200.0px""><path fill=""#999999"" fill-opacity=""1.0""  filling=""0"" d=""M175.791015625 50.611328125 C164.083984375 33.0078125 164.083984375 33.0078125 143.919921875 22.75390625 C123.755859375 12.5 123.755859375 12.5 100.0 12.5 C76.244140625 12.5 76.244140625 12.5 56.080078125 22.75390625 C35.916015625 33.0078125 35.916015625 33.0078125 24.21875 50.611328125 C12.5 68.216796875 12.5 68.216796875 12.5 89.0625 C12.5 106.8359375 12.5 106.8359375 21.298828125 122.4609375 C30.09765625 138.0859375 30.09765625 138.0859375 45.3125 148.705078125 L45.3125 187.5 L83.59375 164.2578125 A101.64257049560547 101.64257049560547 0.0 0 0 100.0 165.625 C123.7578125 165.625 123.7578125 165.625 143.919921875 155.37109375 C164.08203125 145.1171875 164.08203125 145.1171875 175.791015625 127.513671875 C187.5 109.908203125 187.5 109.908203125 187.5 89.0625 C187.5 68.216796875 187.5 68.216796875 175.791015625 50.611328125 Z M150.767578125 132.955078125 C129.744140625 150.9765625 129.744140625 150.9765625 99.912109375 150.986328125 A81.1484375 81.1484375 0.0 0 1 82.5859375 149.0625 L58.3671875 163.6484375 L58.689453125 139.76953125 C44.570316314697266 131.279296875 44.570316314697266 131.279296875 36.310546875 118.056640625 C28.05078125 104.833984375 28.05078125 104.833984375 28.037109375 89.453125 C28.037109375 72.783203125 28.037109375 72.783203125 37.662113189697266 58.59375 C47.287105560302734 44.404296875 47.287105560302734 44.404296875 63.814456939697266 36.15625 C80.33984375 27.90625 80.33984375 27.90625 99.912109375 27.90625 C129.75390625 27.90625 129.75390625 27.90625 150.767578125 45.937503814697266 C171.78125 63.968746185302734 171.78125 63.968746185302734 171.787109375 89.453125 C171.791015625 114.92188262939453 171.791015625 114.92188262939453 150.767578125 132.955078125 Z""></path>
<path fill=""#999999"" fill-opacity=""1.0""  filling=""0"" d=""M143.71484375 78.09375 C139.26953125 78.09375 139.26953125 78.09375 136.02734375 81.341796875 C132.78515625 84.58984375 132.78515625 84.58984375 132.77734375 89.03125 C132.77734375 93.47265625 132.77734375 93.47265625 136.02734375 96.720703125 C139.27734375 99.96875 139.27734375 99.96875 143.71484375 99.96875 C148.150390625 99.96875 148.150390625 99.96875 151.404296875 96.720703125 C154.658203125 93.47265625 154.658203125 93.47265625 154.65234375 89.03125 C154.65234375 84.59375 154.65234375 84.59375 151.404296875 81.341796875 C148.15625 78.08984375 148.15625 78.08984375 143.71484375 78.09375 Z M56.28515625 78.09375 C51.837890625 78.09375 51.837890625 78.09375 48.593746185302734 81.341796875 C45.349609375 84.58984375 45.349609375 84.58984375 45.34765625 89.03125 C45.34765625 93.47265625 45.34765625 93.47265625 48.593746185302734 96.720703125 C51.839847564697266 99.96875 51.839847564697266 99.96875 56.28515625 99.96875 C60.716796875 99.96875 60.716796875 99.96875 63.97265625 96.720703125 C67.228515625 93.47265625 67.228515625 93.47265625 67.22265625 89.03125 C67.22265625 84.59375 67.22265625 84.59375 63.97265625 81.341796875 C60.72265625 78.08984375 60.72265625 78.08984375 56.28515625 78.09375 Z M100.0 78.09375 C95.556640625 78.09375 95.556640625 78.09375 92.310546875 81.341796875 C89.064453125 84.58984375 89.064453125 84.58984375 89.0625 89.03125 C89.0625 93.47265625 89.0625 93.47265625 92.310546875 96.720703125 C95.55859375 99.96875 95.55859375 99.96875 100.0 99.96875 C104.43555450439453 99.96875 104.43555450439453 99.96875 107.689453125 96.720703125 C110.94336700439453 93.47265625 110.94336700439453 93.47265625 110.9375 89.03125 C110.9375 84.59375 110.9375 84.59375 107.689453125 81.341796875 C104.44140625 78.08984375 104.44140625 78.08984375 100.0 78.09375 Z""></path></svg>"
thesantatitan_deepseek-svg-dataset_0000533,"<svg width=""100"" height=""100"" viewBox=""0 0 100 100"" xmlns=""http://www.w3.org/2000/svg"">
  <rect width=""100"" height=""100"" fill=""#000000""/>
  <defs>
    <linearGradient id=""petalGradient"" x1=""0%"" y1=""0%"" x2=""100%"" y2=""100%"">
      <stop offset=""0%"" style=""stop-color:#FFFFFF;stop-opacity:1""/>
      <stop offset=""100%"" style=""stop-color:#FF0000;stop-opacity:1""/>
    </linearGradient>
  </defs>
  <path d=""M50,50m-18,0a18,18 0 1,1 36,0a18,18 0 1,1-36,0"" fill=""url(#petalGradient)""/>
  <path d=""M50,50m-25,0a25,25 0 1,1 50,0a25,25 0 1,1-50,0"" fill=""url(#petalGradient)""/>
  <circle cx=""50"" cy=""50"" r=""18"" fill=""#FF0000""/>
  <path d=""M50,50m-28,0a28,28 0 1,1 56,0a28,28 0 1,1-56,0"" fill=""url(#petalGradient)""/>
</svg>"
3ac2c9ed08f0f1b85f95bfba0e84da08,"<svg xmlns=""http://www.w3.org/2000/svg"" viewBox=""0.0 0.0 200.0 200.0"" height=""200.0px"" width=""200.0px""><path fill=""#FF0000"" fill-opacity=""1.0""  filling=""0"" d=""M176.42599487304688 34.88299560546875 L121.7770004272461 34.88299560546875 C121.7770004272461 34.68800354003906 121.83599853515625 34.53099822998047 121.83599853515625 34.33599853515625 C121.83599853515625 22.285003662109375 112.0510025024414 12.5 100.0 12.5 C87.9489974975586 12.5 78.16400146484375 22.285003662109375 78.16400146484375 34.33599853515625 L78.16400146484375 34.88299560546875 L23.573997497558594 34.88299560546875 C17.53900146484375 34.88299560546875 12.655998229980469 39.76599884033203 12.655998229980469 45.80099868774414 C12.655998229980469 51.83599853515625 17.53900146484375 56.71900177001953 23.573997497558594 56.71900177001953 L176.42599487304688 56.71900177001953 C182.46099853515625 56.71900177001953 187.343994140625 51.83599853515625 187.343994140625 45.80099868774414 C187.343994140625 39.76599884033203 182.46099853515625 34.88299560546875 176.42599487304688 34.88299560546875 Z M150.85899353027344 65.21499633789062 L49.14099884033203 65.21499633789062 C32.637001037597656 65.21499633789062 20.448997497558594 80.0199966430664 24.25799560546875 95.43000030517578 L42.65599822998047 169.80499267578125 C45.19499969482422 180.03900146484375 57.832000732421875 187.5 72.5979995727539 187.5 L127.38300323486328 187.5 C142.16799926757812 187.5 154.80499267578125 180.03900146484375 157.32400512695312 169.80499267578125 L175.72300720214844 95.43000030517578 C179.55099487304688 80.0199966430664 167.36300659179688 65.21499633789062 150.85899353027344 65.21499633789062 Z M80.97699737548828 157.53900146484375 C80.43000030517578 157.656005859375 79.86299896240234 157.71499633789062 79.31600189208984 157.71499633789062 C75.50800323486328 157.71499633789062 72.10900115966797 155.0590057373047 71.30899810791016 151.1719970703125 L61.172000885009766 102.03099822998047 C60.25400161743164 97.5979995727539 63.10499954223633 93.28099822998047 67.53900146484375 92.36299896240234 C71.91400146484375 91.40599822998047 76.28900146484375 94.2969970703125 77.20700073242188 98.7300033569336 L87.34400177001953 147.87100219726562 C88.26200103759766 152.30499267578125 85.41000366210938 156.64100646972656 80.97699737548828 157.53900146484375 Z M138.8280029296875 102.0510025024414 L128.6909942626953 151.1719970703125 C127.89099884033203 155.03900146484375 124.49199676513672 157.71499633789062 120.68399810791016 157.71499633789062 C120.13700103759766 157.71499633789062 119.56999969482422 157.656005859375 119.02300262451172 157.53900146484375 C114.58999633789062 156.62100219726562 111.73799896240234 152.28500366210938 112.65599822998047 147.87100219726562 L122.79299926757812 98.7300033569336 C123.71099853515625 94.2969970703125 128.0469970703125 91.4260025024414 132.46099853515625 92.36299896240234 C136.89500427246094 93.28099822998047 139.74600219726562 97.61699676513672 138.8280029296875 102.0510025024414 Z""></path></svg>"
a0df842d-d482-4917-94f0-25b885c1c3ec,"<svg xmlns=""http://www.w3.org/2000/svg"" viewBox=""0.0 0.0 200.0 200.0"" height=""200.0px"" width=""200.0px""><path fill=""#FFFFFF"" fill-opacity=""1.0""  filling=""0"" d=""M100.0 175.6840057373047 C58.268001556396484 175.6840057373047 24.316001892089844 141.73199462890625 24.316001892089844 100.0 C24.316001892089844 58.268001556396484 58.268001556396484 24.316001892089844 100.0 24.316001892089844 C141.73199462890625 24.316001892089844 175.6840057373047 58.268001556396484 175.6840057373047 100.0 C175.6840057373047 141.73199462890625 141.73199462890625 175.6840057373047 100.0 175.6840057373047 Z""></path>
<path fill=""#707070"" fill-opacity=""1.0""  filling=""0"" d=""M100.0 26.75799560546875 C59.61399841308594 26.75799560546875 26.75799560546875 59.61399841308594 26.75799560546875 100.0 C26.75799560546875 140.38600158691406 59.61399841308594 173.24200439453125 100.0 173.24200439453125 C140.38600158691406 173.24200439453125 173.24200439453125 140.38600158691406 173.24200439453125 100.0 C173.24200439453125 59.61399841308594 140.38600158691406 26.75799560546875 100.0 26.75799560546875 M100.0 21.875 C143.14700317382812 21.875 178.125 56.85300064086914 178.125 100.0 C178.125 143.14700317382812 143.14700317382812 178.125 100.0 178.125 C56.85300064086914 178.125 21.875 143.14700317382812 21.875 100.0 C21.875 56.85300064086914 56.85300064086914 21.875 100.0 21.875 Z""></path>
<path fill=""#707070"" fill-opacity=""1.0""  filling=""0"" d=""M128.052001953125 122.11799621582031 A11.20300006866455 11.20300006866455 0.0 0 0 125.43699645996094 114.83999633789062 C123.61699676513672 112.90599822998047 121.34300231933594 111.08699798583984 118.61299896240234 109.26799774169922 C115.65699768066406 107.56199645996094 112.58599853515625 105.85600280761719 109.28800201416016 104.26399993896484 C105.87699890136719 102.6719970703125 102.69300079345703 100.96600341796875 99.62200164794922 99.14700317382812 C97.8030014038086 98.01000213623047 95.98300170898438 96.87200164794922 94.39099884033203 95.50800323486328 A21.607999801635742 21.607999801635742 0.0 0 1 90.18399810791016 91.18800354003906 A17.958999633789062 17.958999633789062 0.0 0 1 87.34100341796875 85.95600128173828 C86.54499816894531 84.13700103759766 86.2040023803711 81.97599792480469 86.2040023803711 79.58799743652344 A10.48799991607666 10.48799991607666 0.0 0 1 87.0 75.49400329589844 A9.36400032043457 9.36400032043457 0.0 0 1 89.61499786376953 71.62699890136719 C90.75299835205078 70.48999786376953 92.34500122070312 69.58000183105469 94.27799987792969 68.89800262451172 C96.09700012207031 68.21499633789062 98.37200164794922 67.76100158691406 101.10099792480469 67.76100158691406 C102.23799896240234 67.76100158691406 103.3759994506836 67.8740005493164 104.6259994506836 67.98799896240234 C105.8759994506836 68.21499633789062 107.12799835205078 68.66999816894531 108.49400329589844 69.125 C109.63099670410156 69.58000183105469 110.76799774169922 70.26200103759766 111.90499877929688 70.94499969482422 C112.92900085449219 71.85399627685547 113.83899688720703 72.76399993896484 114.52100372314453 73.9010009765625 C114.97599792480469 74.81099700927734 115.43000030517578 75.83499908447266 115.88500213623047 76.85800170898438 C116.11299896240234 77.31300354003906 116.22699737548828 77.76799774169922 116.4540023803711 78.22200012207031 A6.955999851226807 6.955999851226807 0.0 0 0 117.02200317382812 79.58699798583984 A4.182000160217285 4.182000160217285 0.0 0 0 118.61399841308594 81.63400268554688 C119.2969970703125 82.08899688720703 120.31999969482422 82.31600189208984 121.91200256347656 82.31600189208984 C123.04900360107422 82.31600189208984 123.95899963378906 81.86100006103516 124.86900329589844 80.9520034790039 A4.489999771118164 4.489999771118164 0.0 0 0 126.23400115966797 77.76799774169922 C126.23400115966797 76.40299987792969 125.66500091552734 74.81099700927734 124.75499725341797 73.21900177001953 A30.886999130249023 30.886999130249023 0.0 0 0 121.2300033569336 68.89800262451172 A45.5369987487793 45.5369987487793 0.0 0 0 116.68099975585938 65.25900268554688 A45.40399932861328 45.40399932861328 0.0 0 0 112.24600219726562 62.87099838256836 A40.073001861572266 40.073001861572266 0.0 0 0 107.12899780273438 61.391998291015625 C105.19499969482422 61.165000915527344 103.48999786376953 60.9379997253418 101.89800262451172 60.9379997253418 A49.97999954223633 49.97999954223633 0.0 0 0 91.43599700927734 62.07500076293945 C88.25199890136719 62.87099838256836 85.40899658203125 64.12100219726562 83.13500213623047 65.71399688720703 A18.680999755859375 18.680999755859375 0.0 0 0 77.56300354003906 72.08200073242188 C76.197998046875 74.81099700927734 75.62899780273438 77.88200378417969 75.62899780273438 81.52100372314453 C75.62899780273438 84.36399841308594 76.08399963378906 86.86499786376953 77.22100067138672 89.13999938964844 A20.04800033569336 20.04800033569336 0.0 0 0 81.427001953125 95.50800323486328 A35.47800064086914 35.47800064086914 0.0 0 0 87.68199920654297 100.73799896240234 A67.46399688720703 67.46399688720703 0.0 0 0 95.0739974975586 105.28700256347656 C97.8030014038086 106.87899780273438 100.64600372314453 108.24400329589844 103.48899841308594 109.60800170898438 C106.21800231933594 110.9729995727539 108.60600280761719 112.33799743652344 110.88099670410156 113.7020034790039 A31.8439998626709 31.8439998626709 0.0 0 1 116.4530029296875 118.13700103759766 C117.81800079345703 119.72899627685547 118.61399841308594 121.54900360107422 118.61399841308594 123.48200225830078 C118.61399841308594 125.87000274658203 118.61399841308594 125.87000274658203 116.22599792480469 127.57599639892578 C114.63400268554688 128.71299743652344 112.81400299072266 129.50999450683594 110.76699829101562 130.19200134277344 C108.60600280761719 130.87399291992188 106.44599914550781 131.44200134277344 104.1709976196289 131.6699981689453 A37.25199890136719 37.25199890136719 0.0 0 1 98.71299743652344 132.125 C96.32499694824219 132.125 94.16400146484375 131.89700317382812 92.34500122070312 131.21499633789062 C90.41100311279297 130.75999450683594 88.93299865722656 130.0780029296875 88.02300262451172 129.39599609375 A17.959999084472656 17.959999084472656 0.0 0 1 86.2040023803711 127.80400085449219 A11.880999565124512 11.880999565124512 0.0 0 1 83.81500244140625 125.41600036621094 A13.675000190734863 13.675000190734863 0.0 0 1 81.65499877929688 123.02799987792969 L80.177001953125 121.09500122070312 A11.180999755859375 11.180999755859375 0.0 0 1 78.47100067138672 119.7300033569336 C77.78800201416016 119.38899993896484 77.22100067138672 119.16100311279297 76.53700256347656 119.16100311279297 A5.251999855041504 5.251999855041504 0.0 0 0 73.23999786376953 120.29900360107422 C72.33000183105469 121.20899963378906 71.875 122.11799621582031 71.875 123.14199829101562 C71.875 124.8479995727539 72.55699920654297 126.66699981689453 73.9219970703125 128.48699951171875 C75.28700256347656 130.30599975585938 77.22000122070312 132.01199340820312 79.60800170898438 133.60400390625 A33.92100143432617 33.92100143432617 0.0 0 0 88.02300262451172 137.58399963378906 C91.09400177001953 138.60699462890625 94.39099884033203 139.06199645996094 98.02999877929688 139.06199645996094 A81.63300323486328 81.63300323486328 0.0 0 0 108.26499938964844 138.49400329589844 C111.6760025024414 138.03900146484375 114.9739990234375 137.24400329589844 117.93099975585938 135.99200439453125 C120.88700103759766 134.85499572753906 123.2760009765625 133.26300048828125 125.20899963378906 130.98800659179688 C127.02899932861328 128.71400451660156 128.052001953125 125.75800323486328 128.052001953125 122.11799621582031 Z""></path></svg>"
9a9563a6-a25f-4d01-8bc7-8da0cf5f5e45,"<svg fill=""none"" height=""128"" viewBox=""0 0 24 24"" width=""128"" xmlns=""http://www.w3.org/2000/svg""><path d=""m3 12c0 4.97 4.03 9 9 9 2.49 0 4.74-1.01 6.36-2.64m-15.36-6.36c0-4.97 4.03-9 9-9m-9 9h9m0-9c4.97 0 9 4.03 9 9 0 2.49-1.01 4.74-2.64 6.36m-6.36-15.36v9m6.36 6.36-6.36-6.36"" stroke=""#000000"" stroke-linecap=""round"" stroke-linejoin=""round"" stroke-width=""1.5""/></svg>"
b17139fd16d7ace872ea8110329ecf21,"<svg xmlns=""http://www.w3.org/2000/svg"" viewBox=""0.0 0.0 200.0 200.0"" height=""200.0px"" width=""200.0px""><path fill=""#005CFF"" fill-opacity=""1.0""  filling=""0"" d=""M80.0 120.0 C76.0 120.0 73.33340454101562 117.33340454101562 73.33340454101562 113.33340454101562 C73.33340454101562 109.3333969116211 76.0 106.6666030883789 80.0 106.6666030883789 L120.0 106.6666030883789 C124.0 106.6666030883789 126.6666030883789 109.3333969116211 126.6666030883789 113.33340454101562 C126.6666030883789 117.33340454101562 124.0 120.0 120.0 120.0 L80.0 120.0 Z""></path>
<path fill=""#2D3545"" fill-opacity=""1.0""  filling=""0"" d=""M146.66659545898438 100.0 C146.66659545898438 96.0 149.33338928222656 93.3333969116211 153.33340454101562 93.3333969116211 C157.33340454101562 93.3333969116211 160.0 96.0 160.0 100.0 L160.0 153.33340454101562 C160.0 164.66659545898438 151.33340454101562 173.33340454101562 140.0 173.33340454101562 L60.000003814697266 173.33340454101562 C48.666603088378906 173.33340454101562 39.999996185302734 164.66659545898438 39.999996185302734 153.33340454101562 L39.999996185302734 46.66659927368164 C39.999996185302734 35.333396911621094 48.666603088378906 26.666603088378906 60.000003814697266 26.666603088378906 L116.6666030883789 26.666603088378906 C120.66659545898438 26.666603088378906 124.66661071777344 28.666603088378906 126.6666030883789 31.333396911621094 L158.0 68.6666030883789 C160.66659545898438 71.3333969116211 160.0 76.0 157.33340454101562 78.0 C154.66659545898438 80.6666030883789 150.0 80.0 148.0 77.3333969116211 L116.6666030883789 39.999996185302734 L60.000003814697266 39.999996185302734 C56.0 39.999996185302734 53.333396911621094 42.666603088378906 53.333396911621094 46.66659927368164 L53.333396911621094 153.33340454101562 C53.333396911621094 157.33340454101562 56.0 160.0 60.000003814697266 160.0 L140.0 160.0 C144.0 160.0 146.66659545898438 157.33340454101562 146.66659545898438 153.33340454101562 L146.66659545898438 100.0 Z""></path>
<path fill=""#2D3545"" fill-opacity=""1.0""  filling=""0"" d=""M113.33340454101562 26.666603088378906 C120.66659545898438 26.666603088378906 126.6666030883789 32.666603088378906 126.6666030883789 39.999996185302734 L126.6666030883789 66.6666030883789 L153.33340454101562 66.6666030883789 L153.33340454101562 80.0 L126.6666030883789 80.0 C119.3333969116211 80.0 113.33340454101562 74.0 113.33340454101562 66.6666030883789 L113.33340454101562 26.666603088378906 Z""></path></svg>"
0de7149e99b56fde10e47d1c29a032ba,"<svg xmlns=""http://www.w3.org/2000/svg"" viewBox=""0.0 0.0 200.0 200.0"" height=""200.0px"" width=""200.0px""><path fill=""currentColor"" fill-opacity=""1.0""  filling=""0"" d=""M110.50800323486328 131.83599853515625 L97.30500030517578 131.83599853515625 L94.84400177001953 65.89800262451172 L112.96900177001953 65.89800262451172 L110.50800323486328 131.83599853515625 Z M112.14800262451172 158.16400146484375 L95.66400146484375 158.16400146484375 L95.66400146484375 141.67999267578125 L112.14800262451172 141.67999267578125 L112.14800262451172 158.16400146484375 Z M193.55499267578125 173.125 L106.83599853515625 11.9530029296875 C106.68000030517578 11.680000305175781 106.52300262451172 11.444999694824219 106.3280029296875 11.25 C106.13300323486328 11.015998840332031 105.89800262451172 10.859001159667969 105.625 10.7030029296875 C105.35199737548828 10.5469970703125 105.11699676513672 10.430000305175781 104.80500030517578 10.351997375488281 C104.49199676513672 10.273002624511719 104.21900177001953 10.234001159667969 103.94499969482422 10.234001159667969 C103.6719970703125 10.234001159667969 103.35900115966797 10.273002624511719 103.08599853515625 10.351997375488281 C102.81300354003906 10.430000305175781 102.53900146484375 10.5469970703125 102.26599884033203 10.7030029296875 C101.99199676513672 10.859001159667969 101.7969970703125 11.055000305175781 101.56199645996094 11.25 C101.36699676513672 11.484001159667969 101.1719970703125 11.719001770019531 101.05500030517578 11.9530029296875 L14.258003234863281 173.125 C14.180000305175781 173.24200439453125 14.140998840332031 173.35899353027344 14.061996459960938 173.51600646972656 C14.023002624511719 173.63299560546875 13.984001159667969 173.78900146484375 13.944999694824219 173.906005859375 C13.905998229980469 174.06199645996094 13.905998229980469 174.17999267578125 13.866996765136719 174.33599853515625 C13.866996765136719 174.49200439453125 13.8280029296875 174.60899353027344 13.866996765136719 174.76600646972656 C13.866996765136719 174.9219970703125 13.866996765136719 175.03900146484375 13.905998229980469 175.19500732421875 C13.944999694824219 175.3520050048828 13.944999694824219 175.468994140625 13.984001159667969 175.625 C14.023002624511719 175.74200439453125 14.061996459960938 175.8979949951172 14.140998840332031 176.01600646972656 C14.180000305175781 176.13299560546875 14.258003234863281 176.28900146484375 14.33599853515625 176.406005859375 L14.569999694824219 176.75799560546875 C14.648002624511719 176.875 14.765998840332031 176.99200439453125 14.844001770019531 177.07000732421875 C14.96099853515625 177.18800354003906 15.03900146484375 177.26600646972656 15.155998229980469 177.343994140625 L15.508003234863281 177.5780029296875 C15.625 177.656005859375 15.741996765136719 177.69500732421875 15.898002624511719 177.7729949951172 C16.01599884033203 177.81199645996094 16.1719970703125 177.89100646972656 16.28900146484375 177.89100646972656 C16.44499969482422 177.92999267578125 16.561996459960938 177.968994140625 16.71900177001953 177.968994140625 C16.875 177.968994140625 16.99200439453125 178.00799560546875 17.14800262451172 178.00799560546875 L190.7030029296875 178.00799560546875 C190.85899353027344 178.00799560546875 190.9770050048828 178.00799560546875 191.13299560546875 177.968994140625 C191.28900146484375 177.968994140625 191.406005859375 177.92999267578125 191.56199645996094 177.89100646972656 C191.67999267578125 177.8520050048828 191.83599853515625 177.81199645996094 191.9530029296875 177.7729949951172 C192.07000732421875 177.73399353027344 192.2270050048828 177.656005859375 192.343994140625 177.5780029296875 L192.69500732421875 177.343994140625 C192.81199645996094 177.26600646972656 192.92999267578125 177.1479949951172 193.00799560546875 177.07000732421875 C193.125 176.9530029296875 193.2030029296875 176.875 193.281005859375 176.75799560546875 L193.51600646972656 176.406005859375 C193.593994140625 176.28900146484375 193.63299560546875 176.1719970703125 193.71099853515625 176.01600646972656 C193.75 175.8979949951172 193.8280029296875 175.74200439453125 193.86700439453125 175.625 C193.906005859375 175.50799560546875 193.94500732421875 175.3520050048828 193.94500732421875 175.19500732421875 C193.98399353027344 175.03900146484375 193.98399353027344 174.9219970703125 193.98399353027344 174.76600646972656 L193.98399353027344 174.33599853515625 C193.98399353027344 174.17999267578125 193.94500732421875 174.06199645996094 193.906005859375 173.906005859375 C193.86700439453125 173.75 193.8280029296875 173.63299560546875 193.78900146484375 173.51600646972656 C193.71099853515625 173.35899353027344 193.63299560546875 173.24200439453125 193.55499267578125 173.125 Z""></path></svg>"
84225196-e3a2-4789-873c-6009be8dd608,"<svg height=""128"" viewBox=""0 0 512 512"" width=""128"" xmlns=""http://www.w3.org/2000/svg""><path d=""m464.08 171.38h-118.32v-171.38h-179.53v171.38h-118.33l208.08 252.47z""/><path d=""m23.57 439.87h464.85v72.13h-464.85z""/></svg>"
d966537c-46ae-4e34-8347-b0b273743187,"<svg height=""128"" viewBox=""0 0 17 17"" width=""128"" xmlns=""http://www.w3.org/2000/svg""><path d=""m0 7h7v-7h-7zm1-6h5v5h-5zm9-1v7h7v-7zm6 6h-5v-5h5zm-16 11h7v-7h-7zm1-6h5v5h-5zm9 6h7v-7h-7zm1-6h5v5h-5z""/></svg>"
5a17ad6464e07133da8992dd3c52488b,"<svg xmlns=""http://www.w3.org/2000/svg"" viewBox=""0.0 0.0 200.0 200.0"" height=""200.0px"" width=""200.0px""><path fill=""#1E88E5"" fill-opacity=""1.0""  filling=""0"" d=""M192.41659545898438 38.388282775878906 C192.41659545898438 38.388282775878906 163.26837158203125 55.44999694824219 162.556640625 55.68671798706055 C161.8449249267578 56.15996170043945 161.13671875 56.636722564697266 160.66171264648438 57.109962463378906 C158.29159545898438 59.47831726074219 157.58163452148438 62.79336166381836 158.29159545898438 65.87675476074219 C158.7666015625 67.29667663574219 159.4767608642578 68.9583969116211 160.66171264648438 70.14335632324219 C161.8466796875 71.32675170898438 163.26837158203125 72.03828430175781 164.9267578125 72.5132827758789 C168.0066375732422 73.2232437133789 171.32675170898438 72.5132827758789 173.69668579101562 70.14335632324219 C174.40664672851562 69.431640625 174.87832641601562 68.7216796875 175.1150360107422 68.00996398925781 L175.35333251953125 67.2982406616211 L179.6199188232422 59.47831726074219 L192.41659545898438 38.388282775878906 Z M127.24667358398438 53.79159927368164 C81.51171875 53.79159927368164 73.9300765991211 75.59159851074219 73.9300765991211 102.6083984375 C73.9300765991211 109.00508117675781 74.87832641601562 115.8783187866211 70.61328125 122.51171875 C64.21328735351562 132.4650421142578 55.684959411621094 132.22500610351562 53.55331802368164 132.22500610351562 C50.7099609375 132.22500610351562 40.28340148925781 130.56991577148438 39.809959411621094 127.49004364013672 L41.46660614013672 127.49004364013672 C52.60332107543945 127.49004364013672 60.89667510986328 118.4833984375 60.89667510986328 106.39823913574219 L60.89667510986328 102.13163757324219 L51.419918060302734 102.13163757324219 C44.54824447631836 102.13163757324219 38.386714935302734 105.21328735351562 34.35664367675781 110.6650390625 C30.328323364257812 105.21328735351562 24.168357849121094 102.13163757324219 17.296676635742188 102.13163757324219 L7.580078125 102.13163757324219 L7.580078125 106.39823913574219 C7.580078125 118.24824523925781 17.059959411621094 127.72323608398438 28.90839385986328 127.72323608398438 L31.98828125 127.72323608398438 C31.98828125 134.5966796875 41.46660614013672 161.60995483398438 111.3716812133789 161.60995483398438 C138.625 161.60995483398438 179.1466827392578 156.87167358398438 179.1466827392578 105.4482421875 C179.1466827392578 95.7333984375 176.0666046142578 86.73164367675781 171.32830810546875 79.14824676513672 C169.66836547851562 79.6216812133789 168.00839233398438 80.09492492675781 166.11172485351562 80.09492492675781 A14.86660099029541 14.86660099029541 0.0 0 1 151.18496704101562 65.1666030883789 C151.18496704101562 63.50839614868164 151.419921875 61.84823989868164 151.8933563232422 60.190040588378906 C144.7849578857422 55.68671798706055 137.6767578125 53.793357849121094 127.24823760986328 53.793357849121094 L127.24667358398438 53.79159927368164 Z""></path></svg>"
9255034c-9ca4-49a3-969f-aa56573be0b2,"<svg height=""128"" viewBox=""0 0 64 64"" width=""128"" xmlns=""http://www.w3.org/2000/svg""><g fill=""none"" fill-rule=""evenodd""><path d=""m23 4c-6.63 0-11 7.61-11 17s4.37 39 11 39c3.87 0 4.31-24.59 9.5-24.61 6.19.02 5.63 24.61 9.5 24.61 6.63 0 11-29.61 11-39s-4.37-17-11-17c-3.17 0-6.33 3-9.5 3s-6.33-3-9.5-3z"" fill=""#d8d8d8""/><circle cx=""23"" cy=""17"" fill=""#bd7575"" r=""5""/><g stroke=""#bd7575"" stroke-linecap=""round"" stroke-width=""2""><path d=""m23.59 13.02 1.79-4.72-1.26-2.02""/><path d=""m23.75 13.2 8.07 5.3 1.44 3.68""/><path d=""m31.79 18.54 4.62-1.37""/><path d=""m22.63 18.81-3.61 5.93 4.41 4.18""/><path d=""m19.53 17.23-4.38-1.89-1.35 2.43""/><path d=""m24.05 19.66 2.93 6.64 9.97 2.13""/></g></g></svg>"
22d04b3be8c872703266802c919a57b2,"<svg fill=""none"" height=""128"" viewBox=""0 0 24 24"" width=""128"" xmlns=""http://www.w3.org/2000/svg""><path clip-rule=""evenodd"" d=""m7 2c-2.76 0-5 2.24-5 5v10c0 2.76 2.24 5 5 5h10c2.76 0 5-2.24 5-5v-10c0-2.76-2.24-5-5-5zm1.29 6.29c.39-.39 1.03-.39 1.42 0l2.29 2.3 2.29-2.3c.39-.39 1.03-.39 1.42 0s.39 1.03 0 1.42l-2.3 2.29 2.3 2.29c.39.39.39 1.03 0 1.42s-1.03.39-1.42 0l-2.29-2.3-2.29 2.3c-.39.39-1.03.39-1.42 0s-.39-1.03 0-1.42l2.3-2.29-2.3-2.29c-.39-.39-.39-1.03 0-1.42z"" fill=""#000000"" fill-rule=""evenodd""/></svg>"
566f44c1afbe084f8665c31b1396728d,"<svg xmlns=""http://www.w3.org/2000/svg"" viewBox=""0.0 0.0 200.0 200.0"" height=""200.0px"" width=""200.0px""><path fill=""#020202"" fill-opacity=""1.0""  filling=""0"" d=""M162.5 87.5 L112.5 87.5 L112.5 37.5 C112.5 30.587501525878906 106.91250610351562 25.0 100.0 25.0 C93.0875015258789 25.0 87.5 30.587501525878906 87.5 37.5 L87.5 87.5 L37.5 87.5 C30.587501525878906 87.5 25.0 93.0875015258789 25.0 100.0 C25.0 106.91250610351562 30.587501525878906 112.5 37.5 112.5 L87.5 112.5 L87.5 162.5 C87.5 169.41250610351562 93.0875015258789 175.0 100.0 175.0 C106.91250610351562 175.0 112.5 169.41250610351562 112.5 162.5 L112.5 112.5 L162.5 112.5 C169.41250610351562 112.5 175.0 106.91250610351562 175.0 100.0 C175.0 93.0875015258789 169.41250610351562 87.5 162.5 87.5 Z""></path></svg>"
1ffcf29fc54313c8b4e75e9072b651c8,"<svg xmlns=""http://www.w3.org/2000/svg"" viewBox=""0.0 0.0 200.0 200.0"" height=""200.0px"" width=""200.0px""><path fill=""currentColor"" fill-opacity=""1.0""  filling=""0"" d=""M190.17100524902344 6.739997863769531 L9.6719970703125 6.739997863769531 C4.3300018310546875 6.739997863769531 0.0 11.21600341796875 0.0 16.73200225830078 L0.0 139.968994140625 C0.0 145.48500061035156 7.9810028076171875 153.29200744628906 13.322998046875 153.29200744628906 L79.93800354003906 153.29200744628906 L79.93800354003906 179.93800354003906 L53.29199981689453 193.25999450683594 L58.020999908447266 193.25999450683594 L141.822998046875 193.25999450683594 L146.552001953125 193.25999450683594 L119.90599822998047 179.93800354003906 L119.90599822998047 153.29200744628906 L186.52099609375 153.29200744628906 C191.86300659179688 153.29200744628906 199.843994140625 145.48500061035156 199.843994140625 139.968994140625 L199.843994140625 16.73200225830078 C199.843994140625 11.21600341796875 195.51400756835938 6.739997863769531 190.17100524902344 6.739997863769531 L190.17100524902344 6.739997863769531 L190.17100524902344 6.739997863769531 L190.17100524902344 6.739997863769531 Z M186.52099609375 139.968994140625 L13.322998046875 139.968994140625 L12.897003173828125 20.061996459960938 L186.94700622558594 20.061996459960938 L186.52099609375 139.968994140625 L186.52099609375 139.968994140625 L186.94700622558594 133.3070068359375 L186.52099609375 139.968994140625 Z""></path></svg>"
11b43007370a4744a79048f67b5c90a4,"<svg xmlns=""http://www.w3.org/2000/svg"" viewBox=""0.0 0.0 200.0 200.0"" height=""200.0px"" width=""200.0px""><path fill=""currentColor"" fill-opacity=""1.0""  filling=""0"" d=""M128.65199279785156 174.9409942626953 C127.79299926757812 174.9409942626953 126.93399810791016 174.60899353027344 126.2699966430664 173.96499633789062 L114.25800323486328 161.9340057373047 L102.24600219726562 173.94500732421875 C100.93800354003906 175.25399780273438 98.80899810791016 175.25399780273438 97.4800033569336 173.94500732421875 L85.46900177001953 161.9340057373047 L73.45700073242188 173.94500732421875 C72.14800262451172 175.25399780273438 70.0199966430664 175.25399780273438 68.69100189208984 173.94500732421875 L56.68000030517578 161.9340057373047 L45.058998107910156 173.55499267578125 C44.10200119018555 174.51199340820312 42.637001037597656 174.80499267578125 41.387001037597656 174.27699279785156 C40.137001037597656 173.75 39.316001892089844 172.53900146484375 39.316001892089844 171.1719970703125 L39.316001892089844 35.683998107910156 C39.316001892089844 29.88299560546875 44.042999267578125 25.176002502441406 49.82400131225586 25.176002502441406 L149.9219970703125 25.176002502441406 C155.72300720214844 25.176002502441406 160.42999267578125 29.88299560546875 160.42999267578125 35.683998107910156 L160.42999267578125 171.1909942626953 C160.42999267578125 172.5590057373047 159.60899353027344 173.78900146484375 158.35899353027344 174.2969970703125 C157.10899353027344 174.82400512695312 155.66400146484375 174.531005859375 154.68800354003906 173.57400512695312 L143.0659942626953 161.9530029296875 L131.05499267578125 173.96499633789062 C130.37100219726562 174.60899353027344 129.51199340820312 174.9409942626953 128.65199279785156 174.9409942626953 Z M114.25800323486328 153.8090057373047 C115.11699676513672 153.8090057373047 115.97699737548828 154.14100646972656 116.64099884033203 154.78500366210938 L128.65199279785156 166.7969970703125 L140.66400146484375 154.78500366210938 C141.97300720214844 153.4770050048828 144.1020050048828 153.4770050048828 145.42999267578125 154.78500366210938 L153.6909942626953 163.0469970703125 L153.6909942626953 35.683998107910156 C153.6909942626953 33.59400177001953 151.99200439453125 31.895004272460938 149.90199279785156 31.895004272460938 L49.82400131225586 31.895004272460938 C47.73400115966797 31.895004272460938 46.03499984741211 33.59400177001953 46.03499984741211 35.683998107910156 L46.03499984741211 163.0659942626953 L54.297000885009766 154.80499267578125 C55.60499954223633 153.49600219726562 57.73400115966797 153.49600219726562 59.0620002746582 154.80499267578125 L71.0739974975586 166.8159942626953 L83.08599853515625 154.80499267578125 C84.3949966430664 153.49600219726562 86.52300262451172 153.49600219726562 87.85199737548828 154.80499267578125 L99.86299896240234 166.8159942626953 L111.875 154.80499267578125 C112.53900146484375 154.14100646972656 113.39800262451172 153.8090057373047 114.25800323486328 153.8090057373047 Z""></path>
<path fill=""currentColor"" fill-opacity=""1.0""  filling=""0"" d=""M130.156005859375 65.5469970703125 L69.58999633789062 65.5469970703125 C67.73400115966797 65.5469970703125 66.2300033569336 64.04299926757812 66.2300033569336 62.1879997253418 C66.2300033569336 60.332000732421875 67.73400115966797 58.827999114990234 69.58999633789062 58.827999114990234 L130.156005859375 58.827999114990234 C132.01199340820312 58.827999114990234 133.51600646972656 60.332000732421875 133.51600646972656 62.1879997253418 C133.51600646972656 64.04299926757812 132.01199340820312 65.5469970703125 130.156005859375 65.5469970703125 Z M130.156005859375 92.46099853515625 L69.58999633789062 92.46099853515625 C67.73400115966797 92.46099853515625 66.2300033569336 90.95700073242188 66.2300033569336 89.10199737548828 C66.2300033569336 87.24600219726562 67.73400115966797 85.74199676513672 69.58999633789062 85.74199676513672 L130.156005859375 85.74199676513672 C132.01199340820312 85.74199676513672 133.51600646972656 87.24600219726562 133.51600646972656 89.10199737548828 C133.51600646972656 90.95700073242188 132.01199340820312 92.46099853515625 130.156005859375 92.46099853515625 Z M130.156005859375 119.375 L69.58999633789062 119.375 C67.73400115966797 119.375 66.2300033569336 117.87100219726562 66.2300033569336 116.01599884033203 C66.2300033569336 114.16000366210938 67.73400115966797 112.65599822998047 69.58999633789062 112.65599822998047 L130.156005859375 112.65599822998047 C132.01199340820312 112.65599822998047 133.51600646972656 114.16000366210938 133.51600646972656 116.01599884033203 C133.51600646972656 117.87100219726562 132.01199340820312 119.375 130.156005859375 119.375 Z""></path></svg>"
a18b36b0fa714d7f34575a027d1bc693,"<svg xmlns=""http://www.w3.org/2000/svg"" viewBox=""0.0 0.0 200.0 200.0"" height=""200.0px"" width=""200.0px""><path fill="""" fill-opacity=""1.0""  filling=""0"" d=""M156.89901733398438 100.0 C155.56561279296875 100.0 153.56561279296875 99.3333969116211 152.232421875 98.6666030883789 C152.89901733398438 100.0 153.56561279296875 101.33340454101562 153.56561279296875 103.33340454101562 C153.56561279296875 105.3333969116211 152.89901733398438 106.6666030883789 152.232421875 108.0 C153.56561279296875 107.3333969116211 154.89901733398438 106.6666030883789 156.89901733398438 106.6666030883789 C158.89901733398438 106.6666030883789 160.232421875 107.3333969116211 161.5656280517578 108.0 C160.89901733398438 106.6666030883789 160.232421875 104.6666030883789 160.232421875 103.33340454101562 C160.232421875 102.0 160.89901733398438 100.0 161.5656280517578 98.6666030883789 C160.232421875 99.3333969116211 158.232421875 100.0 156.89901733398438 100.0 Z""></path>
<path fill="""" fill-opacity=""1.0""  filling=""0"" d=""M197.5656280517578 171.33340454101562 L194.232421875 160.0 C190.89901733398438 149.33338928222656 192.232421875 133.33340454101562 196.89901733398438 122.0 C199.5656280517578 114.6666030883789 200.89903259277344 106.6666030883789 199.5656280517578 98.6666030883789 C196.89901733398438 80.6666030883789 182.232421875 65.3333969116211 164.232421875 62.0 C150.89903259277344 59.333396911621094 138.89903259277344 61.33340072631836 128.89901733398438 67.33340454101562 L118.232421875 67.33340454101562 L105.56562042236328 54.666603088378906 C105.56562042236328 54.000003814697266 104.232421875 53.333396911621094 103.56562042236328 53.333396911621094 C104.8990249633789 22.666603088378906 120.23242950439453 6.666603088378906 150.232421875 6.666603088378906 C152.232421875 6.666603088378906 153.56561279296875 5.333396911621094 153.56561279296875 3.3333969116210938 C153.56561279296875 1.3333969116210938 152.232421875 0.0 150.232421875 0.0 C116.8990249633789 0.0 98.232421875 18.666603088378906 96.89901733398438 53.333396911621094 C96.232421875 53.333396911621094 94.8990249633789 54.000003814697266 94.232421875 54.000003814697266 L82.232421875 66.6666030883789 L71.56562042236328 66.6666030883789 C61.56562423706055 60.000003814697266 49.56562423706055 58.0 35.56562805175781 61.33340072631836 C16.899024963378906 65.3333969116211 2.899017333984375 79.33340454101562 0.232421875 96.6666030883789 C-0.4343719482421875 104.0 0.232421875 112.66661071777344 3.5656280517578125 120.0 C8.232421875 131.33340454101562 9.565628051757812 149.33338928222656 6.232421875 160.0 L2.899017333984375 171.33340454101562 C0.8990249633789062 176.66659545898438 0.232421875 182.66659545898438 0.232421875 188.66659545898438 C0.232421875 194.66659545898438 5.5656280517578125 200.0 12.232421875 200.0 L28.899024963378906 200.0 C35.56562805175781 200.0 41.56562042236328 196.66659545898438 44.89902114868164 190.66659545898438 L65.56562805175781 146.66659545898438 L134.232421875 146.66659545898438 L156.232421875 188.66659545898438 C158.89901733398438 196.0 164.89901733398438 200.0 172.232421875 200.0 L188.89901733398438 200.0 C195.5656280517578 200.0 200.23240661621094 194.66659545898438 200.89903259277344 188.66659545898438 C200.23240661621094 182.66659545898438 199.5656280517578 176.66659545898438 197.5656280517578 171.33340454101562 Z M70.232421875 113.33340454101562 L53.56562805175781 113.33340454101562 L53.56562805175781 130.0 C53.56562805175781 132.0 52.232421875 133.33340454101562 50.232421875 133.33340454101562 L36.899024963378906 133.33340454101562 C34.899017333984375 133.33340454101562 33.56562805175781 132.0 33.56562805175781 130.0 L33.56562805175781 113.33340454101562 L16.899024963378906 113.33340454101562 C14.899024963378906 113.33340454101562 13.565620422363281 112.0 13.565620422363281 110.0 L13.565620422363281 96.6666030883789 C13.565620422363281 94.6666030883789 14.899024963378906 93.3333969116211 16.899024963378906 93.3333969116211 L33.56562805175781 93.3333969116211 L33.56562805175781 76.66659545898438 C33.56562805175781 74.6666030883789 34.899017333984375 73.33340454101562 36.899024963378906 73.33340454101562 L50.232421875 73.33340454101562 C52.232421875 73.33340454101562 53.56562805175781 74.6666030883789 53.56562805175781 76.66659545898438 L53.56562805175781 93.3333969116211 L70.232421875 93.3333969116211 C72.232421875 93.3333969116211 73.56562805175781 94.6666030883789 73.56562805175781 96.6666030883789 L73.56562805175781 110.0 C73.56562805175781 112.0 72.232421875 113.33340454101562 70.232421875 113.33340454101562 Z M83.56562042236328 133.33340454101562 L76.89901733398438 133.33340454101562 C74.8990249633789 133.33340454101562 73.56562805175781 132.0 73.56562805175781 130.0 C73.56562805175781 128.0 74.8990249633789 126.6666030883789 76.89901733398438 126.6666030883789 L83.56562042236328 126.6666030883789 C85.56562805175781 126.6666030883789 86.8990249633789 128.0 86.8990249633789 130.0 C86.8990249633789 132.0 85.56562805175781 133.33340454101562 83.56562042236328 133.33340454101562 Z M116.8990249633789 133.33340454101562 L110.232421875 133.33340454101562 C108.23242950439453 133.33340454101562 106.8990249633789 132.0 106.8990249633789 130.0 C106.8990249633789 128.0 108.23242950439453 126.6666030883789 110.232421875 126.6666030883789 L116.8990249633789 126.6666030883789 C118.8990249633789 126.6666030883789 120.23242950439453 128.0 120.23242950439453 130.0 C120.23242950439453 132.0 118.8990249633789 133.33340454101562 116.8990249633789 133.33340454101562 Z M170.232421875 113.33340454101562 C168.89901733398438 113.33340454101562 166.89901733398438 112.66661071777344 165.56561279296875 112.0 C166.232421875 113.33340454101562 166.89901733398438 114.6666030883789 166.89901733398438 116.6666030883789 C166.89901733398438 122.0 162.232421875 126.6666030883789 156.89901733398438 126.6666030883789 C151.5656280517578 126.6666030883789 146.89901733398438 122.0 146.89901733398438 116.6666030883789 C146.89901733398438 115.33340454101562 147.5656280517578 113.33340454101562 148.232421875 112.0 C146.89901733398438 112.66661071777344 144.89901733398438 113.33340454101562 143.5656280517578 113.33340454101562 C138.232421875 113.33340454101562 133.5656280517578 108.66659545898438 133.5656280517578 103.33340454101562 C133.5656280517578 98.0 138.232421875 93.3333969116211 143.5656280517578 93.3333969116211 C144.89901733398438 93.3333969116211 146.89901733398438 94.0 148.232421875 94.6666030883789 C147.5656280517578 93.3333969116211 146.89901733398438 91.33340454101562 146.89901733398438 90.0 C146.89901733398438 84.6666030883789 151.5656280517578 80.0 156.89901733398438 80.0 C162.232421875 80.0 166.89901733398438 84.6666030883789 166.89901733398438 90.0 C166.89901733398438 91.33340454101562 166.232421875 93.3333969116211 165.56561279296875 94.6666030883789 C166.89901733398438 94.0 168.232421875 93.3333969116211 170.232421875 93.3333969116211 C175.5656280517578 93.3333969116211 180.232421875 98.0 180.232421875 103.33340454101562 C180.232421875 108.66659545898438 175.5656280517578 113.33340454101562 170.232421875 113.33340454101562 Z""></path></svg>"
37e8022f-243f-40f8-89f7-c5c056083469,"<svg fill=""none"" height=""128"" viewBox=""0 0 24 24"" width=""128"" xmlns=""http://www.w3.org/2000/svg""><g stroke=""#363853"" stroke-width=""1.5""><path d=""m9.08 20.62c-2.35-.62-4.15-2.52-4.65-4.9l-.09-.46c-.45-2.15-.45-4.37 0-6.52l.09-.46c.5-2.38 2.3-4.28 4.65-4.9 1.92-.51 3.92-.51 5.84 0 2.35.62 4.15 2.52 4.65 4.9l.09.46c.45 2.15.45 4.37 0 6.52l-.09.46c-.5 2.38-2.3 4.28-4.65 4.9-1.92.51-3.92.51-5.84 0z""/><path d=""m12 7v2"" stroke-linecap=""round""/></g></svg>"
thesantatitan_deepseek-svg-dataset_0001179,"<svg width=""200"" height=""200"" viewBox=""0 0 200 200"" xmlns=""http://www.w3.org/2000/svg"">
  <line x1=""0"" y1=""0"" x2=""200"" y2=""200"" stroke=""white"" strokeWidth=""20""/>
  <line x1=""200"" y1=""0"" x2=""0"" y2=""200"" stroke=""white"" strokeWidth=""20""/>
</svg>"
fd8b4b17bf2a56a32144b1e3fd080dc4,"<svg xmlns=""http://www.w3.org/2000/svg"" viewBox=""0.0 0.0 200.0 200.0"" height=""200.0px"" width=""200.0px""><path fill="""" fill-opacity=""1.0""  filling=""0"" d=""M35.883399963378906 88.20840454101562 A6.274999618530273 6.274999618530273 0.0 0 1 44.57500076293945 89.81659698486328 C66.19999694824219 121.20838928222656 105.7083969116211 156.5500030517578 130.8415985107422 166.99160766601562 C141.00839233398438 171.71661376953125 148.5749969482422 172.00839233398438 154.20840454101562 167.96661376953125 C158.60000610351562 165.30841064453125 171.0749969482422 152.91659545898438 170.85000610351562 146.4665985107422 C170.7666015625 145.7165985107422 169.9084014892578 144.2834014892578 168.43341064453125 142.77499389648438 C163.63339233398438 137.8583984375 147.5166015625 125.68340301513672 144.1584014892578 124.4166030883789 C141.49160766601562 123.8499984741211 138.7333984375 125.46659851074219 134.5166015625 128.11659240722656 L132.38339233398438 129.4499969482422 A6.25 6.25 0.0 0 1 125.93339538574219 118.74159240722656 L127.8499984741211 117.55000305175781 C132.5166015625 114.6083984375 138.9665985107422 110.59159851074219 147.0666046142578 112.2750015258789 C153.4499969482422 113.6083984375 173.52499389648438 130.1083984375 177.36660766601562 134.03338623046875 C180.9833984375 137.7333984375 182.9833984375 141.67498779296875 183.32501220703125 145.72500610351562 C183.86659240722656 161.0749969482422 163.3083953857422 177.11660766601562 160.95001220703125 178.47500610351562 C156.4665985107422 181.70001220703125 151.1999969482422 183.33340454101562 145.2834014892578 183.33340454101562 C139.4084014892578 183.33340454101562 132.86659240722656 181.7165985107422 125.80000305175781 178.41659545898438 C98.5833969116211 167.125 57.43339538574219 130.5 34.28340148925781 96.8916015625 A6.25 6.25 0.0 0 1 35.883399963378906 88.20840454101562 Z M52.525001525878906 16.666603088378906 L53.99160385131836 16.691604614257812 C58.291603088378906 17.04999542236328 62.22500228881836 19.050003051757812 65.9166030883789 22.6416015625 C69.8499984741211 26.4833984375 86.375 46.57499694824219 87.69999694824219 52.93339920043945 C89.1166000366211 59.7666015625 86.04999542236328 65.10000610351562 83.80839538574219 69.0083999633789 C81.5999984741211 72.84159851074219 80.8333969116211 74.4833984375 81.59159851074219 76.55839538574219 C87.1666030883789 90.19160461425781 95.78340148925781 101.34160614013672 107.125 109.43340301513672 A6.25 6.25 0.0 0 1 99.8499984741211 119.5999984741211 C86.56660461425781 110.09999084472656 76.5 97.1333999633789 69.91659545898438 81.05000305175781 C67.0250015258789 73.09159851074219 70.45840454101562 67.13339233398438 72.9749984741211 62.77499771118164 C74.8583984375 59.508399963378906 75.8916015625 57.55839920043945 75.4583969116211 55.47500228881836 C74.29159545898438 52.474998474121094 62.099998474121094 36.391605377197266 57.18339538574219 31.599998474121094 C55.666603088378906 30.099998474121094 54.24160385131836 29.2333984375 53.18339920043945 29.149993896484375 C47.21659851074219 29.008399963378906 35.0166015625 40.79999923706055 32.25 45.3916015625 C27.958396911621094 51.291603088378906 28.258392333984375 58.84160232543945 32.866600036621094 68.96659851074219 A6.25 6.25 0.0 0 1 21.491600036621094 74.13339233398438 C14.933395385742188 59.750003814697266 15.058395385742188 47.74160385131836 21.8583984375 38.46660232543945 C24.3916015625 34.2333984375 40.31660461425781 15.800003051757812 53.99160385131836 16.691604614257812 L52.525001525878906 16.666603088378906 Z""></path></svg>"
a9f87cd9445715e6b87fbe34c18a0fcf,"<svg height=""128"" viewBox=""0 0 24 24"" width=""128"" xmlns=""http://www.w3.org/2000/svg""><path d=""m2 17h5.62l.5 4h7.77l.5-4h5.61v-14h-20zm7.13-4h1.87v2h-1.62zm5.48 2h-1.61v-2h1.87zm-5 2h1.39v2h-1.12zm3.39 2v-2h1.37l-.25 2zm-9-14h16v10h-3.37l.5-4h-10.26l.5 4h-3.37z""/></svg>"
34c190727cce6d1ea6d41e76ec560860,"<svg xmlns=""http://www.w3.org/2000/svg"" viewBox=""0.0 0.0 200.0 200.0"" height=""200.0px"" width=""200.0px""><path fill="""" fill-opacity=""1.0""  filling=""0"" d=""M156.01992797851562 63.980079650878906 L140.1199188232422 63.980079650878906 C138.60000610351562 63.980079650878906 137.21990966796875 63.11992263793945 136.5400390625 61.75996017456055 L131.39999389648438 51.419918060302734 C129.35995483398438 47.319923400878906 125.24003601074219 44.75996398925781 120.65995788574219 44.75996398925781 L79.34004211425781 44.75996398925781 C74.75996398925781 44.75996398925781 70.6400375366211 47.29999923706055 68.5999984741211 51.400001525878906 L63.44003677368164 61.74003982543945 C62.75996017456055 63.099998474121094 61.38007736206055 63.9599609375 59.859962463378906 63.9599609375 L43.980072021484375 63.9599609375 C37.35996627807617 63.9599609375 31.980079650878906 69.34004211425781 31.980079650878906 75.9599609375 L31.980079650878906 143.2199249267578 C31.980079650878906 149.8400421142578 37.35996627807617 155.2199249267578 43.980072021484375 155.2199249267578 L156.0 155.2199249267578 C162.61993408203125 155.2199249267578 168.0 149.8400421142578 168.0 143.2199249267578 L168.0 75.9800796508789 C168.01992797851562 69.35995483398438 162.61993408203125 63.980079650878906 156.01992797851562 63.980079650878906 Z M160.01992797851562 143.2199249267578 C160.01992797851562 145.419921875 158.2199249267578 147.2199249267578 156.01992797851562 147.2199249267578 L43.980072021484375 147.2199249267578 C41.78007888793945 147.2199249267578 39.980079650878906 145.419921875 39.980079650878906 143.2199249267578 L39.980079650878906 75.9800796508789 C39.980079650878906 73.78007507324219 41.78007888793945 71.9800796508789 43.980072021484375 71.9800796508789 L59.859962463378906 71.9800796508789 C64.4400405883789 71.9800796508789 68.55996704101562 69.44003295898438 70.5999984741211 65.34003448486328 L75.75996398925781 55.0 C76.44003295898438 53.640037536621094 77.81991577148438 52.78007888793945 79.34004211425781 52.78007888793945 L120.6400375366211 52.78007888793945 C122.15995788574219 52.78007888793945 123.5400390625 53.61992263793945 124.21991729736328 55.0 L129.35995483398438 65.31991577148438 C131.39999389648438 69.419921875 135.51992797851562 71.9800796508789 140.10000610351562 71.9800796508789 L156.0 71.9800796508789 C158.1999969482422 71.9800796508789 160.0 73.78007507324219 160.0 75.9800796508789 L160.0 143.2199249267578 L160.01992797851562 143.2199249267578 Z M146.0 77.5400390625 C143.2800750732422 77.5400390625 141.05996704101562 79.74004364013672 141.05996704101562 82.4599609375 C141.05996704101562 85.18008422851562 143.2800750732422 87.4000015258789 146.0 87.4000015258789 C148.71990966796875 87.4000015258789 150.94003295898438 85.19999694824219 150.94003295898438 82.4599609375 C150.919921875 79.74004364013672 148.71990966796875 77.5400390625 146.0 77.5400390625 Z M100.0599594116211 74.5199203491211 C82.4599609375 74.5199203491211 68.14004516601562 88.84003448486328 68.14004516601562 106.4400405883789 C68.14004516601562 124.0400390625 82.4599609375 138.35995483398438 100.0599594116211 138.35995483398438 C117.65995788574219 138.35995483398438 131.98007202148438 124.0400390625 131.98007202148438 106.4400405883789 C131.98007202148438 88.84003448486328 117.65995788574219 74.5199203491211 100.0599594116211 74.5199203491211 Z M100.0599594116211 130.3400421142578 C86.88007354736328 130.3400421142578 76.1400375366211 119.61991882324219 76.1400375366211 106.419921875 C76.1400375366211 93.24004364013672 86.8599624633789 82.5 100.0599594116211 82.5 C113.25995635986328 82.5 123.9800796508789 93.21992492675781 123.9800796508789 106.419921875 C123.9599609375 119.61991882324219 113.24003601074219 130.3400421142578 100.0599594116211 130.3400421142578 Z""></path></svg>"
d5831d22106a0c672f06cc95e6fc3184,"<svg xmlns=""http://www.w3.org/2000/svg"" viewBox=""0.0 0.0 200.0 200.0"" height=""200.0px"" width=""200.0px""><path fill=""currentColor"" fill-opacity=""1.0""  filling=""0"" d=""M189.37600708007812 21.15899658203125 A22.239999771118164 22.239999771118164 0.0 0 0 166.802001953125 0.197998046875 L32.97100067138672 0.197998046875 A22.239999771118164 22.239999771118164 0.0 0 0 10.731002807617188 21.214996337890625 L0.0 97.44400024414062 A21.35099983215332 21.35099983215332 0.0 0 0 11.56500244140625 116.18099975585938 L11.56500244140625 175.6739959716797 A24.297000885009766 24.297000885009766 0.0 0 0 35.9739990234375 199.80499267578125 L163.85499572753906 199.80499267578125 C180.53599548339844 199.80499267578125 188.26400756835938 189.3520050048828 188.26400756835938 175.6739959716797 L188.26400756835938 116.40399932861328 A21.4060001373291 21.4060001373291 0.0 0 0 200.16299438476562 97.44400024414062 L189.37600708007812 21.15899658203125 Z M175.80999755859375 175.6739959716797 A10.730999946594238 10.730999946594238 0.0 0 1 164.02200317382812 187.18299865722656 L36.14099884033203 187.18299865722656 A11.675999641418457 11.675999641418457 0.0 0 1 24.352996826171875 175.6739959716797 L24.352996826171875 118.96099853515625 L175.80999755859375 118.96099853515625 L175.80999755859375 175.6739959716797 Z M177.92300415039062 106.33999633789062 L22.23999786376953 106.33999633789062 A9.45199966430664 9.45199966430664 0.0 0 1 12.455001831054688 97.83300018310547 L23.018997192382812 21.660003662109375 A9.95300006866455 9.95300006866455 0.0 0 1 32.97100067138672 12.819000244140625 L166.802001953125 12.819000244140625 A9.729999542236328 9.729999542236328 0.0 0 1 176.6439971923828 21.660003662109375 L187.76400756835938 97.83300018310547 A9.45199966430664 9.45199966430664 0.0 0 1 177.9219970703125 106.33999633789062 L177.92300415039062 106.33999633789062 Z""></path>
<path fill=""currentColor"" fill-opacity=""1.0""  filling=""0"" d=""M156.73899841308594 56.24399948120117 L40.47700119018555 56.24399948120117 A6.839000225067139 6.839000225067139 0.0 0 0 40.47700119018555 69.97699737548828 L156.73899841308594 69.97699737548828 A6.839000225067139 6.839000225067139 0.0 1 0 156.73899841308594 56.24399948120117 Z""></path></svg>"
a4022c2822c93ed88e60f70ec8f877cb,"<svg height=""128"" viewBox=""0 0 20 20"" width=""128"" xmlns=""http://www.w3.org/2000/svg""><path d=""m137.8 1690.61c-.05 1.16-.63 1.97-1.47 2.73-.39.37-.8.72-1.2 1.08-.75.67-1.88.67-2.64 0-.44-.37-.87-.75-1.29-1.14-.82-.77-1.35-1.58-1.39-2.73-.04-.94.42-1.83 1.35-2.15.98-.33 1.89.09 2.49.84.08.1.23.1.31 0 .55-.71 1.38-1.12 2.31-.89 1.05.26 1.58 1.23 1.53 2.26zm4.2 5.39c0 .55-.25 1-.8 1h-14c-.55 0-1.2-.45-1.2-1v-14c0-.55.65-1 1.2-1h4c.55 0 .8.45.8 1v1c0 1.11 1.1 2 2.2 2h7c.55 0 .8.45.8 1zm.2-13h-7c-.55 0-1.2-.45-1.2-1v-1c0-1.1-.7-2-1.8-2h-6c-1.1 0-2.2.9-2.2 2v16c0 1.11 1.1 2 2.2 2h16c1.1 0 1.8-.89 1.8-2v-12c0-1.1-.7-2-1.8-2z"" fill-rule=""evenodd"" transform=""translate(-124 -1679)""/></svg>"
eac44be984595232d314038a2de321ab,"<svg xmlns=""http://www.w3.org/2000/svg"" viewBox=""0.0 0.0 200.0 200.0"" height=""200.0px"" width=""200.0px""><path fill=""#200E32"" fill-opacity=""1.0""  filling=""0"" d=""M96.7666015625 16.666603088378906 C141.0 16.666603088378906 176.8583984375 51.7333984375 176.8583984375 95.0 C176.8583984375 115.40839385986328 168.875 134.0 155.79159545898438 147.9416046142578 L181.52499389648438 173.02499389648438 C183.93341064453125 175.38339233398438 183.9416046142578 179.20001220703125 181.52499389648438 181.5583953857422 A6.274999618530273 6.274999618530273 0.0 0 1 173.5 182.1584014892578 L172.8083953857422 181.5749969482422 L146.77499389648438 156.1833953857422 A80.8916015625 80.8916015625 0.0 0 1 96.7666015625 173.32501220703125 C52.525001525878906 173.32501220703125 16.666603088378906 138.25 16.666603088378906 94.9916000366211 C16.666603088378906 51.75 52.525001525878906 16.666603088378906 96.7666015625 16.666603088378906 Z M96.7666015625 28.7333984375 C59.34160232543945 28.7333984375 29.0 58.39999771118164 29.0 94.9916000366211 C29.0 131.59161376953125 59.333396911621094 161.25839233398438 96.7666015625 161.25839233398438 C134.1833953857422 161.25839233398438 164.5166015625 131.59161376953125 164.5166015625 94.9916000366211 C164.5166015625 58.39999771118164 134.1833953857422 28.7333984375 96.7666015625 28.7333984375 Z""></path></svg>"
db53c8c82b81efca578d46ffb9ddf1ff,"<svg xmlns=""http://www.w3.org/2000/svg"" viewBox=""0.0 0.0 200.0 200.0"" height=""200.0px"" width=""200.0px""><path fill=""currentColor"" fill-opacity=""1.0""  filling=""0"" d=""M100.0 18.75 C55.20000076293945 18.75 18.75 55.20000076293945 18.75 100.0 C18.75 144.8000030517578 55.20000076293945 181.25 100.0 181.25 C144.8000030517578 181.25 181.25 144.8000030517578 181.25 100.0 C181.25 55.20000076293945 144.8000030517578 18.75 100.0 18.75 Z M100.0 31.25 C137.906005859375 31.25 168.75 62.09400177001953 168.75 100.0 C168.75 137.906005859375 137.906005859375 168.75 100.0 168.75 C62.09400177001953 168.75 31.25 137.906005859375 31.25 100.0 C31.25 62.09400177001953 62.09400177001953 31.25 100.0 31.25 Z M75.0 64.17500305175781 L69.53099822998047 76.44999694824219 L56.25 77.90599822998047 L66.18800354003906 86.83100128173828 L63.39400100708008 100.0 L75.0 93.31199645996094 L86.60600280761719 100.0 L83.81199645996094 86.83100128173828 L93.75 77.90599822998047 L80.46900177001953 76.44999694824219 L75.0 64.17500305175781 Z M125.0 64.17500305175781 L119.53099822998047 76.44999694824219 L106.25 77.90599822998047 L116.18800354003906 86.83100128173828 L113.39399719238281 100.0 L125.0 93.31199645996094 L136.6060028076172 100.0 L133.81199645996094 86.83100128173828 L143.75 77.90599822998047 L130.468994140625 76.44999694824219 L125.0 64.17500305175781 Z M67.56199645996094 118.75 L56.8120002746582 125.0 A50.694000244140625 50.694000244140625 0.0 0 0 69.43800354003906 139.47500610351562 A49.8380012512207 49.8380012512207 0.0 0 0 86.69400024414062 148.19400024414062 A49.625 49.625 0.0 0 0 100.0 150.0 C113.82499694824219 150.0 126.31199645996094 144.33700561523438 135.36300659179688 135.20599365234375 A50.875 50.875 0.0 0 0 143.18800354003906 125.0 L132.43800354003906 118.75 A37.474998474121094 37.474998474121094 0.0 0 1 89.96900177001953 136.1439971923828 A37.01300048828125 37.01300048828125 0.0 0 1 77.0 129.60000610351562 A37.9119987487793 37.9119987487793 0.0 0 1 67.56199645996094 118.75 Z""></path></svg>"
605476208ee5690024db67bb3db70285,"<svg height=""128"" viewBox=""0 0 24 24"" width=""128"" xmlns=""http://www.w3.org/2000/svg""><g fill=""none""><path d=""m24 0v24h-24v-24zm-11.41 23.26h-.01l-.07.04h-.02-.01l-.07-.04c-.01 0-.02 0-.03 0v.02l-.02.42.01.02.01.02.1.07h.02.01l.1-.07.01-.02.01-.02-.02-.42c0-.01-.01-.02-.02-.02zm.27-.11h-.02l-.18.09-.01.01v.01l.02.43v.01l.01.01.2.09c.01.01.02 0 .03 0v-.02l-.03-.61c0-.02-.01-.02-.02-.02zm-.72 0c-.01-.01-.02 0-.02 0l-.01.02-.03.61c0 .01 0 .02.01.02h.02l.2-.09.01-.01v-.01l.02-.43v-.01l-.01-.01z""/><path d=""m6 2c-1.1 0-2 .9-2 2v16c0 1.1.9 2 2 2h11c1.66 0 3-1.34 3-3v-14c0-1.66-1.34-3-3-3h-1v9.79c0 .45-.54.67-.85.36l-1.8-1.8c-.19-.19-.51-.19-.7 0l-1.8 1.8c-.31.31-.85.09-.85-.36v-9.79z"" fill=""#09244b""/></g></svg>"
b4f79e0b2f72c1e7b9f8c4956be5a1f6,"<svg xmlns=""http://www.w3.org/2000/svg"" viewBox=""0.0 0.0 200.0 200.0"" height=""200.0px"" width=""200.0px""><path fill="""" fill-opacity=""1.0""  filling=""0"" d=""M12.5 43.75 L12.5 143.75 L187.5 143.75 L187.5 43.75 L12.5 43.75 Z M25.0 56.25 L175.0 56.25 L175.0 131.25 L25.0 131.25 L25.0 56.25 Z M62.5 150.0 L62.5 162.5 L137.5 162.5 L137.5 150.0 L62.5 150.0 Z""></path></svg>"
a198f33e-3ec4-4932-8a5e-8266f5ef9ee1,"<svg height=""128"" viewBox=""0 0 36 36"" width=""128"" xmlns=""http://www.w3.org/2000/svg""><path d=""m27 27h-17v9h21v-5c0-2.21-1.79-4-4-4z"" fill=""#fa743e""/><path d=""m21.91 1.26c-2.02-.65-6.77-.48-7.96 1.07-3.09.06-6.71 2.85-7.19 6.54-.47 3.65.58 5.34.95 8.08.42 3.11 2.17 4.1 3.56 4.51 2.01 2.65 4.15 2.54 7.73 2.54 7 0 10.33-4.68 10.63-12.64.18-4.81-2.65-8.46-7.72-10.1z"" fill=""#ffac33""/><path d=""m15 22v6c0 1.66 1.34 3 3 3s3-1.34 3-3v-6z"" fill=""#ffdc5d""/><path d=""m25.91 11.7c-.68-.94-1.55-1.69-3.45-1.96.71.33 1.4 1.46 1.49 2.08s.18 1.13-.39.51c-2.26-2.5-4.72-1.52-7.16-3.04-1.7-1.07-2.22-2.25-2.22-2.25s-.21 1.57-2.79 3.18c-.75.47-1.64 1.5-2.14 3.03-.36 1.1-.25 2.08-.25 3.75 0 4.89 4.03 9 9 9s9-4.15 9-9c0-3.04-.32-4.23-1.09-5.3z"" fill=""#ffdc5d""/><path d=""m12.74 5.97h2.75v3.89h-2.75z"" fill=""#ffac33""/><path d=""m19 19.5h-2c-.28 0-.5-.22-.5-.5s.22-.5.5-.5h2c.28 0 .5.22.5.5s-.22.5-.5.5z"" fill=""#c1694f""/><path d=""m18.73 18.39 1.83.69s-6.53 13.75-7.41 15.02c-.88 1.28-1.87 2.06-4.57 1.76l10.16-17.47zm7.27 13.61h1v4h-1z"" fill=""#dd551f""/><path d=""m14.98 28.39s-2.36 4.42-2.87 5.34c-.28.5-1.31 2.01-2.32 2.01 0 0 2.21.12 3.12-1.68 1.29-2.55 1.96-3.79 2.42-4.65 0 0-.13-.33-.2-.48-.12-.24-.16-.53-.16-.53z"" fill=""#dd551f""/><path d=""m24.16 16.37c-.03-.06-.6-1.29-1.75-1.53l-.49 1.4c.04 0 .06-.01.1-.01 1.16 0 1.76.42 1.77.43.04.03.09.05.14.05s.11-.02.15-.05c.09-.07.11-.18.07-.28z"" fill=""#662113""/><path d=""m22.65 8.13-3.77-1.32c-1.04-.37-2.18.18-2.55 1.23l-.76 2.15-.28-1.14c-.17-.69-.83-1.49-1.77-1.2-.68.21-.89 1.13-.72 1.82l1.23 4.93-.35.98.61 1.27 5.66 1.99c.94.33 1.27-.61 1.27-.61l.7-1.99.49-1.4 1.46-4.17c.36-1.04-.19-2.18-1.23-2.55z"" fill=""#ef9645""/><path d=""m22.02 14.79c-1.42 0-2.11 1.52-2.14 1.58-.04.1-.02.22.07.28.08.07.2.07.29.01.01 0 .58-.4 1.67-.42l.49-1.4c-.12-.03-.25-.05-.39-.05z"" fill=""#4f140b""/><path d=""m12.51 7.66c.69-.17 1.38.25 1.56.93l.28 1.14.76-2.15c.37-1.04 1.51-1.59 2.55-1.23l3.77 1.32c1.04.37 1.59 1.51 1.23 2.55l-2.65 7.55s-.33.94-1.27.61l-5.67-1.98-.61-1.27.35-.98-1.23-4.93c-.17-.69.25-1.39.94-1.56z"" fill=""#ffdc5d""/><path d=""m18.74 12.05 1.66-4.72.94.33-1.66 4.72zm-2.83-.99 1.66-4.72.94.33-1.66 4.72z"" fill=""#ef9645""/><path d=""m21 23.36s-.56-1.12-1.68-1.68c-.25.51-.52 1.08-.81 1.68z"" fill=""#c1694f""/><path d=""m18.73 18.39-1.9 3.23-1.02 1.74-1.16 1.97.35 2.67c0 .59.18 1.14.48 1.61.98-1.99 2.1-4.3 3.04-6.25l.81-1.68c.74-1.55 1.24-2.61 1.24-2.61l-1.83-.69z"" fill=""#ef9645""/><path d=""m19.32 21.68c-.38-.19-.82-.32-1.32-.32-.44 0-.82.11-1.16.26l-1.02 1.74h2.7l.81-1.68z"" fill=""#662113""/><path d=""m14.28 29.85s-1.72 3.58-2.11 4.42c-.69 1.48-2.17 1.73-2.17 1.73-8 0-3.62-8.34-3.62-8.34l6.43-11.85 6.54 2.58z"" fill=""#fa743e""/></svg>"
thesantatitan_deepseek-svg-dataset_0002990,"<svg width=""100"" height=""100"" viewBox=""0 0 100 100"" xmlns=""http://www.w3.org/2000/svg"">
  <rect width=""100"" height=""100"" fill=""#000000""/>
  <defs>
    <linearGradient id=""petalGradient"" x1=""0%"" y1=""0%"" x2=""100%"" y2=""100%"">
      <stop offset=""0%"" style=""stop-color:#FFFFFF;stop-opacity:1""/>
      <stop offset=""100%"" style=""stop-color:#FF0000;stop-opacity:1""/>
    </linearGradient>
  </defs>
  <path d=""M50,50m-18,0a18,18 0 1,1 36,0a18,18 0 1,1-36,0"" fill=""url(#petalGradient)""/>
  <path d=""M50,50m-25,0a25,25 0 1,1 50,0a25,25 0 1,1-50,0"" fill=""url(#petalGradient)""/>
  <circle cx=""50"" cy=""50"" r=""18"" fill=""#FF0000""/>
  <path d=""M50,50m-28,0a28,28 0 1,1 56,0a28,28 0 1,1-56,0"" fill=""url(#petalGradient)""/>
</svg>"
4683d181d4956eae836923f39c1a8246,"<svg xmlns=""http://www.w3.org/2000/svg"" viewBox=""0.0 0.0 200.0 200.0"" height=""200.0px"" width=""200.0px""><path fill=""#000333"" fill-opacity=""1.0""  filling=""0"" d=""M145.7729949951172 186.73300170898438 L54.22700119018555 186.73300170898438 C39.46699905395508 186.73300170898438 27.459999084472656 174.7270050048828 27.459999084472656 159.9669952392578 L27.459999084472656 40.01300048828125 C27.459999084472656 25.25299835205078 39.46699905395508 13.247001647949219 54.22700119018555 13.247001647949219 L145.76699829101562 13.247001647949219 C160.52699279785156 13.247001647949219 172.5330047607422 25.25299835205078 172.5330047607422 40.01300048828125 L172.5330047607422 159.9669952392578 C172.5399932861328 167.11300659179688 169.7530059814453 173.83299255371094 164.6999969482422 178.89300537109375 C159.64700317382812 183.94700622558594 152.9199981689453 186.73300170898438 145.7729949951172 186.73300170898438 Z M54.22700119018555 26.580001831054688 C46.81999969482422 26.580001831054688 40.792999267578125 32.60699462890625 40.792999267578125 40.01300048828125 L40.792999267578125 159.9669952392578 C40.792999267578125 167.3730010986328 46.81999969482422 173.39999389648438 54.22700119018555 173.39999389648438 L145.7729949951172 173.39999389648438 C149.36000061035156 173.39999389648438 152.73300170898438 172.0 155.2729949951172 169.4669952392578 C157.81300354003906 166.93299865722656 159.20700073242188 163.55999755859375 159.1999969482422 159.97300720214844 L159.1999969482422 40.01300048828125 C159.1999969482422 32.60699462890625 153.17300415039062 26.580001831054688 145.76699829101562 26.580001831054688 L54.22700119018555 26.580001831054688 Z""></path>
<path fill=""#054FE5"" fill-opacity=""1.0""  filling=""0"" d=""M125.05999755859375 80.69999694824219 L63.6870002746582 80.69999694824219 C61.02000045776367 80.69999694824219 58.86000061035156 78.54000091552734 58.86000061035156 75.87300109863281 L58.86000061035156 70.14700317382812 C58.86000061035156 67.4800033569336 61.02000045776367 65.31999969482422 63.6870002746582 65.31999969482422 L125.05999755859375 65.31999969482422 C127.72699737548828 65.31999969482422 129.88699340820312 67.4800033569336 129.88699340820312 70.14700317382812 L129.88699340820312 75.87300109863281 C129.88699340820312 78.54000091552734 127.72699737548828 80.69999694824219 125.05999755859375 80.69999694824219 Z M108.27999877929688 109.40699768066406 L63.6870002746582 109.40699768066406 C61.02000045776367 109.40699768066406 58.86000061035156 107.24700164794922 58.86000061035156 104.58000183105469 L58.86000061035156 98.85299682617188 C58.86000061035156 96.18699645996094 61.02000045776367 94.0270004272461 63.6870002746582 94.0270004272461 L108.27999877929688 94.0270004272461 C110.9469985961914 94.0270004272461 113.10700225830078 96.18699645996094 113.10700225830078 98.85299682617188 L113.10700225830078 104.58000183105469 C113.10700225830078 107.24700164794922 110.9469985961914 109.40699768066406 108.27999877929688 109.40699768066406 Z""></path></svg>"
0139c8b5480769aed9b19064eacfa406,"<svg xmlns=""http://www.w3.org/2000/svg"" viewBox=""0.0 0.0 200.0 200.0"" height=""200.0px"" width=""200.0px""><path fill=""#040000"" fill-opacity=""1.0""  filling=""0"" d=""M75.18499755859375 95.18499755859375 L36.29600143432617 95.18499755859375 C25.926002502441406 95.18499755859375 17.777999877929688 87.03700256347656 17.777999877929688 76.66699981689453 L17.777999877929688 38.14799880981445 C17.777999877929688 27.777999877929688 25.926002502441406 19.62999725341797 36.29600143432617 19.62999725341797 L75.18499755859375 19.62999725341797 C85.55500030517578 19.62999725341797 93.7040023803711 27.777999877929688 93.7040023803711 38.14799880981445 L93.7040023803711 77.03700256347656 C93.7040023803711 87.03700256347656 85.18499755859375 95.18499755859375 75.18499755859375 95.18499755859375 Z M36.29600143432617 34.44499969482422 C34.44499969482422 34.44499969482422 32.59300231933594 36.29600143432617 32.59300231933594 38.14799880981445 L32.59300231933594 77.03700256347656 C32.59300231933594 78.88899993896484 34.44499969482422 80.74099731445312 36.29600143432617 80.74099731445312 L75.18499755859375 80.74099731445312 C77.03700256347656 80.74099731445312 78.88899993896484 78.88899993896484 78.88899993896484 77.03700256347656 L78.88899993896484 38.14799880981445 C78.88899993896484 36.29600143432617 77.03700256347656 34.44499969482422 75.18499755859375 34.44499969482422 L36.29600143432617 34.44499969482422 Z M160.0 95.18499755859375 L121.48100280761719 95.18499755859375 C111.11100006103516 95.18499755859375 102.96299743652344 87.03700256347656 102.96299743652344 76.66699981689453 L102.96299743652344 38.14799880981445 C102.96299743652344 27.777999877929688 111.11100006103516 19.62999725341797 121.48100280761719 19.62999725341797 L160.3699951171875 19.62999725341797 C170.74099731445312 19.62999725341797 178.88900756835938 27.777999877929688 178.88900756835938 38.14799880981445 L178.88900756835938 77.03700256347656 C178.5189971923828 87.03700256347656 170.3699951171875 95.18499755859375 160.0 95.18499755859375 Z M121.48100280761719 34.44499969482422 C119.62999725341797 34.44499969482422 117.77799987792969 36.29600143432617 117.77799987792969 38.14799880981445 L117.77799987792969 77.03700256347656 C117.77799987792969 78.88899993896484 119.62999725341797 80.74099731445312 121.48100280761719 80.74099731445312 L160.3699951171875 80.74099731445312 C162.2220001220703 80.74099731445312 164.07400512695312 78.88899993896484 164.07400512695312 77.03700256347656 L164.07400512695312 38.14799880981445 C164.07400512695312 36.29600143432617 162.2220001220703 34.44499969482422 160.3699951171875 34.44499969482422 L121.48100280761719 34.44499969482422 Z M75.18499755859375 180.3699951171875 L36.29600143432617 180.3699951171875 C25.926002502441406 180.3699951171875 17.777999877929688 172.2220001220703 17.777999877929688 161.8520050048828 L17.777999877929688 122.96299743652344 C17.777999877929688 112.59300231933594 25.926002502441406 104.44499969482422 36.29600143432617 104.44499969482422 L75.18499755859375 104.44499969482422 C85.55500030517578 104.44499969482422 93.7040023803711 112.59300231933594 93.7040023803711 122.96299743652344 L93.7040023803711 161.8520050048828 C93.7040023803711 172.2220001220703 85.18499755859375 180.3699951171875 75.18499755859375 180.3699951171875 Z M36.29600143432617 119.25900268554688 C34.44499969482422 119.25900268554688 32.59300231933594 121.11100006103516 32.59300231933594 122.96299743652344 L32.59300231933594 161.8520050048828 C32.59300231933594 163.70399475097656 34.44499969482422 165.55499267578125 36.29600143432617 165.55499267578125 L75.18499755859375 165.55499267578125 C77.03700256347656 165.55499267578125 78.88899993896484 163.70399475097656 78.88899993896484 161.8520050048828 L78.88899993896484 122.96299743652344 C78.88899993896484 121.11100006103516 77.03700256347656 119.25900268554688 75.18499755859375 119.25900268554688 L36.29600143432617 119.25900268554688 Z M160.0 180.3699951171875 L121.48100280761719 180.3699951171875 C111.11100006103516 180.3699951171875 102.96299743652344 172.2220001220703 102.96299743652344 161.8520050048828 L102.96299743652344 122.96299743652344 C102.96299743652344 112.59300231933594 111.11100006103516 104.44499969482422 121.48100280761719 104.44499969482422 L160.3699951171875 104.44499969482422 C170.74099731445312 104.44499969482422 178.88900756835938 112.59300231933594 178.88900756835938 122.96299743652344 L178.88900756835938 161.8520050048828 C178.5189971923828 172.2220001220703 170.3699951171875 180.3699951171875 160.0 180.3699951171875 Z M121.48100280761719 119.25900268554688 C119.62999725341797 119.25900268554688 117.77799987792969 121.11100006103516 117.77799987792969 122.96299743652344 L117.77799987792969 161.8520050048828 C117.77799987792969 163.70399475097656 119.62999725341797 165.55499267578125 121.48100280761719 165.55499267578125 L160.3699951171875 165.55499267578125 C162.2220001220703 165.55499267578125 164.07400512695312 163.70399475097656 164.07400512695312 161.8520050048828 L164.07400512695312 122.96299743652344 C164.07400512695312 121.11100006103516 162.2220001220703 119.25900268554688 160.3699951171875 119.25900268554688 L121.48100280761719 119.25900268554688 Z""></path></svg>"
ce8ac939a28821660b25d8e82a4e040c,"<svg xmlns=""http://www.w3.org/2000/svg"" viewBox=""0.0 0.0 200.0 200.0"" height=""200.0px"" width=""200.0px""><path fill=""#2C2C2C"" fill-opacity=""1.0""  filling=""0"" d=""M159.9533233642578 117.47618103027344 C150.36563110351562 117.47618103027344 142.3556671142578 109.4664077758789 142.3556671142578 99.87870788574219 C142.3556671142578 90.291015625 150.36563110351562 82.28105163574219 159.9533233642578 82.28105163574219 C169.541015625 82.28105163574219 177.55096435546875 90.291015625 177.55096435546875 99.87870788574219 C177.67227172851562 109.708984375 169.9050750732422 117.47618103027344 159.9533233642578 117.47618103027344 Z M100.0 117.47618103027344 C90.41230773925781 117.47618103027344 82.40234375 109.4664077758789 82.40234375 99.87870788574219 C82.40234375 90.291015625 90.41230773925781 82.28105163574219 100.0 82.28105163574219 C109.58769226074219 82.28105163574219 117.59765625 90.291015625 117.59765625 99.87870788574219 C117.59765625 109.708984375 109.83045959472656 117.47618103027344 100.0 117.47618103027344 Z M40.04668045043945 117.47618103027344 C30.458984375 117.47618103027344 22.449020385742188 109.4664077758789 22.449020385742188 99.87870788574219 C22.449020385742188 90.291015625 30.458984375 82.28105163574219 40.04668045043945 82.28105163574219 C49.63437271118164 82.28105163574219 57.64433670043945 90.291015625 57.64433670043945 99.87870788574219 C57.64433670043945 109.708984375 49.87714767456055 117.47618103027344 40.04668045043945 117.47618103027344 Z""></path></svg>"
b185f9e6f195059e509da7cdd413babb,"<svg xmlns=""http://www.w3.org/2000/svg"" viewBox=""0.0 0.0 200.0 200.0"" height=""200.0px"" width=""200.0px""><path fill=""#297AFF"" fill-opacity=""1.0""  filling=""0"" d=""M69.58300018310547 127.5 L54.16699981689453 170.0 L35.41699981689453 170.0 L86.25 27.91699981689453 L109.58300018310547 27.91699981689453 L162.5 170.0 L142.5 170.0 L126.66699981689453 127.5 L69.58300018310547 127.5 Z M121.25 111.25 C107.91699981689453 73.75 100.41699981689453 54.16699981689453 97.08300018310547 43.33300018310547 C93.75 55.41699981689453 85.41699981689453 79.58300018310547 74.58300018310547 111.25 L121.25 111.25 Z""></path></svg>"
abaca1bd-1bb3-4dec-9316-76cd5bbcb07e,"<svg xmlns=""http://www.w3.org/2000/svg"" viewBox=""0.0 0.0 200.0 200.0"" height=""200.0px"" width=""200.0px""><path fill="""" fill-opacity=""1.0""  filling=""0"" d=""M135.0 90.0 C121.21992492675781 90.0 110.0 78.78007507324219 110.0 65.0 C110.0 51.21992111206055 121.21992492675781 39.999996185302734 135.0 39.999996185302734 C148.78009033203125 39.999996185302734 160.0 51.21992111206055 160.0 65.0 C160.0 78.78007507324219 148.78009033203125 90.0 135.0 90.0 Z M135.0 50.0 C126.73007202148438 50.0 120.0 56.730079650878906 120.0 65.0 C120.0 73.2699203491211 126.73007202148438 80.0 135.0 80.0 C143.26992797851562 80.0 150.0 73.2699203491211 150.0 65.0 C150.0 56.730079650878906 143.26992797851562 50.0 135.0 50.0 Z M5.0 200.0 A4.990038871765137 4.990038871765137 0.0 0 1 0.3000030517578125 193.29998779296875 C15.690040588378906 150.9900360107422 31.86992645263672 129.5300750732422 48.38007736206055 129.5300750732422 C53.830074310302734 129.5300750732422 58.919925689697266 131.8699188232422 63.53007507324219 136.4699249267578 C70.8099594116211 143.75 71.06991577148438 151.0 70.00995635986328 155.79998779296875 C66.669921875 170.8800811767578 45.36992263793945 185.64999389648438 6.7099609375 199.7099609375 A5.099999904632568 5.099999904632568 0.0 0 1 5.0 200.0099639892578 L5.0 200.0 Z M48.39004135131836 139.51991271972656 C43.44003677368164 139.51991271972656 37.60995864868164 143.85995483398438 31.5400390625 152.06993103027344 C25.569923400878906 160.14004516601562 19.569923400878906 171.64004516601562 13.659957885742188 186.34002685546875 C27.009963989257812 180.96990966796875 37.74003982543945 175.51992797851562 45.64999771118164 170.0900421142578 C56.319923400878906 162.7599639892578 59.48007583618164 157.0900421142578 60.250003814697266 153.6300811767578 C61.019920349121094 150.169921875 59.78007888793945 146.85995483398438 56.459964752197266 143.5400390625 C53.75996398925781 140.8400421142578 51.11992263793945 139.5300750732422 48.38007736206055 139.5300750732422 L48.39004135131836 139.51991271972656 Z M195.0 0.0 C169.0500030517578 0.0 145.93008422851562 4.400001525878906 126.25995635986328 13.080078125 C110.05000305175781 20.240036010742188 96.169921875 30.280075073242188 85.0 42.94003677368164 C82.919921875 45.29999923706055 80.99003601074219 47.690040588378906 79.19999694824219 50.09003829956055 C70.580078125 50.65996170043945 61.75996017456055 54.09004211425781 52.9599609375 60.2900390625 C45.50995635986328 65.53007507324219 38.03007507324219 72.7900390625 30.7099609375 81.85995483398438 C18.409957885742188 97.0999984741211 10.849998474121094 112.13008117675781 10.530075073242188 112.75996398925781 A5.0 5.0 0.0 0 0 18.530075073242188 118.5400390625 C18.580078125 118.49003601074219 23.359962463378906 113.7900390625 31.50995635986328 109.18008422851562 C38.230079650878906 105.38008117675781 48.59004211425781 100.90995788574219 61.11991882324219 100.11992645263672 C64.2900390625 108.2300796508789 73.3599624633789 117.9300765991211 77.7099609375 122.28007507324219 C82.0599594116211 126.63008117675781 91.75996398925781 135.6999969482422 99.86992645263672 138.8699188232422 C99.080078125 151.40000915527344 94.6099624633789 161.7599639892578 90.8099594116211 168.48007202148438 C86.1900405883789 176.64002990722656 81.5 181.4099578857422 81.4599609375 181.4499969482422 A5.009960651397705 5.009960651397705 0.0 0 0 87.2300796508789 189.4599609375 C87.85995483398438 189.14002990722656 102.8900375366211 181.580078125 118.13007354736328 169.2800750732422 C127.19999694824219 161.9599609375 134.4599609375 154.48007202148438 139.6999969482422 147.0300750732422 C145.89999389648438 138.21990966796875 149.31991577148438 129.4099578857422 149.89999389648438 120.7900390625 C152.2900390625 119.00996398925781 154.68006896972656 117.080078125 157.0500030517578 114.99004364013672 C169.7099609375 103.81991577148438 179.75 89.9400405883789 186.9099578857422 73.73007202148438 C195.5900421142578 54.069923400878906 199.9900360107422 30.940040588378906 199.9900360107422 4.990043640136719 L199.9900360107422 -0.0099639892578125 L194.9900360107422 -0.0099639892578125 L195.0 0.0 Z M31.069923400878906 98.080078125 C40.60000228881836 84.25 55.169921875 67.0999984741211 71.59003448486328 61.709957122802734 C65.10000610351562 73.080078125 61.74003982543945 83.51992797851562 60.53007888793945 90.1400375366211 A77.84003448486328 77.84003448486328 0.0 0 0 31.069923400878906 98.080078125 Z M101.93008422851562 168.89999389648438 A77.6099624633789 77.6099624633789 0.0 0 0 109.85995483398438 139.4599609375 C116.46991729736328 138.25 126.919921875 134.89004516601562 138.28009033203125 128.4099578857422 C132.8800811767578 144.79998779296875 115.74003601074219 159.3699188232422 101.919921875 168.89999389648438 L101.93008422851562 168.89999389648438 Z M150.44003295898438 107.50000762939453 C129.64004516601562 125.8499984741211 108.0999984741211 130.0 104.99999237060547 130.0 C104.98007202148438 130.0 102.93008422851562 129.9599609375 97.40996551513672 126.06993103027344 C93.5599594116211 123.35997009277344 89.0699234008789 119.50000762939453 84.7900390625 115.21992492675781 C80.50996398925781 110.9400405883789 76.6500015258789 106.44999694824219 73.9400405883789 102.60000610351562 C70.05000305175781 97.080078125 70.00995635986328 95.03007507324219 70.00995635986328 95.00995635986328 C70.00995635986328 91.90996551513672 74.15995788574219 70.36991882324219 92.50996398925781 49.569923400878906 C114.46992492675781 24.690040588378906 148.080078125 11.080078125 189.95001220703125 10.069915771484375 C188.94003295898438 51.940040588378906 175.3400421142578 85.54999542236328 150.45001220703125 107.50995635986328 L150.44003295898438 107.50000762939453 Z""></path></svg>"
973b240f0cb9d52940206c72b8acef67,"<svg xmlns=""http://www.w3.org/2000/svg"" viewBox=""0.0 0.0 200.0 200.0"" height=""200.0px"" width=""200.0px""><path fill=""currentColor"" fill-opacity=""1.0""  filling=""0"" d=""M99.90399932861328 37.487998962402344 C100.66699981689453 37.487998962402344 101.43900299072266 38.00199890136719 101.78299713134766 38.73899841308594 L116.71600341796875 70.68599700927734 L119.54199981689453 76.73200225830078 L126.13999938964844 77.74400329589844 L160.51600646972656 83.01300048828125 C161.302001953125 83.13300323486328 161.91299438476562 83.6719970703125 162.1929931640625 84.49199676513672 C162.48599243164062 85.38999938964844 162.29600524902344 86.27200317382812 161.6649932861328 86.9209976196289 L136.38900756835938 112.9260025024414 L132.00799560546875 117.43299865722656 L133.01699829101562 123.63600158691406 L138.87899780273438 159.7030029296875 C139.01800537109375 160.55099487304688 138.63499450683594 161.51199340820312 137.9669952392578 162.0019989013672 C137.5989990234375 162.2550048828125 137.21800231933594 162.3780059814453 136.80499267578125 162.3780059814453 C136.4810028076172 162.3780059814453 136.14300537109375 162.28900146484375 135.8509979248047 162.12899780273438 L105.96499633789062 145.5469970703125 L99.90399932861328 142.1840057373047 L93.84400177001953 145.5469970703125 L63.99100112915039 162.11199951171875 C63.63800048828125 162.30299377441406 63.26599884033203 162.34300231933594 63.01499938964844 162.34300231933594 C62.58000183105469 162.34300231933594 62.15700149536133 162.2220001220703 61.854000091552734 162.01100158691406 C61.16699981689453 161.51400756835938 60.7859992980957 160.572998046875 60.926998138427734 159.7169952392578 L60.92900085449219 159.70399475097656 L60.93199920654297 159.69000244140625 L66.78700256347656 123.63400268554688 L67.79399871826172 117.43299865722656 L63.41699981689453 112.927001953125 L38.14899826049805 86.91999816894531 L38.141998291015625 86.91300201416016 L38.1349983215332 86.90599822998047 C37.51900100708008 86.27400207519531 37.32400131225586 85.37699890136719 37.61199951171875 84.50399780273438 C37.891998291015625 83.67500305175781 38.50400161743164 83.12999725341797 39.297000885009766 83.00900268554688 L73.66899871826172 77.74400329589844 L80.26799774169922 76.73300170898438 L83.09400177001953 70.68399810791016 L98.01799774169922 38.74700164794922 C98.36499786376953 38.00600051879883 99.14099884033203 37.487998962402344 99.90399932861328 37.487998962402344 M99.90399932861328 24.996002197265625 C94.29199981689453 24.996002197265625 89.11100006103516 28.313995361328125 86.70600128173828 33.449005126953125 L71.7770004272461 65.39600372314453 L37.404998779296875 70.66200256347656 C31.986000061035156 71.48999786376953 27.5260009765625 75.27899932861328 25.763999938964844 80.5469970703125 C23.992996215820312 85.86199951171875 25.30699920654297 91.63999938964844 29.188995361328125 95.6240005493164 L54.457000732421875 121.63200378417969 L48.60200119018555 157.68800354003906 C47.685001373291016 163.25399780273438 50.05099868774414 168.94900512695312 54.63399887084961 172.2050018310547 C57.09600067138672 173.9459991455078 60.04800033569336 174.8350067138672 63.01499938964844 174.8350067138672 C65.42400360107422 174.8350067138672 67.84300231933594 174.2480010986328 70.01499938964844 173.0540008544922 L99.90399932861328 156.47000122070312 L129.8040008544922 173.0590057373047 C131.9530029296875 174.2469940185547 134.37100219726562 174.86900329589844 136.80499267578125 174.86900329589844 C139.80499267578125 174.86900329589844 142.697998046875 173.94700622558594 145.18099975585938 172.2010040283203 C149.75 168.95399475097656 152.11599731445312 163.25900268554688 151.20799255371094 157.69200134277344 L145.3470001220703 121.63200378417969 L170.6230010986328 95.6259994506836 C174.50100708007812 91.64299774169922 175.81199645996094 85.86699676513672 174.04299926757812 80.53900146484375 C172.2790069580078 75.27400207519531 167.8159942626953 71.48999786376953 162.39999389648438 70.66400146484375 L128.03199768066406 65.39600372314453 L113.0999984741211 33.449005126953125 C110.70099639892578 28.316001892089844 105.52100372314453 24.996002197265625 99.90399932861328 24.996002197265625 L99.90399932861328 24.996002197265625 Z""></path></svg>"
616da53d0b6c10cb4b9658b6cf8f04c1,"<svg xmlns=""http://www.w3.org/2000/svg"" viewBox=""0.0 0.0 200.0 200.0"" height=""200.0px"" width=""200.0px""><path fill="""" fill-opacity=""1.0""  filling=""0"" d=""M180.5625 56.937496185302734 L148.0625 56.937496185302734 L130.0625 28.5625 A6.25 6.25 0.0 0 0 125.0 25.6875 L73.3125 25.6875 A6.25 6.25 0.0 0 0 68.0 28.625 L50.0 56.937496185302734 L18.0625 56.937496185302734 A6.25 6.25 0.0 0 0 11.8125 63.187496185302734 L11.8125 169.4375 A6.25 6.25 0.0 0 0 18.0625 175.6875 L180.5625 175.6875 A6.25 6.25 0.0 0 0 186.8125 169.4375 L186.8125 63.187496185302734 A6.25 6.25 0.0 0 0 180.5625 56.937496185302734 Z M174.3125 163.1875 L24.3125 163.1875 L24.3125 69.4375 L53.625 69.4375 A6.25 6.25 0.0 0 0 58.9375 66.5 L76.75 38.187503814697266 L121.3125 38.187503814697266 L139.375 66.5625 A6.25 6.25 0.0 0 0 144.625 69.4375 L174.3125 69.4375 L174.3125 163.1875 Z M99.3125 75.6875 A37.5 37.5 0.0 1 0 136.8125 113.1875 A37.5 37.5 0.0 0 0 99.3125 75.6875 Z M99.3125 138.1875 A25.0 25.0 0.0 1 1 124.3125 113.1875 A25.0 25.0 0.0 0 1 99.3125 138.1875 Z""></path></svg>"
2ecac2a7259aa42b1f34ae1ca7a84304,"<svg xmlns=""http://www.w3.org/2000/svg"" viewBox=""0.0 0.0 200.0 200.0"" height=""200.0px"" width=""200.0px""><path fill="""" fill-opacity=""1.0""  filling=""0"" d=""M139.29159545898438 124.9166030883789 C128.20840454101562 124.9166030883789 119.2083969116211 133.91659545898438 119.2083969116211 145.0 C119.2083969116211 156.08338928222656 128.20840454101562 165.08340454101562 139.29159545898438 165.08340454101562 C150.375 165.08340454101562 159.375 156.08338928222656 159.375 145.0 C159.375 133.91659545898438 150.375 124.9166030883789 139.29159545898438 124.9166030883789 Z M139.29159545898438 152.58340454101562 C135.125 152.58340454101562 131.70838928222656 149.16659545898438 131.70838928222656 145.0 C131.70838928222656 140.83340454101562 135.125 137.41659545898438 139.29159545898438 137.41659545898438 C143.45840454101562 137.41659545898438 146.875 140.83340454101562 146.875 145.0 C146.875 149.16659545898438 143.5 152.58340454101562 139.29159545898438 152.58340454101562 Z M161.45840454101562 106.625 L117.1666030883789 106.625 L95.0 145.0 L117.125 183.375 L161.41659545898438 183.375 L183.54159545898438 145.0 L161.45840454101562 106.625 Z M154.20840454101562 170.875 L124.33338928222656 170.875 L109.4166030883789 145.0 L124.33338928222656 119.125 L154.20840454101562 119.125 L169.125 145.0 L154.20840454101562 170.875 Z M75.4166030883789 169.29159545898438 C43.75 166.58340454101562 30.333396911621094 159.70838928222656 29.166603088378906 157.375 L29.166603088378906 133.58340454101562 C41.208396911621094 139.33340454101562 59.500003814697266 142.0 72.3333969116211 143.20840454101562 L73.75 143.33340454101562 C73.9583969116211 143.33340454101562 74.125 143.375 74.3333969116211 143.375 C77.5416030883789 143.375 80.25 140.95838928222656 80.54159545898438 137.70840454101562 C80.875 134.29159545898438 78.3333969116211 131.20840454101562 74.9166030883789 130.91661071777344 L73.5 130.79161071777344 C43.166603088378906 127.91659545898438 30.291603088378906 121.25 29.166603088378906 119.04159545898438 L29.166603088378906 95.20840454101562 C46.58340072631836 103.5416030883789 78.4583969116211 106.125 100.0 106.125 C130.25 106.125 180.91661071777344 101.0 183.20840454101562 82.0416030883789 C183.29159545898438 81.6666030883789 183.33340454101562 81.2916030883789 183.33340454101562 80.9166030883789 L183.33340454101562 40.91659927368164 C183.33340454101562 39.5 182.83340454101562 38.20840072631836 182.04159545898438 37.125003814697266 C173.79159545898438 21.333396911621094 128.08340454101562 16.916603088378906 100.0 16.916603088378906 C69.0416030883789 16.916603088378906 16.666603088378906 22.25 16.666603088378906 42.33340072631836 L16.666603088378906 157.375 C16.666603088378906 157.91661071777344 16.75 158.41659545898438 16.875 158.875 C19.0 174.58340454101562 53.500003814697266 179.95840454101562 74.375 181.70840454101562 C74.5416030883789 181.70840454101562 74.75 181.75 74.9166030883789 181.75 C78.125 181.75 80.875 179.29159545898438 81.125 176.04159545898438 C81.4166030883789 172.58340454101562 78.875 169.58340454101562 75.4166030883789 169.29159545898438 Z M100.0 93.625 C56.875003814697266 93.625 31.291603088378906 85.08340454101562 29.166603088378906 80.7083969116211 L29.166603088378906 56.875003814697266 C46.58340072631836 65.20840454101562 78.4583969116211 67.79159545898438 100.0 67.79159545898438 C121.54161071777344 67.79159545898438 153.41659545898438 65.20840454101562 170.83340454101562 56.875003814697266 L170.83340454101562 80.4166030883789 C168.33340454101562 85.1666030883789 142.83340454101562 93.625 100.0 93.625 Z M100.0 29.416603088378906 C141.91659545898438 29.416603088378906 167.25 37.5 170.66659545898438 42.33340072631836 C167.25 47.16659927368164 141.91659545898438 55.25 100.0 55.25 C58.083396911621094 55.25 32.75 47.16659927368164 29.333404541015625 42.33340072631836 C32.75 37.5 58.083396911621094 29.416603088378906 100.0 29.416603088378906 Z""></path></svg>"
9a0c9dc7-ff3e-45df-9040-01ea6572ab3c,"<svg fill=""none"" height=""128"" viewBox=""0 0 24 24"" width=""128"" xmlns=""http://www.w3.org/2000/svg""><path clip-rule=""evenodd"" d=""m3.5 4c-.83 0-1.5.67-1.5 1.5s.67 1.5 1.5 1.5h.5v-3zm2.5 0v4c0 3.31 2.69 6 6 6s6-2.69 6-6v-4zm14 0v3h.5c.83 0 1.5-.67 1.5-1.5s-.67-1.5-1.5-1.5zm-.06 5h.56c1.93 0 3.5-1.57 3.5-3.5s-1.57-3.5-3.5-3.5h-1.5-14-1.5c-1.93 0-3.5 1.57-3.5 3.5s1.57 3.5 3.5 3.5h.56c.45 3.62 3.32 6.49 6.94 6.94v1.58l-4.35 3.48h-.65c-.55 0-1 .45-1 1s.45 1 1 1h1 10 1c.55 0 1-.45 1-1s-.45-1-1-1h-.65l-4.35-3.48v-1.58c3.62-.45 6.49-3.32 6.94-6.94zm-7.94 10.28-2.15 1.72h4.3z"" fill=""#000000"" fill-rule=""evenodd""/></svg>"
8c32b0cc5f5d6cc5237154f5aefdad3a,"<svg xmlns=""http://www.w3.org/2000/svg"" viewBox=""0.0 0.0 200.0 200.0"" height=""200.0px"" width=""200.0px""><path fill=""#363F4D"" fill-opacity=""1.0""  filling=""0"" d=""M66.5999984741211 160.3000030517578 C68.9000015258789 162.60000610351562 72.69999694824219 162.60000610351562 75.0 160.89999389648438 L131.10000610351562 104.80000305175781 C132.8000030517578 102.5999984741211 133.3000030517578 99.9000015258789 132.39999389648438 97.80000305175781 C132.3000030517578 97.30000305175781 131.39999389648438 96.30000305175781 130.6999969482422 95.4000015258789 L75.30000305175781 40.099998474121094 C73.0 37.20000076293945 69.30000305175781 37.20000076293945 67.0 39.5 C64.69999694824219 41.79999923706055 64.69999694824219 45.5 67.0 47.79999923706055 L118.80000305175781 100.19999694824219 L66.5999984741211 151.8000030517578 C64.30000305175781 154.1999969482422 64.19999694824219 157.89999389648438 66.5999984741211 160.3000030517578 Z""></path></svg>"
e9e06f483926aa9173f47efdff47bdfd,"<svg xmlns=""http://www.w3.org/2000/svg"" viewBox=""0.0 0.0 200.0 200.0"" height=""200.0px"" width=""200.0px""><path fill=""#333333"" fill-opacity=""1.0""  filling=""0"" d=""M174.69000244140625 55.73899841308594 A5.910999774932861 5.910999774932861 0.0 0 0 174.4669952392578 54.749000549316406 L174.4530029296875 54.71099853515625 A6.061999797821045 6.061999797821045 0.0 0 0 174.13499450683594 53.939998626708984 C174.1179962158203 53.90599822998047 174.10299682617188 53.87099838256836 174.08599853515625 53.8380012512207 A5.9770002365112305 5.9770002365112305 0.0 0 0 173.64700317382812 53.11899948120117 C173.63600158691406 53.10300064086914 173.6280059814453 53.084999084472656 173.61700439453125 53.069000244140625 L144.03399658203125 12.214996337890625 C144.00999450683594 12.180999755859375 143.9810028076172 12.152000427246094 143.95599365234375 12.119003295898438 A6.059999942779541 6.059999942779541 0.0 0 0 143.66000366210938 11.757003784179688 C143.61099243164062 11.701995849609375 143.56300354003906 11.647003173828125 143.51199340820312 11.594001770019531 A6.2779998779296875 6.2779998779296875 0.0 0 0 143.16900634765625 11.263999938964844 C143.12399291992188 11.2239990234375 143.08200073242188 11.181999206542969 143.03599548339844 11.142997741699219 A5.932000160217285 5.932000160217285 0.0 0 0 142.51300048828125 10.747001647949219 L142.47999572753906 10.726997375488281 A6.041999816894531 6.041999816894531 0.0 0 0 141.94700622558594 10.41400146484375 C141.8979949951172 10.38800048828125 141.84800720214844 10.365997314453125 141.79800415039062 10.342002868652344 C141.6490020751953 10.268997192382812 141.4980010986328 10.201995849609375 141.3419952392578 10.141998291015625 C141.2830047607422 10.119003295898438 141.22300720214844 10.097999572753906 141.16299438476562 10.076995849609375 A6.072999954223633 6.072999954223633 0.0 0 0 140.70399475097656 9.936996459960938 C140.64100646972656 9.919998168945312 140.5780029296875 9.902999877929688 140.51499938964844 9.88800048828125 A5.613999843597412 5.613999843597412 0.0 0 0 140.0260009765625 9.800003051757812 C139.9669952392578 9.791999816894531 139.90899658203125 9.779998779296875 139.85000610351562 9.773002624511719 A6.007999897003174 6.007999897003174 0.0 0 0 139.17599487304688 9.733001708984375 L50.74300003051758 9.733001708984375 C38.255001068115234 9.733001708984375 28.095001220703125 19.89299774169922 28.095001220703125 32.38099670410156 L28.095001220703125 167.20799255371094 C28.095001220703125 179.6959991455078 38.255001068115234 189.8560028076172 50.74300003051758 189.8560028076172 L152.10899353027344 189.8560028076172 C164.5970001220703 189.8560028076172 174.75599670410156 179.6959991455078 174.75599670410156 167.20799255371094 L174.75599670410156 56.58700180053711 C174.75599670410156 56.29800033569336 174.72900390625 56.016998291015625 174.69000244140625 55.73899841308594 Z M145.17300415039062 34.249000549316406 L157.0030059814453 50.58700180053711 L145.17300415039062 50.58700180053711 L145.17300415039062 34.249000549316406 Z M152.10899353027344 177.8560028076172 L50.74300003051758 177.8560028076172 C44.87200164794922 177.8560028076172 40.095001220703125 173.07899475097656 40.095001220703125 167.20799255371094 L40.095001220703125 32.38099670410156 C40.095001220703125 26.51000213623047 44.87200164794922 21.733001708984375 50.74300003051758 21.733001708984375 L133.1739959716797 21.733001708984375 L133.1739959716797 56.58700180053711 A6.0 6.0 0.0 0 0 139.1739959716797 62.58700180053711 L162.7570037841797 62.58700180053711 L162.7570037841797 167.20799255371094 C162.75599670410156 173.07899475097656 157.97999572753906 177.8560028076172 152.10899353027344 177.8560028076172 Z""></path>
<path fill=""#333333"" fill-opacity=""1.0""  filling=""0"" d=""M129.8260040283203 64.32099914550781 L64.87000274658203 64.32099914550781 A6.0 6.0 0.0 0 0 64.87000274658203 76.32099914550781 L129.8260040283203 76.32099914550781 A6.0 6.0 0.0 0 0 129.8260040283203 64.32099914550781 Z M107.80599975585938 109.32599639892578 A6.0 6.0 0.0 0 0 107.80599975585938 97.32599639892578 L72.46299743652344 97.32599639892578 A6.0 6.0 0.0 0 0 72.46299743652344 109.32599639892578 L107.80599975585938 109.32599639892578 Z M129.8260040283203 130.3300018310547 L60.4630012512207 130.3300018310547 A6.0 6.0 0.0 0 0 60.4630012512207 142.3300018310547 L129.8249969482422 142.3300018310547 A6.0 6.0 0.0 0 0 129.8260040283203 130.3300018310547 Z""></path></svg>"
be0626beefd28e1e0dac6a99dfbc4654,"<svg xmlns=""http://www.w3.org/2000/svg"" viewBox=""0.0 0.0 200.0 200.0"" height=""200.0px"" width=""200.0px""><path fill="""" fill-opacity=""1.0""  filling=""0"" d=""M0.0 37.5 C0.0 23.7109375 11.2109375 12.5 25.0 12.5 L175.0 12.5 C188.7890625 12.5 200.0 23.7109375 200.0 37.5 L200.0 162.5 C200.0 176.2890625 188.7890625 187.5 175.0 187.5 L25.0 187.5 C11.2109375 187.5 0.0 176.2890625 0.0 162.5 L0.0 37.5 Z M25.0 37.5 L25.0 62.5 L50.0 62.5 L50.0 37.5 L25.0 37.5 Z M175.0 37.5 L75.0 37.5 L75.0 62.5 L175.0 62.5 L175.0 37.5 Z M25.0 87.5 L25.0 112.5 L50.0 112.5 L50.0 87.5 L25.0 87.5 Z M175.0 87.5 L75.0 87.5 L75.0 112.5 L175.0 112.5 L175.0 87.5 Z M25.0 137.5 L25.0 162.5 L50.0 162.5 L50.0 137.5 L25.0 137.5 Z M175.0 137.5 L75.0 137.5 L75.0 162.5 L175.0 162.5 L175.0 137.5 Z""></path></svg>"
ddeb75ae62bcf0b9d4020fed43425249,"<svg xmlns=""http://www.w3.org/2000/svg"" viewBox=""0.0 0.0 200.0 200.0"" height=""200.0px"" width=""200.0px""><path fill=""#000000"" fill-opacity=""1.0""  filling=""0"" d=""M108.3333969116211 128.83340454101562 L85.25 105.99999237060547 A159.59999084472656 159.59999084472656 0.0 0 0 118.58338928222656 46.58340072631836 L145.16659545898438 46.58340072631836 L145.16659545898438 28.166603088378906 L81.8333969116211 28.166603088378906 L81.8333969116211 10.0 L63.66659927368164 10.0 L63.66659927368164 28.166603088378906 L0.0 28.166603088378906 L0.0 46.249996185302734 L101.5833969116211 46.249996185302734 A144.3415985107422 144.3415985107422 0.0 0 1 72.75 95.0 A139.6750030517578 139.6750030517578 0.0 0 1 51.75 64.5833969116211 L33.333396911621094 64.5833969116211 A158.35000610351562 158.35000610351562 0.0 0 0 60.416603088378906 106.25 L14.333396911621094 151.66661071777344 L27.25 164.58340454101562 L72.75 119.08338928222656 L101.0 147.33340454101562 L108.3333969116211 128.83340454101562 Z M159.5 82.75 L140.91659545898438 82.75 L100.0 191.66659545898438 L118.1666030883789 191.66659545898438 L128.33340454101562 164.41659545898438 L171.58340454101562 164.41659545898438 L181.83340454101562 191.66659545898438 L200.0 191.66659545898438 L159.5 82.75 Z M135.66659545898438 146.33340454101562 L150.0 107.00000762939453 L164.75 146.33340454101562 L135.66659545898438 146.33340454101562 Z""></path></svg>"
33712ead-2ffa-41ac-8b3c-450418e64526,"<svg height=""128"" viewBox=""0 0 512 512"" width=""128"" xmlns=""http://www.w3.org/2000/svg""><path d=""m168.18 364.32h19.33v38.72l-22.18 22.18v23.78h17.52v18.57l-26.83 25.16-7.51 7.03-12.45 11.61-.69.62h-41.3v-285.96l41.99-2.36 33.03-1.81v95.11l23.22 23.22z"" fill=""#f3e4a2""/><path d=""m169.09 221.86v60.28c-10.57 2.64-21.62 4.1-33.03 4.1-14.67 0-28.78-2.36-41.99-6.67v-53.54l41.99-2.36z"" fill=""#040000"" opacity="".1""/><path d=""m261.21 82.6c-13.77-32.12-39.49-57.92-71.68-71.68-16.41-7.03-34.49-10.92-53.47-10.92-75.15 0-136.06 60.91-136.06 136.06 0 60.49 39.49 111.73 94.07 129.46 13.21 4.31 27.32 6.61 41.99 6.61 11.4 0 22.46-1.39 33.03-4.1.35 0 .63-.07.97-.21 2.64-.63 5.22-1.39 7.79-2.23 1.6-.49 3.13-1.04 4.73-1.67.21-.07.42-.14.56-.21 1.6-.56 3.2-1.18 4.8-1.88 4.31-1.74 8.55-3.75 12.65-5.98 1.6-.83 3.2-1.81 4.8-2.71 1.6-.97 3.2-1.95 4.73-2.99 1.6-.97 3.13-2.02 4.59-3.13 1.32-.9 2.57-1.81 3.82-2.78 1.88-1.39 3.69-2.85 5.49-4.38 2.64-2.3 5.21-4.66 7.72-7.09 1.32-1.25 2.64-2.57 3.82-3.96 1.25-1.32 2.5-2.71 3.69-4.1 1.25-1.46 2.36-2.85 3.55-4.31 1.18-1.46 2.3-2.92 3.34-4.38 1.11-1.53 2.16-3.06 3.2-4.59s2.02-3.06 2.99-4.66 1.88-3.2 2.78-4.8c.77-1.32 1.46-2.64 2.09-3.96.77-1.39 1.46-2.78 2.09-4.17.63-1.25 1.18-2.5 1.74-3.82 3.89-8.97 6.81-18.43 8.69-28.3.35-1.6.63-3.27.83-4.94.35-2.02.63-4.1.83-6.26.07-.35.07-.63.07-.97.28-2.15.42-4.31.49-6.47.14-2.36.21-4.66.21-7.02-.02-18.98-3.92-37.05-10.94-53.46zm-125.15 25.24c-19.95 0-36.15-16.13-36.15-36.15 0-19.95 16.2-36.15 36.15-36.15s36.15 16.2 36.15 36.15c.01 20.02-16.19 36.15-36.15 36.15z"" fill=""#f3e4a2""/><g fill=""#040000""><path d=""m131.47 304v207.36l-.68.64h-16.79v-208z"" opacity="".2""/><path d=""m155.98 366.94v125.79l-7.5 7.02v-132.81z"" opacity="".2""/><path d=""m272.13 136.06c0 2.36-.07 4.66-.21 7.02-.07 2.15-.21 4.31-.49 6.47 0 .35 0 .63-.07.97-.21 2.16-.49 4.24-.83 6.26-.21 1.67-.49 3.34-.83 4.94-1.88 9.87-4.8 19.33-8.69 28.3-.56 1.32-1.11 2.57-1.74 3.82-.63 1.39-1.32 2.78-2.09 4.17-.63 1.32-1.32 2.64-2.09 3.96-.9 1.6-1.81 3.2-2.78 4.8s-1.95 3.13-2.99 4.66-2.09 3.06-3.2 4.59c-1.04 1.46-2.15 2.92-3.34 4.38-1.18 1.46-2.29 2.85-3.55 4.31-1.18 1.39-2.43 2.78-3.69 4.1s-2.57 2.71-3.82 3.96c-2.5 2.43-5.08 4.8-7.72 7.09-1.81 1.53-3.62 2.99-5.49 4.38-1.25.97-2.5 1.88-3.82 2.78-1.46 1.11-2.99 2.15-4.59 3.13-1.53 1.04-3.13 2.02-4.73 2.99-1.6.9-3.2 1.88-4.8 2.71-4.1 2.23-8.34 4.24-12.65 5.98-1.6.7-3.2 1.32-4.8 1.88-.14.07-.35.14-.56.21-1.6.63-3.13 1.18-4.73 1.67-2.57.83-5.15 1.6-7.79 2.23-.35.14-.63.21-.97.28v48.88l23.22 23.22-24.13 24.13h19.33v38.73l-22.18 22.18v23.78h17.52v18.56l-26.84 25.17-7.51 7.02-12.45 11.61v-403.54c19.95 0 36.15-16.13 36.15-36.15 0-19.95-16.2-36.15-36.15-36.15v-35.54c18.98 0 37.06 3.89 53.47 10.92 32.19 13.77 57.92 39.56 71.68 71.68 7.05 16.41 10.95 34.48 10.95 53.46z"" opacity="".2""/></g></svg>"
f589c2b36017997b6cf8fec88a1b0210,"<svg fill=""none"" height=""128"" viewBox=""0 0 24 24"" width=""128"" xmlns=""http://www.w3.org/2000/svg""><g stroke=""#000000"" stroke-linecap=""round"" stroke-linejoin=""round"" stroke-width=""2""><path d=""m4 6h16l-1.58 14.22c-.11 1.01-.97 1.78-1.99 1.78h-8.86c-1.02 0-1.88-.77-1.99-1.78z""/><path d=""m7.34 3.15c.34-.7 1.04-1.15 1.81-1.15h5.7c.77 0 1.47.45 1.81 1.15l1.34 2.85h-12z""/><path d=""m2 6h20""/><path d=""m10 11v5""/><path d=""m14 11v5""/></g></svg>"
c321f45ec36cd318121742cf86b4bbe3,"<svg xmlns=""http://www.w3.org/2000/svg"" viewBox=""0.0 0.0 200.0 200.0"" height=""200.0px"" width=""200.0px""><path fill=""#0071D2"" fill-opacity=""1.0""  filling=""0"" d=""M26.371002197265625 108.35800170898438 A5.651000022888184 5.651000022888184 0.0 1 1 37.66699981689453 108.35800170898438 A5.651000022888184 5.651000022888184 0.0 0 1 26.371002197265625 108.35800170898438 Z M35.061004638671875 79.81400299072266 A8.864999771118164 8.864999771118164 0.0 1 1 52.790000915527344 79.81400299072266 A8.864999771118164 8.864999771118164 0.0 0 1 35.06700134277344 79.81400299072266 L35.061004638671875 79.81400299072266 Z M67.80599975585938 56.5890007019043 A11.4399995803833 11.4399995803833 0.0 1 1 90.68000030517578 56.5890007019043 A11.4399995803833 11.4399995803833 0.0 0 1 67.80599975585938 56.5890007019043 Z M111.06700134277344 56.5890007019043 A14.359999656677246 14.359999656677246 0.0 1 1 139.79200744628906 56.5890007019043 A14.359999656677246 14.359999656677246 0.0 0 1 111.06700134277344 56.5890007019043 Z M198.21299743652344 42.60499954223633 A5.045000076293945 5.045000076293945 0.0 0 1 198.71299743652344 49.71900177001953 L122.47599792480469 137.50900268554688 L105.21499633789062 149.51800537109375 L114.83599853515625 130.60699462890625 L190.92999267578125 42.9739990234375 A5.045000076293945 5.045000076293945 0.0 0 1 198.0500030517578 42.472999572753906 L198.1999969482422 42.597999572753906 L198.21299743652344 42.60499954223633 Z M185.1719970703125 91.33499908447266 A5.144999980926514 5.144999980926514 0.0 0 1 190.2989959716797 96.88700103759766 L190.31700134277344 96.88700103759766 C189.91099548339844 101.56300354003906 178.7209930419922 144.2729949951172 147.46299743652344 162.81500244140625 C95.36900329589844 193.72300720214844 61.21699905395508 170.55499267578125 54.38999938964844 159.52099609375 C49.676998138427734 151.89999389648438 46.07600021362305 143.51100158691406 43.32500076293945 140.3470001220703 C39.005001068115234 135.39599609375 19.507003784179688 147.21200561523438 6.191001892089844 132.27699279785156 C-7.1309967041015625 117.33599853515625 -3.0989990234375 57.60200119018555 60.67900085449219 28.938995361328125 C119.08100128173828 2.6949996948242188 160.9040069580078 34.678001403808594 167.52999877929688 40.25400161743164 A4.988999843597412 4.988999843597412 0.0 1 1 161.34100341796875 48.08700180053711 C145.593994140625 34.98400115966797 114.21099853515625 23.20600128173828 77.35800170898438 32.98400115966797 C24.688995361328125 46.70000076293945 3.44000244140625 102.11900329589844 12.443000793457031 123.5 C17.287002563476562 135.0019989013672 40.35599899291992 124.48699951171875 49.47700119018555 132.07000732421875 C52.87699890136719 134.89599609375 58.847999572753906 146.55499267578125 62.766998291015625 153.46299743652344 C69.89399719238281 166.0469970703125 108.27899932861328 175.843994140625 141.81199645996094 154.07000732421875 C172.8939971923828 133.88999938964844 180.02099609375 96.08000183105469 180.02099609375 96.08000183105469 L180.0399932861328 96.08000183105469 A5.144999980926514 5.144999980926514 0.0 0 1 185.16600036621094 91.33499908447266 L185.1719970703125 91.33499908447266 Z""></path></svg>"
3c4fae8973f3201cc56bf021d6c28a05,"<svg xmlns=""http://www.w3.org/2000/svg"" viewBox=""0.0 0.0 200.0 200.0"" height=""200.0px"" width=""200.0px""><path fill=""#678399"" fill-opacity=""1.0""  filling=""0"" d=""M103.46199798583984 20.69000244140625 L96.53700256347656 20.69000244140625 C92.73699951171875 20.69000244140625 89.65499877929688 17.60700225830078 89.65499877929688 13.806999206542969 L89.65499877929688 6.883003234863281 C89.65499877929688 3.0830001831054688 92.73699951171875 0.0 96.53700256347656 0.0 L103.46199798583984 0.0 C107.26100158691406 0.0 110.34400177001953 3.0830001831054688 110.34400177001953 6.883003234863281 L110.34400177001953 13.806999206542969 C110.34400177001953 17.60700225830078 107.26100158691406 20.69000244140625 103.46199798583984 20.69000244140625""></path>
<path fill=""#4E667C"" fill-opacity=""1.0""  filling=""0"" d=""M109.39399719238281 3.447998046875 C109.98300170898438 4.461997985839844 110.34500122070312 5.624000549316406 110.34500122070312 6.883003234863281 L110.34500122070312 13.806999206542969 C110.34500122070312 15.066001892089844 109.98300170898438 16.227996826171875 109.39399719238281 17.240997314453125 L141.3800048828125 17.240997314453125 L141.3800048828125 3.447998046875 L109.39399719238281 3.447998046875 Z""></path>
<path fill=""#4E667C"" fill-opacity=""1.0""  filling=""0"" d=""M89.65499877929688 13.806999206542969 L89.65499877929688 6.8820037841796875 C89.65499877929688 5.624000549316406 90.01699829101562 4.461997985839844 90.60700225830078 3.447998046875 L58.62099838256836 3.447998046875 L58.62099838256836 17.240997314453125 L90.60700225830078 17.240997314453125 C90.01699829101562 16.22699737548828 89.65499877929688 15.06500244140625 89.65499877929688 13.806999206542969""></path>
<path fill=""#35495E"" fill-opacity=""1.0""  filling=""0"" d=""M141.37899780273438 17.240997314453125 L109.39299774169922 17.240997314453125 C108.2030029296875 19.292999267578125 106.00599670410156 20.69000244140625 103.46199798583984 20.69000244140625 L96.53800201416016 20.69000244140625 C93.99299621582031 20.69000244140625 91.7959976196289 19.292999267578125 90.60700225830078 17.240997314453125 L58.62099838256836 17.240997314453125 C35.84199523925781 40.069000244140625 46.7760009765625 112.85099792480469 51.7239990234375 193.1020050048828 C51.7239990234375 193.1020050048828 82.75900268554688 199.99899291992188 100.0 199.99899291992188 C117.24099731445312 199.99899291992188 148.27499389648438 193.1020050048828 148.27499389648438 193.1020050048828 C153.2239990234375 112.85099792480469 164.1580047607422 40.069000244140625 141.37899780273438 17.240997314453125""></path>
<path fill=""#21313F"" fill-opacity=""1.0""  filling=""0"" d=""M127.05799865722656 24.649002075195312 C123.71700286865234 22.270004272460938 120.375 19.893997192382812 117.24099731445312 17.24200439453125 L109.39299774169922 17.24200439453125 C108.2030029296875 19.29399871826172 106.00599670410156 20.691001892089844 103.46199798583984 20.691001892089844 L96.53800201416016 20.691001892089844 C93.99299621582031 20.691001892089844 91.7959976196289 19.29399871826172 90.60700225830078 17.24200439453125 L82.75900268554688 17.24200439453125 C79.6240005493164 19.893997192382812 76.28299713134766 22.270004272460938 72.94100189208984 24.649002075195312 C64.20700073242188 30.87000274658203 61.375999450683594 41.4900016784668 62.069000244140625 51.724998474121094 C62.930999755859375 64.43800354003906 69.39700317382812 196.54800415039062 69.39700317382812 196.54800415039062 L69.4000015258789 196.552001953125 C79.31400299072266 198.2760009765625 91.37999725341797 200.0 100.0 200.0 C108.62100219726562 200.0 120.68599700927734 198.2760009765625 130.60000610351562 196.552001953125 L130.60400390625 196.54800415039062 C130.60400390625 196.54800415039062 137.06900024414062 64.43800354003906 137.93099975585938 51.724998474121094 C138.62399291992188 41.4900016784668 135.79299926757812 30.87000274658203 127.05799865722656 24.649002075195312""></path></svg>"
c8ecb42b67d98b80728ae0800580c7f5,"<svg xmlns=""http://www.w3.org/2000/svg"" viewBox=""0.0 0.0 200.0 200.0"" height=""200.0px"" width=""200.0px""><path fill=""currentColor"" fill-opacity=""1.0""  filling=""0"" d=""M176.56199645996094 145.8979949951172 L23.438003540039062 145.8979949951172 C22.5780029296875 145.8979949951172 21.875 146.6020050048828 21.875 147.46099853515625 L21.875 158.3979949951172 C21.875 159.25799560546875 22.5780029296875 159.96099853515625 23.438003540039062 159.96099853515625 L176.56199645996094 159.96099853515625 C177.4219970703125 159.96099853515625 178.125 159.25799560546875 178.125 158.3979949951172 L178.125 147.46099853515625 C178.125 146.6020050048828 177.4219970703125 145.8979949951172 176.56199645996094 145.8979949951172 Z M32.362998962402344 121.44499969482422 L40.117000579833984 129.16000366210938 C40.722999572753906 129.76600646972656 41.71900177001953 129.76600646972656 42.32400131225586 129.16000366210938 L88.16400146484375 83.47699737548828 L107.22699737548828 102.4800033569336 C109.66799926757812 104.9020004272461 113.61299896240234 104.9020004272461 116.05500030517578 102.4800033569336 L167.656005859375 51.07400131225586 C168.26199340820312 50.46900177001953 168.26199340820312 49.472999572753906 167.656005859375 48.867000579833984 L159.90199279785156 41.132999420166016 C159.2969970703125 40.527000427246094 158.30099487304688 40.527000427246094 157.69500732421875 41.132999420166016 L111.66000366210938 87.03099822998047 L92.5780029296875 68.0270004272461 C90.13700103759766 65.6050033569336 86.19100189208984 65.6050033569336 83.75 68.0270004272461 L32.362998962402344 119.23799896240234 C31.75799560546875 119.84400177001953 31.737998962402344 120.83999633789062 32.362998962402344 121.44499969482422 Z""></path></svg>"
6eca3b2c4fa89b8a75aae63e1e99d965,"<svg xmlns=""http://www.w3.org/2000/svg"" viewBox=""0.0 0.0 200.0 200.0"" height=""200.0px"" width=""200.0px""><path fill=""#7684A0"" fill-opacity=""1.0""  filling=""0"" d=""M152.89999389648438 78.30000305175781 L132.89999389648438 98.30000305175781 L118.30000305175781 42.79999923706055 A5.0 5.0 0.0 0 0 108.30000305175781 42.79999923706055 L90.9000015258789 92.80000305175781 L78.0 52.79999923706055 A5.0 5.0 0.0 0 0 73.19999694824219 49.29999923706055 A5.0 5.0 0.0 0 0 68.4000015258789 52.79999923706055 L55.79999923706055 94.30000305175781 L42.79999923706055 96.30000305175781 A5.0 5.0 0.0 0 0 44.29999923706055 106.30000305175781 L60.0 103.69999694824219 A5.0 5.0 0.0 0 0 64.0 100.19999694824219 L73.4000015258789 70.19999694824219 L86.0 109.69999694824219 A5.0 5.0 0.0 0 0 90.69999694824219 113.19999694824219 A4.5 4.5 0.0 0 0 95.80000305175781 110.0 L112.80000305175781 61.400001525878906 L126.0 109.69999694824219 A5.0 5.0 0.0 0 0 129.60000610351562 113.19999694824219 L130.89999389648438 113.19999694824219 A5.0 5.0 0.0 0 0 134.5 111.69999694824219 L160.0 85.4000015258789 A5.0 5.0 0.0 1 0 152.89999389648438 78.4000015258789 L152.89999389648438 78.30000305175781 Z""></path>
<path fill=""#7684A0"" fill-opacity=""1.0""  filling=""0"" d=""M190.0 0.0 L10.0 0.0 A10.0 10.0 0.0 0 0 0.0 10.0 L0.0 142.0 A10.0 10.0 0.0 0 0 10.0 152.0 L167.5 152.0 A10.0 10.0 0.0 0 0 167.5 132.0 L20.0 132.0 L20.0 20.0 L180.0 20.0 L180.0 80.0 A10.0 10.0 0.0 0 0 200.0 80.0 L200.0 10.0 A10.0 10.0 0.0 0 0 190.0 0.0 Z M151.39999389648438 180.0 L48.599998474121094 180.0 A10.0 10.0 0.0 0 0 48.599998474121094 200.0 L151.39999389648438 200.0 A10.0 10.0 0.0 1 0 151.39999389648438 180.0 Z""></path></svg>"
4a4873e4c365c59b08392cb0a3e4a5a2,"<svg xmlns=""http://www.w3.org/2000/svg"" viewBox=""0.0 0.0 200.0 200.0"" height=""200.0px"" width=""200.0px""><path fill=""currentColor"" fill-opacity=""1.0""  filling=""0"" d=""M143.75 34.375 L56.25 34.375 C42.444000244140625 34.375 31.25 45.569000244140625 31.25 59.375 L31.25 115.625 C31.25 129.43099975585938 42.444000244140625 140.625 56.25 140.625 L87.5 140.625 L112.5 165.625 L112.5 140.625 L143.75 140.625 C157.55599975585938 140.625 168.75 129.43099975585938 168.75 115.625 L168.75 59.375 C168.75 45.569000244140625 157.55599975585938 34.375 143.75 34.375 Z""></path></svg>"
403dd46dcbadef8e7a82aabda5c0d5ce,"<svg xmlns=""http://www.w3.org/2000/svg"" viewBox=""0.0 0.0 200.0 200.0"" height=""200.0px"" width=""200.0px""><path fill=""#D9D9D9"" fill-opacity=""1.0""  filling=""0"" d=""M78.375 100.0 L135.91250610351562 164.58749389648438 A6.25 6.25 0.0 1 1 126.58749389648438 172.91250610351562 L65.3375015258789 104.16250610351562 A6.25 6.25 0.0 0 1 65.3375015258789 95.83749389648438 L126.58749389648438 27.087493896484375 A6.25 6.25 0.0 1 1 135.91250610351562 35.412506103515625 L78.375 100.0 Z""></path></svg>"
14e2bada9947c9771638f4c8de86a362,"<svg xmlns=""http://www.w3.org/2000/svg"" viewBox=""0.0 0.0 200.0 200.0"" height=""200.0px"" width=""200.0px""><path fill=""#2B629D"" fill-opacity=""1.0""  filling=""0"" d=""M174.96875 156.3330078125 C174.96875 160.00547790527344 171.99160766601562 162.98301696777344 168.31875610351562 162.98301696777344 L45.28730392456055 162.98301696777344 C41.61347579956055 162.98301696777344 38.63613510131836 160.00527954101562 38.63613510131836 156.3330078125 L51.52167510986328 74.1861343383789 C51.52167510986328 70.51249694824219 54.49882888793945 67.53495788574219 58.17167663574219 67.53495788574219 L181.20352172851562 67.53495788574219 C184.87637329101562 67.53495788574219 187.85369873046875 70.5126953125 187.85369873046875 74.1861343383789 L174.96875 156.3330078125 Z M159.8185577392578 63.594730377197266 C149.01229858398438 63.594730377197266 58.58749771118164 63.594730377197266 54.84648513793945 63.594730377197266 C52.768165588378906 63.802146911621094 48.196292877197266 65.6728515625 47.15703201293945 72.32304382324219 L33.025390625 162.9912109375 C33.025390625 162.9912109375 26.582618713378906 161.1505889892578 25.751754760742188 154.9162139892578 C24.920310974121094 148.68124389648438 12.8662109375 46.152732849121094 12.8662109375 46.152732849121094 C12.8662109375 46.152732849121094 10.7880859375 37.008785247802734 18.685935974121094 37.008785247802734 C26.582809448242188 37.008785247802734 66.90058898925781 37.008785247802734 72.7193374633789 37.008785247802734 C78.5384750366211 37.008785247802734 81.44804382324219 46.152732849121094 81.44804382324219 46.152732849121094 C81.44804382324219 46.152732849121094 83.52656555175781 52.38261795043945 87.68339538574219 52.38261795043945 C91.83906555175781 52.38261795043945 149.84335327148438 52.38261795043945 160.2345733642578 52.38261795043945 C170.6261749267578 52.38261795043945 170.6261749267578 63.594730377197266 159.8185577392578 63.594730377197266 Z""></path></svg>"
2e7630a66e4c461b4ba8832fb2c9eb05,"<svg xmlns=""http://www.w3.org/2000/svg"" viewBox=""0.0 0.0 200.0 200.0"" height=""200.0px"" width=""200.0px""><path fill="""" fill-opacity=""1.0""  filling=""0"" d=""M136.07421875 50.937496185302734 L122.28515625 36.484371185302734 C120.625 34.74609375 117.83203125 34.7265625 116.15234375 36.464847564697266 L68.22265625 86.34765625 C66.85546875 87.7734375 66.8359375 90.0390625 68.203125 91.484375 L82.71484375 106.71875762939453 C84.1796875 108.2421875 86.62109375 108.26171875 88.0859375 106.73828125 L136.0546875 56.81640625 C137.63671875 55.15625 137.63671875 52.578128814697266 136.07421875 50.937496185302734 Z M138.22265625 133.49609375 L50.1953125 133.49609375 C47.421871185302734 133.49609375 45.21484375 135.8203125 45.21484375 138.7109375 C45.21484375 141.6015625 47.421871185302734 143.92578125 50.1953125 143.92578125 L138.2421875 143.92578125 C141.015625 143.92578125 143.22265625 141.6015625 143.22265625 138.7109375 C143.203125 135.8203125 140.99609375 133.49609375 138.22265625 133.49609375 Z M152.34375 39.296878814697266 C155.60546875 35.87890625 155.60546875 30.33203125 152.34375 26.93359375 L144.4921875 18.69140625 C141.2109375 15.2734375 135.95703125 15.2734375 132.6953125 18.69140625 L125.64453125 26.07421875 C124.08203125 27.71484375 124.08203125 30.29296875 125.64453125 31.93359375 L139.43359375 46.38671875 C141.09375 48.14453125 143.90625 48.14453125 145.56640625 46.38671875 L152.34375 39.296878814697266 Z M77.65625 109.47265625 L66.0546875 97.3046875 C64.140625 95.3125 60.800777435302734 96.015625 59.86328125 98.61328125 L51.875 120.9765625 C51.132808685302734 123.06640625 53.22265625 125.05859375 55.2734375 124.19921875 L76.38671875 115.44921112060547 C78.7890625 114.47264862060547 79.453125 111.3671875 77.65625 109.47265625 Z M200.0 50.625003814697266 C199.98046875 49.960933685302734 199.78515625 49.31640625 199.4140625 48.73046875 C198.53515625 47.34375 196.81640625 46.523441314697266 194.8046875 46.523441314697266 L173.75 46.523441314697266 C170.99609375 46.523441314697266 168.75 48.769535064697266 168.75 51.523433685302734 C168.75 54.27734375 170.99609375 56.5234375 173.75 56.5234375 L186.73828125 56.5234375 C188.41796875 56.5234375 189.78515625 57.890625 189.78515625 59.5703125 L189.78515625 156.6796875 C189.78515625 159.2578125 187.6953125 161.3671875 185.09765625 161.3671875 L17.265625 161.3671875 C14.16015625 161.3671875 11.62109375 158.84765625 11.62109375 155.72265625 L11.62109375 61.2109375 C11.62109375 58.61328125 13.7109375 56.5234375 16.30859375 56.5234375 L51.640625 56.5234375 C54.39453125 56.5234375 56.640625 54.27734375 56.640625 51.523433685302734 C56.640625 48.769535064697266 54.39453125 46.523441314697266 51.640625 46.523441314697266 L6.62109375 46.523441314697266 C3.59375 46.523441314697266 1.0546875 48.26171875 0.17578125 50.95703125 L0.078125 51.25 L0.078125 172.265625 L0.0 172.265625 L0.0 178.84765625 C0.0 181.5234375 2.34375 183.8671875 5.0 183.8671875 L194.94140625 183.8671875 C197.55859375 183.8671875 199.94140625 181.484375 199.94140625 178.84765625 L199.94140625 172.265625 C199.94140625 172.24609375 200.0 51.0546875 200.0 50.625003814697266 Z M116.796875 176.9921875 L82.87109375 176.9921875 C80.78125 176.9921875 79.1015625 175.29296875 79.1015625 173.22265625 C79.1015625 171.1328125 80.80078125 169.453125 82.87109375 169.453125 L116.796875 169.453125 C118.88671875 169.453125 120.56640625 171.15234375 120.56640625 173.22265625 C120.56640625 175.29296875 118.8671875 176.9921875 116.796875 176.9921875 Z""></path></svg>"
037dde66e5c63733fa3d155d56e83a2e,"<svg xmlns=""http://www.w3.org/2000/svg"" viewBox=""0.0 0.0 200.0 200.0"" height=""200.0px"" width=""200.0px""><path fill=""currentColor"" fill-opacity=""1.0""  filling=""0"" d=""M174.9219970703125 29.061996459960938 C174.74600219726562 25.19499969482422 171.62100219726562 22.10900115966797 167.75399780273438 21.972999572753906 L102.34400177001953 19.76599884033203 C100.29299926757812 19.688003540039062 98.3010025024414 20.46900177001953 96.8550033569336 21.91400146484375 L18.729995727539062 99.60900115966797 C15.819999694824219 102.5 15.801002502441406 107.20700073242188 18.71099853515625 110.11699676513672 L87.18800354003906 178.96499633789062 C90.0780029296875 181.875 94.78500366210938 181.89500427246094 97.69499969482422 178.98399353027344 L175.76199340820312 101.3479995727539 C177.24600219726562 99.86299896240234 178.0469970703125 97.83200073242188 177.94900512695312 95.74199676513672 L174.9219970703125 29.061996459960938 Z M140.72300720214844 71.4260025024414 C132.12899780273438 71.4260025024414 125.1760025024414 64.4530029296875 125.1760025024414 55.87900161743164 C125.1760025024414 47.28499984741211 132.1479949951172 40.332000732421875 140.72300720214844 40.332000732421875 C149.3159942626953 40.332000732421875 156.27000427246094 47.30500030517578 156.27000427246094 55.87900161743164 C156.27000427246094 64.4530029296875 149.2969970703125 71.4260025024414 140.72300720214844 71.4260025024414 Z""></path></svg>"
ebdf859d921b2cfdcb73d16f47016fcb,"<svg xmlns=""http://www.w3.org/2000/svg"" viewBox=""0.0 0.0 200.0 200.0"" height=""200.0px"" width=""200.0px""><path fill=""#4F4F4F"" fill-opacity=""1.0""  filling=""0"" d=""M178.671875 100.95703887939453 C178.33984375 59.74609375 146.11328125 26.015625 105.52734375 23.203125 L105.52734375 18.3984375 C105.52734375 15.390625 103.0859375 12.94921875 100.07813262939453 12.94921875 C97.0703125 12.94921875 94.62890625 15.390625 94.62890625 18.3984375 L94.62890625 23.203125 C75.99609375 24.47265625 58.59375 32.2265625 45.1171875 45.390625 C30.37109375 59.804691314697266 21.9921875 79.1015625 21.484375 99.6875 C21.40625 102.63671875 23.69140625 105.09764862060547 26.640625 105.25391387939453 C29.58984375 105.46875 32.12890625 103.20313262939453 32.36328125 100.27344512939453 C32.9296875 93.69140625 38.535152435302734 88.53515625 45.13671875 88.53515625 C52.207027435302734 88.53515625 57.968746185302734 94.296875 57.968746185302734 101.3671875 C57.968746185302734 104.37500762939453 60.410152435302734 106.81641387939453 63.417972564697266 106.81641387939453 C66.42578125 106.81641387939453 68.8671875 104.37500762939453 68.8671875 101.3671875 C68.8671875 94.27734375 74.62890625 88.53515625 81.69921875 88.53515625 C88.76953125 88.53515625 94.53125 94.296875 94.53125 101.3671875 C94.53125 104.37500762939453 96.97265625 106.81641387939453 99.98046875 106.81641387939453 C102.98828125 106.81641387939453 105.4296875 104.37500762939453 105.4296875 101.3671875 C105.4296875 94.27734375 111.19140625 88.53515625 118.28125 88.53515625 C125.33203125 88.53515625 131.07421875 94.2578125 131.11328125 101.30859375 L131.11328125 101.6015625 C131.11328125 104.60936737060547 133.5546875 107.05077362060547 136.5625 107.05077362060547 L136.58203125 107.05077362060547 C139.58984375 107.05077362060547 142.03125 104.60936737060547 142.03125 101.6015625 L142.03125 101.34766387939453 C142.05078125 94.27734375 147.8125 88.5546875 154.86328125 88.5546875 C161.9140625 88.5546875 167.63671875 94.2578125 167.6953125 101.26953125 L167.6953125 101.6015625 C167.6953125 104.60936737060547 170.13671875 107.05077362060547 173.14453125 107.05077362060547 L173.22265625 107.05077362060547 C176.23046875 107.05077362060547 178.671875 104.60936737060547 178.671875 101.6015625 C178.7109375 101.38671112060547 178.69140625 101.171875 178.671875 100.95703887939453 Z M45.156253814697266 77.65625 C41.9921875 77.65625 38.9453125 78.30078125 36.15234375 79.453125 C43.203128814697266 59.414066314697266 59.4921875 43.57421875 79.7265625 37.08984375 C70.78125 47.36328125 64.21875 64.27734375 61.81640625 84.4921875 C57.51953125 80.2734375 51.640625 77.65625 45.156253814697266 77.65625 Z M118.3203125 77.65625 C112.81249237060547 77.65625 107.73436737060547 79.53125 103.7109375 82.6953125 L103.7109375 51.503910064697266 C103.7109375 49.4921875 102.08984375 47.87109375 100.07813262939453 47.87109375 C98.06640625 47.87109375 96.4453125 49.4921875 96.4453125 51.503910064697266 L96.4453125 82.7734375 C92.40234375 79.5703125 87.28515625 77.65625 81.73828125 77.65625 C77.3046875 77.65625 73.1640625 78.88671875 69.609375 81.015625 C73.4765625 55.624996185302734 84.2578125 36.582027435302734 97.0703125 33.984375 C98.06640625 33.9453125 99.0625 33.90625 100.05859375 33.90625 C101.03515625 33.90625 102.01171875 33.92578125 102.98828125 33.96484375 C115.74217987060547 36.54296875 126.6015625 55.800785064697266 130.52734375 81.0546875 C126.953125 78.90625 122.79296875 77.65625 118.3203125 77.65625 Z M154.90234375 77.65625 C148.4765625 77.65625 142.63671875 80.21484375 138.359375 84.39453125 C135.9765625 64.19921875 129.47265625 47.324214935302734 120.546875 37.08984375 C140.87890625 43.5546875 157.08984375 59.375 164.0625 79.4921875 C161.25 78.30078125 158.14453125 77.65625 154.90234375 77.65625 Z M123.65234375 165.0390625 C120.64453125 165.0390625 118.203125 167.48046875 118.203125 170.48828125 C118.203125 173.984375 115.35155487060547 176.85546875 111.83592987060547 176.85546875 C108.33984375 176.85546875 105.46875 174.00390625 105.46875 170.48828125 L105.46875 121.11328125 C105.46875 118.10546875 103.02734375 115.6640625 100.01952362060547 115.6640625 C97.01171875 115.6640625 94.5703125 118.10546875 94.5703125 121.11328125 L94.5703125 170.48828125 C94.5703125 180.0 102.32422637939453 187.75390625 111.83592987060547 187.75390625 C121.34765625 187.75390625 129.1015625 180.01953125 129.1015625 170.48828125 C129.1015625 167.48046875 126.66015625 165.0390625 123.65234375 165.0390625 Z""></path></svg>"
ac4acd9150326a0101068a3d40828e80,"<svg xmlns=""http://www.w3.org/2000/svg"" viewBox=""0.0 0.0 200.0 200.0"" height=""200.0px"" width=""200.0px""><path fill=""#07A1A5"" fill-opacity=""1.0""  filling=""0"" d=""M13.040000915527344 56.13999938964844 L188.39300537109375 56.13999938964844 L188.39300537109375 63.07500076293945 L13.040000915527344 63.07500076293945 L13.040000915527344 56.13999938964844 M187.4199981689453 65.29900360107422 L14.043998718261719 65.29900360107422 L14.043998718261719 154.89599609375 L31.490997314453125 154.89599609375 L31.490997314453125 170.02699279785156 L48.051998138427734 170.02699279785156 L48.051998138427734 154.89599609375 L151.6699981689453 154.89599609375 L151.6699981689453 170.02699279785156 L168.2310028076172 170.02699279785156 L168.2310028076172 154.89599609375 L187.4499969482422 154.89599609375 L187.4499969482422 65.29900360107422 L187.4199981689453 65.29900360107422 M183.46299743652344 109.83200073242188 L128.5260009765625 109.83200073242188 L128.5260009765625 72.88999938964844 L183.46299743652344 72.88999938964844 L183.46299743652344 109.83200073242188 M76.71700286865234 72.88999938964844 L124.5989990234375 72.88999938964844 L124.5989990234375 148.0279998779297 L76.71700286865234 148.0279998779297 L76.71700286865234 72.88999938964844 M72.76100158691406 72.88999938964844 L72.76100158691406 109.83200073242188 L17.970001220703125 109.83200073242188 L17.970001220703125 72.88999938964844 L72.76100158691406 72.88999938964844 M17.970001220703125 113.11900329589844 L72.76100158691406 113.11900329589844 L72.76100158691406 148.0279998779297 L17.970001220703125 148.0279998779297 L17.970001220703125 113.11900329589844 M44.06700134277344 166.1060028076172 L35.38800048828125 166.1060028076172 L35.38800048828125 154.947998046875 L44.06700134277344 154.947998046875 L44.06700134277344 166.1060028076172 M164.24600219726562 166.63499450683594 L155.56700134277344 166.63499450683594 L155.56700134277344 154.94700622558594 L164.24600219726562 154.94700622558594 L164.24600219726562 166.63499450683594 M128.5260009765625 148.0279998779297 L128.5260009765625 113.11900329589844 L183.46299743652344 113.11900329589844 L183.46299743652344 148.0279998779297 L128.5260009765625 148.0279998779297""></path></svg>"
555907014c744d478184abd3c533833c,"<svg xmlns=""http://www.w3.org/2000/svg"" viewBox=""0.0 0.0 200.0 200.0"" height=""200.0px"" width=""200.0px""><path fill="""" fill-opacity=""1.0""  filling=""0"" d=""M112.5 112.5 L87.5 112.5 L87.5 87.5 L112.5 87.5 L112.5 112.5 Z M158.33340454101562 41.666603088378906 L41.666603088378906 41.666603088378906 L41.666603088378906 158.33340454101562 L158.33340454101562 158.33340454101562 L158.33340454101562 41.666603088378906 M175.0 25.0 L175.0 175.0 L25.0 175.0 L25.0 25.0 L175.0 25.0 Z""></path></svg>"
810635cb0eb01e92368295951f7829bf,"<svg xmlns=""http://www.w3.org/2000/svg"" viewBox=""0.0 0.0 200.0 200.0"" height=""200.0px"" width=""200.0px""><path fill=""#FFFFFF"" fill-opacity=""1.0""  filling=""0"" d=""M146.69700622558594 165.91600036621094 C145.37399291992188 150.13699340820312 144.68600463867188 148.5500030517578 143.05999755859375 142.58299255371094 C140.38600158691406 132.7570037841797 130.64599609375 125.31500244140625 123.72000122070312 120.4260025024414 C117.08899688720703 115.74700164794922 111.48200225830078 111.6969985961914 111.48200225830078 103.80599975585938 C111.48200225830078 95.91699981689453 116.6729965209961 91.62699890136719 123.72000122070312 85.34300231933594 C128.90699768066406 80.71399688720703 134.8719940185547 73.48600006103516 140.08399963378906 66.20800018310547 C142.81199645996094 62.402000427246094 145.37399291992188 57.143001556396484 145.37399291992188 51.9379997253418 L53.45600128173828 51.9379997253418 C53.95199966430664 56.63999938964844 55.89099884033203 62.709999084472656 57.91999816894531 65.87200164794922 C63.0 73.79000091552734 69.48899841308594 79.46900177001953 75.60600280761719 84.67400360107422 C82.71499633789062 90.71800231933594 88.33599853515625 95.41699981689453 88.33599853515625 103.30400085449219 C88.33599853515625 111.36199951171875 82.21900177001953 115.05500030517578 75.60600280761719 119.9229965209961 C67.33999633789062 124.79100036621094 57.5890007019043 132.84800720214844 55.43600082397461 142.58399963378906 C53.12200164794922 148.12399291992188 53.45500183105469 150.64100646972656 52.132999420166016 165.91700744628906 L146.69700622558594 165.91700744628906 L146.69700622558594 165.91600036621094 L146.69700622558594 165.91600036621094 Z M12.286003112792969 180.52000427246094 C12.286003112792969 171.95899963378906 14.273002624511719 165.91600036621094 22.701004028320312 165.91600036621094 L29.97900390625 165.91600036621094 C30.803001403808594 150.4720001220703 33.240997314453125 145.26199340820312 34.60499572753906 137.5469970703125 C37.70399856567383 120.08300018310547 52.79100036621094 109.51499938964844 62.04899978637695 102.80000305175781 C62.04899978637695 102.2979965209961 61.887001037597656 102.13099670410156 61.555999755859375 102.13099670410156 C54.444000244140625 96.927001953125 47.31399917602539 91.06400299072266 40.229000091552734 80.81199645996094 C31.77300262451172 68.5719985961914 28.490997314453125 52.944000244140625 27.990997314453125 36.15999984741211 L22.701004028320312 36.15999984741211 C14.108001708984375 36.15999984741211 12.286003112792969 25.753997802734375 12.286003112792969 16.854995727539062 L12.286003112792969 15.179000854492188 C12.286003112792969 6.447998046875 18.074996948242188 3.4280014038085938 26.833999633789062 3.4280014038085938 L172.98399353027344 3.4280014038085938 C181.4149932861328 3.4280014038085938 188.35899353027344 6.447998046875 188.35899353027344 15.179000854492188 L188.35899353027344 16.854995727539062 C188.35899353027344 25.75299835205078 184.88699340820312 36.15999984741211 176.78700256347656 36.15999984741211 L171.0 36.15999984741211 C169.677001953125 52.944000244140625 167.21499633789062 68.56900024414062 158.60000610351562 80.81199645996094 C151.50799560546875 90.89299774169922 143.3939971923828 97.25900268554688 138.10299682617188 102.46299743652344 C136.781005859375 102.96800231933594 137.43800354003906 102.29900360107422 136.9459991455078 102.8010025024414 C146.86199951171875 111.86499786376953 158.10499572753906 118.41200256347656 164.38699340820312 137.54800415039062 C165.7100067138672 146.44400024414062 167.6929931640625 149.63299560546875 168.5229949951172 165.91600036621094 L176.78700256347656 165.91600036621094 C184.88699340820312 165.91600036621094 188.35899353027344 171.9600067138672 188.35899353027344 180.52000427246094 L188.35899353027344 183.03799438476562 C188.35899353027344 191.26300048828125 184.88800048828125 198.98500061035156 176.78700256347656 198.98500061035156 L22.701995849609375 198.98500061035156 C14.108001708984375 198.98500061035156 12.286003112792969 191.26300048828125 12.286003112792969 183.03799438476562 L12.286003112792969 180.52000427246094 L12.286003112792969 180.52000427246094 Z""></path></svg>"
b3d2b3de67376420e0ce0999630c1b06,"<svg xmlns=""http://www.w3.org/2000/svg"" viewBox=""0.0 0.0 200.0 200.0"" height=""200.0px"" width=""200.0px""><path fill="""" fill-opacity=""1.0""  filling=""0"" d=""M158.75 131.9900360107422 L185.7810516357422 96.0 L166.7509765625 96.0 C165.05389404296875 57.0 132.77792358398438 25.823043823242188 93.3330078125 25.823043823242188 C52.805076599121094 25.823043823242188 19.8330078125 58.84199142456055 19.8330078125 99.36991882324219 C19.8330078125 139.89804077148438 52.805076599121094 172.89297485351562 93.3330078125 172.89297485351562 C111.89805603027344 172.89297485351562 129.623046875 165.9640655517578 143.2410125732422 153.36190795898438 L133.73202514648438 143.09197998046875 C122.708984375 153.29296875 108.36190795898438 158.9130859375 93.3330078125 158.9130859375 C60.525001525878906 158.9130859375 33.8330078125 132.22305297851562 33.8330078125 99.4140625 C33.8330078125 66.6050796508789 60.52402114868164 39.81991958618164 93.3330078125 39.81991958618164 C125.0580062866211 39.81991958618164 151.05996704101562 64.998046875 152.7429656982422 95.998046875 L131.7179718017578 95.998046875 L158.75 131.9900360107422 Z""></path></svg>"
3c45ef17a1f899dcd6bc21f857abedb6,"<svg xmlns=""http://www.w3.org/2000/svg"" viewBox=""0.0 0.0 200.0 200.0"" height=""200.0px"" width=""200.0px""><path fill=""#040000"" fill-opacity=""1.0""  filling=""0"" d=""M100.44277954101562 124.556640625 C122.02949523925781 124.556640625 150.38946533203125 95.77676391601562 150.38946533203125 59.36992263793945 C150.38946533203125 22.969924926757812 132.189453125 8.580078125 100.44277954101562 8.580078125 C68.69609069824219 8.580078125 49.649417877197266 22.546676635742188 49.649417877197266 59.36992263793945 C49.649417877197266 95.52324676513672 78.85624694824219 124.556640625 100.44277954101562 124.556640625 Z M199.17617797851562 172.0666046142578 C196.75625610351562 165.20663452148438 193.85626220703125 158.44668579101562 191.03280639648438 155.443359375 C185.7861328125 149.8699188232422 155.65625 133.88339233398438 142.33612060546875 126.95995330810547 A7.2333984375 7.2333984375 0.0 0 0 132.62948608398438 129.943359375 L117.41621398925781 158.0867156982422 C115.26953125 162.056640625 109.29609680175781 160.9665985107422 108.689453125 156.49334716796875 C108.5595703125 155.5334014892578 108.73280334472656 154.55996704101562 109.17949676513672 153.7033233642578 L112.53945922851562 147.2900390625 A4.656640529632568 4.656640529632568 0.0 0 0 111.9761734008789 142.1232452392578 L105.54277801513672 134.49667358398438 A7.240038871765137 7.240038871765137 0.0 0 0 94.46952819824219 134.5 L88.05293273925781 142.1199188232422 A4.666601657867432 4.666601657867432 0.0 0 0 87.48945617675781 147.2900390625 L90.84941101074219 153.6999969482422 C91.2994155883789 154.556640625 91.46952819824219 155.5334014892578 91.33944702148438 156.4900360107422 C90.73612976074219 160.96328735351562 84.75956726074219 162.05331420898438 82.6128921508789 158.08340454101562 L67.3994140625 129.94004821777344 A7.2333984375 7.2333984375 0.0 0 0 57.692771911621094 126.9566421508789 C44.37285232543945 133.8800811767578 14.242774963378906 149.86328125 8.99609375 155.44004821777344 C6.169532775878906 158.443359375 3.26953125 165.2033233642578 0.8529281616210938 172.0632781982422 C-2.477142333984375 181.50665283203125 4.482810974121094 191.4132843017578 14.49609375 191.4132843017578 L185.52285766601562 191.4132843017578 C195.54608154296875 191.419921875 202.5095672607422 181.50994873046875 199.17617797851562 172.0666046142578 Z""></path></svg>"
3755d5181136c358d28f77501efc697b,"<svg xmlns=""http://www.w3.org/2000/svg"" viewBox=""0.0 0.0 200.0 200.0"" height=""200.0px"" width=""200.0px""><path fill=""#323233"" fill-opacity=""1.0""  filling=""0"" d=""M100.0 22.222000122070312 C149.0919952392578 22.222000122070312 188.88900756835938 57.04499816894531 188.88900756835938 100.0 C188.88900756835938 142.9550018310547 149.0919952392578 177.7779998779297 100.0 177.7779998779297 C81.88800048828125 177.7779998779297 65.04100036621094 173.03799438476562 50.992000579833984 164.8979949951172 L22.49500274658203 174.1009979248047 A5.556000232696533 5.556000232696533 0.0 0 1 18.680999755859375 173.9550018310547 C15.842002868652344 172.79200744628906 14.483001708984375 169.5469970703125 15.647003173828125 166.70799255371094 L25.557998657226562 142.52000427246094 C16.4219970703125 130.2989959716797 11.111000061035156 115.69200134277344 11.111000061035156 100.0 C11.111000061035156 57.04499816894531 50.90800094604492 22.222000122070312 100.0 22.222000122070312 Z M100.0 88.88899993896484 C93.86399841308594 88.88899993896484 88.88899993896484 93.86399841308594 88.88899993896484 100.0 C88.88899993896484 106.13600158691406 93.86399841308594 111.11100006103516 100.0 111.11100006103516 C106.13600158691406 111.11100006103516 111.11100006103516 106.13600158691406 111.11100006103516 100.0 C111.11100006103516 93.86399841308594 106.13600158691406 88.88899993896484 100.0 88.88899993896484 Z M55.555999755859375 88.88899993896484 C49.41899871826172 88.88899993896484 44.444000244140625 93.86399841308594 44.444000244140625 100.0 C44.444000244140625 106.13600158691406 49.41899871826172 111.11100006103516 55.555999755859375 111.11100006103516 C61.69200134277344 111.11100006103516 66.66699981689453 106.13600158691406 66.66699981689453 100.0 C66.66699981689453 93.86399841308594 61.69200134277344 88.88899993896484 55.555999755859375 88.88899993896484 Z M144.44400024414062 88.88899993896484 C138.30799865722656 88.88899993896484 133.33299255371094 93.86399841308594 133.33299255371094 100.0 C133.33299255371094 106.13600158691406 138.30799865722656 111.11100006103516 144.44400024414062 111.11100006103516 C150.58099365234375 111.11100006103516 155.55599975585938 106.13600158691406 155.55599975585938 100.0 C155.55599975585938 93.86399841308594 150.58099365234375 88.88899993896484 144.44400024414062 88.88899993896484 Z""></path></svg>"
622391934b16f56fc5432d4257fe5f6b,"<svg xmlns=""http://www.w3.org/2000/svg"" viewBox=""0.0 0.0 200.0 200.0"" height=""200.0px"" width=""200.0px""><path fill=""#666666"" fill-opacity=""1.0""  filling=""0"" d=""M183.75 100.0 C183.75 88.75 190.0 78.75 200.0 75.0 C195.0 57.5 185.0 41.25 172.5 28.75 C163.75 35.0 151.25 36.25 141.25 31.25 C131.25 25.0 126.25 15.0 127.5 3.75 C118.75 1.25 108.75 0.0 100.0 0.0 C90.0 0.0 81.25 1.25 72.5 3.75 C73.75 13.75 68.75 25.0 58.75 31.25 C48.75 37.5 36.25 36.25 27.5 28.75 C15.0 41.25 5.0 57.5 0.0 75.0 C10.0 78.75 16.25 88.75 16.25 100.0 C16.25 111.25 10.0 121.25 0.0 125.0 C5.0 142.5 15.0 158.75 27.5 171.25 C36.25 165.0 48.75 163.75 58.75 168.75 C68.75 175.0 73.75 185.0 72.5 196.25 C81.25 198.75 91.25 200.0 100.0 200.0 C110.0 200.0 118.75 198.75 127.5 196.25 C126.25 186.25 131.25 175.0 141.25 168.75 C151.25 162.5 163.75 163.75 172.5 171.25 C185.0 158.75 195.0 142.5 200.0 125.0 C190.0 121.25 183.75 111.25 183.75 100.0 L183.75 100.0 Z M100.0 141.25 C76.25 141.25 57.5 122.5 57.5 100.0 C57.5 77.5 76.25 58.75 100.0 58.75 C123.75 58.75 142.5 77.5 142.5 100.0 C142.5 122.5 123.75 141.25 100.0 141.25 Z M100.0 125.0 C113.80699920654297 125.0 125.0 113.80699920654297 125.0 100.0 C125.0 86.19300079345703 113.80699920654297 75.0 100.0 75.0 C86.19300079345703 75.0 75.0 86.19300079345703 75.0 100.0 C75.0 113.80699920654297 86.19300079345703 125.0 100.0 125.0 Z""></path></svg>"
774b94e6b5203b32b92364d81d1c0cc6,"<svg xmlns=""http://www.w3.org/2000/svg"" viewBox=""0.0 0.0 200.0 200.0"" height=""200.0px"" width=""200.0px""><path fill=""#1E88E5"" fill-opacity=""1.0""  filling=""0"" d=""M192.41659545898438 38.388282775878906 C192.41659545898438 38.388282775878906 163.26837158203125 55.44999694824219 162.556640625 55.68671798706055 C161.8449249267578 56.15996170043945 161.13671875 56.636722564697266 160.66171264648438 57.109962463378906 C158.29159545898438 59.47831726074219 157.58163452148438 62.79336166381836 158.29159545898438 65.87675476074219 C158.7666015625 67.29667663574219 159.4767608642578 68.9583969116211 160.66171264648438 70.14335632324219 C161.8466796875 71.32675170898438 163.26837158203125 72.03828430175781 164.9267578125 72.5132827758789 C168.0066375732422 73.2232437133789 171.32675170898438 72.5132827758789 173.69668579101562 70.14335632324219 C174.40664672851562 69.431640625 174.87832641601562 68.7216796875 175.1150360107422 68.00996398925781 L175.35333251953125 67.2982406616211 L179.6199188232422 59.47831726074219 L192.41659545898438 38.388282775878906 Z M127.24667358398438 53.79159927368164 C81.51171875 53.79159927368164 73.9300765991211 75.59159851074219 73.9300765991211 102.6083984375 C73.9300765991211 109.00508117675781 74.87832641601562 115.8783187866211 70.61328125 122.51171875 C64.21328735351562 132.4650421142578 55.684959411621094 132.22500610351562 53.55331802368164 132.22500610351562 C50.7099609375 132.22500610351562 40.28340148925781 130.56991577148438 39.809959411621094 127.49004364013672 L41.46660614013672 127.49004364013672 C52.60332107543945 127.49004364013672 60.89667510986328 118.4833984375 60.89667510986328 106.39823913574219 L60.89667510986328 102.13163757324219 L51.419918060302734 102.13163757324219 C44.54824447631836 102.13163757324219 38.386714935302734 105.21328735351562 34.35664367675781 110.6650390625 C30.328323364257812 105.21328735351562 24.168357849121094 102.13163757324219 17.296676635742188 102.13163757324219 L7.580078125 102.13163757324219 L7.580078125 106.39823913574219 C7.580078125 118.24824523925781 17.059959411621094 127.72323608398438 28.90839385986328 127.72323608398438 L31.98828125 127.72323608398438 C31.98828125 134.5966796875 41.46660614013672 161.60995483398438 111.3716812133789 161.60995483398438 C138.625 161.60995483398438 179.1466827392578 156.87167358398438 179.1466827392578 105.4482421875 C179.1466827392578 95.7333984375 176.0666046142578 86.73164367675781 171.32830810546875 79.14824676513672 C169.66836547851562 79.6216812133789 168.00839233398438 80.09492492675781 166.11172485351562 80.09492492675781 A14.86660099029541 14.86660099029541 0.0 0 1 151.18496704101562 65.1666030883789 C151.18496704101562 63.50839614868164 151.419921875 61.84823989868164 151.8933563232422 60.190040588378906 C144.7849578857422 55.68671798706055 137.6767578125 53.793357849121094 127.24823760986328 53.793357849121094 L127.24667358398438 53.79159927368164 Z""></path></svg>"
0fffa7b61a4c17c2e20b1f46eda9b7b6,"<svg xmlns=""http://www.w3.org/2000/svg"" viewBox=""0.0 0.0 200.0 200.0"" height=""200.0px"" width=""200.0px""><path fill="""" fill-opacity=""1.0""  filling=""0"" d=""M175.5469970703125 54.375 L29.84400177001953 54.375 A6.25 6.25 0.0 0 1 29.84400177001953 41.875 L175.5469970703125 41.875 A6.25 6.25 0.0 0 1 175.5469970703125 54.375 Z M175.5469970703125 106.91600036621094 L29.84400177001953 106.91600036621094 A6.25 6.25 0.0 0 1 29.84400177001953 94.41600036621094 L175.5469970703125 94.41600036621094 A6.25 6.25 0.0 0 1 175.5469970703125 106.91600036621094 Z M175.5469970703125 159.4530029296875 L29.84400177001953 159.4530029296875 A6.25 6.25 0.0 0 1 29.84400177001953 146.9530029296875 L175.5469970703125 146.9530029296875 A6.25 6.25 0.0 0 1 175.5469970703125 159.4530029296875 Z""></path></svg>"
5006c58a2f008edfd4bfe6139810547d,"<svg xmlns=""http://www.w3.org/2000/svg"" viewBox=""0.0 0.0 200.0 200.0"" height=""200.0px"" width=""200.0px""><path fill=""#333333"" fill-opacity=""1.0""  filling=""0"" d=""M132.8712921142578 27.831634521484375 C132.5029296875 27.720901489257812 123.734375 25.252342224121094 114.5191421508789 29.674026489257812 A27.10781478881836 27.10781478881836 0.0 0 0 111.08866882324219 31.74140167236328 A19.976171493530273 19.976171493530273 0.0 0 0 111.08535766601562 29.403518676757812 C111.08535766601562 22.917579650878906 108.0494155883789 16.70879364013672 103.0146484375 12.834762573242188 L99.1048812866211 9.7109375 L95.8929672241211 12.929496765136719 C93.02987670898438 15.437110900878906 90.9527359008789 18.782615661621094 89.716796875 22.878318786621094 A17.184961318969727 17.184961318969727 0.0 0 0 88.91133117675781 30.587112426757812 C88.9146499633789 31.0078125 88.9701156616211 31.408782958984375 89.00273132324219 31.819725036621094 A27.335939407348633 27.335939407348633 0.0 0 0 85.4320297241211 29.657814025878906 C76.2591781616211 25.2490234375 67.49374389648438 27.727340698242188 67.12870788574219 27.8349609375 L64.05351257324219 28.731643676757812 L64.89823913574219 31.82305145263672 C64.9927749633789 32.171875 67.3177719116211 40.38612747192383 75.66561889648438 44.93827819824219 C80.7396469116211 47.59589385986328 84.37226104736328 48.763282775878906 88.9048843383789 48.763282775878906 C91.255859375 48.763282775878906 93.8515625 48.44707107543945 97.0082015991211 47.86328125 L99.32987976074219 47.43281555175781 L101.1429672241211 48.763282775878906 L102.47010803222656 47.76874923706055 L103.0146484375 47.866600036621094 C106.28202819824219 48.4501953125 108.9462890625 48.763282775878906 111.33320617675781 48.763282775878906 C115.9505844116211 48.763282775878906 119.52461242675781 47.58613204956055 124.38983917236328 44.90898895263672 C132.685546875 40.3828125 135.01055908203125 32.165435791015625 135.10507202148438 31.81640625 L135.94961547851562 28.725196838378906 L132.8712921142578 27.831634521484375 Z M95.9189453125 24.8935546875 L95.9515609741211 24.799026489257812 C96.72441101074219 22.216400146484375 97.87871551513672 20.15546417236328 99.56132507324219 18.43378448486328 C102.70820617675781 21.1337890625 104.56367492675781 25.1904296875 104.57011413574219 29.595901489257812 C104.81465148925781 33.75996398925781 103.2789077758789 37.839256286621094 100.22655487060547 41.16875076293945 A14.53046989440918 14.53046989440918 0.0 0 1 95.4332046508789 30.38164520263672 L95.40703582763672 29.97734832763672 A10.842382431030273 10.842382431030273 0.0 0 1 95.9189453125 24.8935546875 Z M78.7373046875 39.18925476074219 A16.17070198059082 16.17070198059082 0.0 0 1 72.861328125 33.58711242675781 C75.45039367675781 33.502342224121094 78.99824523925781 33.802345275878906 82.56562805175781 35.514259338378906 C85.9896469116211 37.223045349121094 88.7451171875 39.91659927368164 90.64297485351562 42.17948913574219 C86.015625 42.52519607543945 83.28964233398438 41.57636642456055 78.7373046875 39.18925476074219 Z M121.25605773925781 39.19258117675781 C116.8636703491211 41.60566329956055 114.1962890625 42.53495788574219 109.3570327758789 42.166603088378906 C111.24199676513672 39.91659927368164 113.97772979736328 37.24258041381836 117.3919906616211 35.53398895263672 C120.99198913574219 33.80879211425781 124.57559204101562 33.50566864013672 127.138671875 33.58379364013672 A16.128320693969727 16.128320693969727 0.0 0 1 121.25605773925781 39.19258117675781 Z M65.10038757324219 79.75468444824219 C64.66659545898438 80.3384780883789 54.56113052368164 94.2265625 61.839454650878906 109.5169906616211 L67.7318344116211 106.71249389648438 C62.15898513793945 95.01581573486328 70.00469207763672 84.0982437133789 70.34394836425781 83.63847351074219 L65.10038757324219 79.75468444824219 Z""></path>
<path fill=""#333333"" fill-opacity=""1.0""  filling=""0"" d=""M100.0015640258789 45.50566864013672 C64.63729858398438 45.50566864013672 39.69804763793945 68.5537109375 39.34589767456055 101.55390167236328 C38.95136642456055 134.77578735351562 59.75898361206055 161.7824249267578 72.17655944824219 174.90097045898438 C81.0199203491211 184.39999389648438 89.19511413574219 190.2890625 102.6070327758789 190.2890625 C113.75273132324219 190.2890625 122.93866729736328 185.7009735107422 133.34747314453125 174.923828125 C151.28553771972656 155.96817016601562 160.98672485351562 130.0246124267578 160.65078735351562 101.8539047241211 C159.9660186767578 68.67753601074219 135.02674865722656 45.50566864013672 100.0015640258789 45.50566864013672 Z M128.63221740722656 170.4140625 C119.5962905883789 179.77264404296875 111.81582641601562 183.7673797607422 102.6103515625 183.7673797607422 C92.81465148925781 183.7673797607422 86.10039520263672 180.28475952148438 76.93730163574219 170.44003295898438 C65.1787109375 158.01602172851562 45.502342224121094 132.55508422851562 45.87089920043945 101.62891387939453 C46.1806640625 72.42422485351562 68.439453125 52.03066635131836 100.00489044189453 52.03066635131836 C131.7626953125 52.03066635131836 153.5193328857422 72.10800170898438 154.1355438232422 101.9613265991211 C154.44219970703125 128.40078735351562 145.3800811767578 152.72030639648438 128.63221740722656 170.4140625 Z""></path></svg>"
fa49d1a6aab69014a23585aef9b4c490,"<svg xmlns=""http://www.w3.org/2000/svg"" viewBox=""0.0 0.0 200.0 200.0"" height=""200.0px"" width=""200.0px""><path fill=""#0073FA"" fill-opacity=""1.0""  filling=""0"" d=""M27.169921875 73.44999694824219 L81.84004211425781 99.7699203491211 A10.0 10.0 0.0 0 1 87.5 108.78007507324219 L87.5 176.5 A5.0 5.0 0.0 0 1 80.0699234008789 180.86993408203125 L25.140037536621094 150.35995483398438 A10.0 10.0 0.0 0 1 20.0 141.6199188232422 L20.0 77.9599609375 A5.0 5.0 0.0 0 1 27.169921875 73.4599609375 L27.169921875 73.44999694824219 Z M162.830078125 73.44999694824219 L108.15995788574219 99.7699203491211 A10.0 10.0 0.0 0 0 102.5 108.78007507324219 L102.5 176.5 A5.0 5.0 0.0 0 0 109.9300765991211 180.86993408203125 L164.85995483398438 150.35995483398438 A10.0 10.0 0.0 0 0 170.0 141.6199188232422 L170.0 77.9599609375 A5.0 5.0 0.0 0 0 162.830078125 73.4599609375 L162.830078125 73.44999694824219 Z""></path>
<path fill=""#00D9FF"" fill-opacity=""1.0""  filling=""0"" d=""M99.2300796508789 21.96991729736328 L160.2900390625 50.46992492675781 A5.0 5.0 0.0 0 1 160.2900390625 59.53007888793945 L99.2300796508789 88.03007507324219 A10.0 10.0 0.0 0 1 90.7699203491211 88.03007507324219 L29.7099609375 59.53007888793945 A5.0 5.0 0.0 0 1 29.7099609375 50.46992492675781 L90.7699203491211 21.96991729736328 A10.0 10.0 0.0 0 1 99.2300796508789 21.96991729736328 Z""></path></svg>"
02f8d0703df269ab1f6b2b721f61eb40,"<svg xmlns=""http://www.w3.org/2000/svg"" viewBox=""0.0 0.0 200.0 200.0"" height=""200.0px"" width=""200.0px""><path fill=""currentColor"" fill-opacity=""1.0""  filling=""0"" d=""M105.58000183105469 31.5 C67.75199890136719 31.5 37.08000183105469 62.167999267578125 37.08000183105469 100.0 C37.08000183105469 137.83200073242188 67.75199890136719 168.5 105.58000183105469 168.5 C143.41600036621094 168.5 174.0800018310547 137.83200073242188 174.0800018310547 100.0 C174.0800018310547 62.167999267578125 143.41600036621094 31.5 105.58000183105469 31.5 Z M80.2959976196289 77.18800354003906 A9.812000274658203 9.812000274658203 0.0 1 1 80.2959976196289 96.81600189208984 A9.812000274658203 9.812000274658203 0.0 0 1 80.2959976196289 77.18800354003906 Z M134.2519989013672 139.0679931640625 L76.91600036621094 139.0679931640625 A6.0 6.0 0.0 1 1 76.91600036621094 127.06800079345703 L134.2519989013672 127.06800079345703 A6.0 6.0 0.0 1 1 134.2519989013672 139.0679931640625 Z M130.86000061035156 96.81199645996094 A9.815999984741211 9.815999984741211 0.0 1 1 130.8679962158203 77.18000030517578 A9.815999984741211 9.815999984741211 0.0 0 1 130.86000061035156 96.81199645996094 Z""></path></svg>"
2ef2753d777c31bf5331ef7691a51c03,"<svg xmlns=""http://www.w3.org/2000/svg"" viewBox=""0.0 0.0 200.0 200.0"" height=""200.0px"" width=""200.0px""><path fill=""#C6C6C6"" fill-opacity=""1.0""  filling=""0"" d=""M200.0 177.35000610351562 C200.0 177.35000610351562 180.83700561523438 69.01200103759766 83.33699798583984 69.01200103759766 L83.33699798583984 27.337997436523438 L0.0 102.33799743652344 L83.33699798583984 172.33700561523438 L83.33699798583984 124.2750015258789 C136.25 124.2750015258789 172.39999389648438 128.89999389648438 200.0 177.35000610351562 L200.0 177.35000610351562 Z""></path></svg>"
e9d61a4aae58d3751999c104886c311f,"<svg height=""128"" viewBox=""0 0 72 72"" width=""128"" xmlns=""http://www.w3.org/2000/svg""><g fill=""#fcea2b""><circle cx=""26.9688"" cy=""13.0938"" r=""3""/><path d=""m26.67 22.59s.3 3.71 3.3 9.04c.24.43 1.53 2.78 1.53 2.78l-6.5 10.59-.25 18h3.42l1.83-15 6-6 6-5v-4l-6-11""/><path d=""m42 36 7 10 10.17 6-1 3-12.17-5-9-8""/><path d=""m36 22c-2-4-4.36-4.23-6.03-3.58a4.11 4.11 0 0 0 -1.97 5.58""/></g><g fill=""none"" stroke=""#000000"" stroke-width=""2""><circle cx=""26.9688"" cy=""13.0938"" r=""3"" stroke-miterlimit=""10""/><g stroke-linecap=""round"" stroke-linejoin=""round""><path d=""m42 36 5.85 8.36a11.02 11.02 0 0 0 2.87 2.66l6.72 3.97a2.36 2.36 0 0 1 1.23 2.51 1.69 1.69 0 0 1 -2.35.74l-8.47-3.48a14.1 14.1 0 0 1 -3.34-2.09l-7.51-6.67""/><path d=""m31.08 31.59s.26.59.58 1.32a4.72 4.72 0 0 1 -.35 3.46l-5.23 6.94a8.32 8.32 0 0 0 -1.11 3.69l-.2 14a1.85 1.85 0 0 0 1.68 2 2.18 2.18 0 0 0 1.95-1.99l1.34-11.03a6.79 6.79 0 0 1 1.66-3.4l3.17-3.17c.78-.78 2.11-1.99 2.95-2.69l2.94-2.44a4.86 4.86 0 0 0 1.54-3.28c.23-1.99-2.95-5.78-3.47-6.75l-2.52-6.26""/><path d=""m35.93 21.8c-1.53-4.06-4.29-4.03-5.96-3.38a3.86 3.86 0 0 0 -2.37 3.83""/><path d=""m30.94 22-1.42 5.08a2.78 2.78 0 0 1 -2.52 1.92h-7""/></g></g></svg>"
da41b54baffda55195a4903087a9c0a5,"<svg xmlns=""http://www.w3.org/2000/svg"" viewBox=""0.0 0.0 200.0 200.0"" height=""200.0px"" width=""200.0px""><path fill="""" fill-opacity=""1.0""  filling=""0"" d=""M25.0 16.662506103515625 L95.125 16.662506103515625 L111.7874984741211 33.337493896484375 L178.5625 33.337493896484375 L158.875 87.5 L178.57501220703125 141.66250610351562 L104.88749694824219 141.66250610351562 L88.2125015258789 125.0 L41.66250228881836 125.0 L41.66250228881836 187.5 L25.0 187.5 L25.0 16.662506103515625 Z M41.66250228881836 108.33749389648438 L95.125 108.33749389648438 L111.7874984741211 125.0 L154.77499389648438 125.0 L141.125 87.5 L154.75 50.0 L104.87500762939453 50.0 L88.2125015258789 33.337493896484375 L41.66250228881836 33.337493896484375 L41.66250228881836 108.33749389648438 Z""></path></svg>"
f4db9007ce8675094d29cbf5cbed692a,"<svg xmlns=""http://www.w3.org/2000/svg"" viewBox=""0.0 0.0 200.0 200.0"" height=""200.0px"" width=""200.0px""><path fill=""#4E65A8"" fill-opacity=""1.0""  filling=""0"" d=""M121.44499969482422 55.547000885009766 C121.44499969482422 41.71900177001953 110.19499969482422 30.46900177001953 96.36699676513672 30.46900177001953 C82.53900146484375 30.46900177001953 71.28900146484375 41.71900177001953 71.28900146484375 55.547000885009766 C71.28900146484375 69.375 82.53900146484375 80.625 96.36699676513672 80.625 C110.19499969482422 80.625 121.44499969482422 69.375 121.44499969482422 55.547000885009766 Z M96.36699676513672 73.61299896240234 C86.40599822998047 73.61299896240234 78.28099822998047 65.50800323486328 78.28099822998047 55.527000427246094 C78.28099822998047 45.547000885009766 86.38700103759766 37.441001892089844 96.36699676513672 37.441001892089844 C106.3280029296875 37.441001892089844 114.4530029296875 45.547000885009766 114.4530029296875 55.527000427246094 C114.4530029296875 65.50800323486328 106.3280029296875 73.61299896240234 96.36699676513672 73.61299896240234 Z M96.36699676513672 169.76600646972656 C110.19499969482422 169.76600646972656 121.44499969482422 158.51600646972656 121.44499969482422 144.68800354003906 C121.44499969482422 130.85899353027344 110.19499969482422 119.60900115966797 96.36699676513672 119.60900115966797 C82.53900146484375 119.60900115966797 71.28900146484375 130.85899353027344 71.28900146484375 144.68800354003906 C71.28900146484375 158.51600646972656 82.53900146484375 169.76600646972656 96.36699676513672 169.76600646972656 Z M96.36699676513672 126.60199737548828 C106.3280029296875 126.60199737548828 114.4530029296875 134.70700073242188 114.4530029296875 144.68800354003906 C114.4530029296875 154.66799926757812 106.3479995727539 162.7729949951172 96.36699676513672 162.7729949951172 C86.40599822998047 162.7729949951172 78.28099822998047 154.66799926757812 78.28099822998047 144.68800354003906 C78.28099822998047 134.70700073242188 86.38700103759766 126.60199737548828 96.36699676513672 126.60199737548828 Z M51.09400177001953 74.66799926757812 C37.26599884033203 74.66799926757812 26.01599884033203 85.91799926757812 26.01599884033203 99.74600219726562 C26.01599884033203 113.5739974975586 37.26599884033203 124.8239974975586 51.09400177001953 124.8239974975586 C64.9219970703125 124.8239974975586 76.1719970703125 113.5739974975586 76.1719970703125 99.74600219726562 C76.1719970703125 85.91799926757812 64.9219970703125 74.66799926757812 51.09400177001953 74.66799926757812 Z M51.09400177001953 117.83200073242188 C41.132999420166016 117.83200073242188 33.00799560546875 109.72699737548828 33.00799560546875 99.74600219726562 C33.00799560546875 89.76599884033203 41.112998962402344 81.66000366210938 51.09400177001953 81.66000366210938 C61.05500030517578 81.66000366210938 69.18000030517578 89.76599884033203 69.18000030517578 99.74600219726562 C69.18000030517578 109.72699737548828 61.07400131225586 117.83200073242188 51.09400177001953 117.83200073242188 Z M140.19500732421875 125.15599822998047 C154.0229949951172 125.15599822998047 165.2729949951172 113.90599822998047 165.2729949951172 100.0780029296875 C165.2729949951172 86.25 154.0229949951172 75.0 140.19500732421875 75.0 C126.36699676513672 75.0 115.11699676513672 86.25 115.11699676513672 100.0780029296875 C115.11699676513672 113.90599822998047 126.36699676513672 125.15599822998047 140.19500732421875 125.15599822998047 Z M140.19500732421875 81.99199676513672 C150.156005859375 81.99199676513672 158.281005859375 90.0979995727539 158.281005859375 100.0780029296875 C158.281005859375 110.05899810791016 150.156005859375 118.16400146484375 140.19500732421875 118.16400146484375 C130.23399353027344 118.16400146484375 122.10900115966797 110.05899810791016 122.10900115966797 100.0780029296875 C122.10900115966797 90.0979995727539 130.21499633789062 81.99199676513672 140.19500732421875 81.99199676513672 Z M82.69499969482422 100.0780029296875 C82.69499969482422 107.20700073242188 88.49600219726562 113.0270004272461 95.6449966430664 113.0270004272461 C102.79299926757812 113.0270004272461 108.59400177001953 107.22699737548828 108.59400177001953 100.0780029296875 C108.59400177001953 92.9489974975586 102.79299926757812 87.12899780273438 95.6449966430664 87.12899780273438 C88.49600219726562 87.12899780273438 82.69499969482422 92.93000030517578 82.69499969482422 100.0780029296875 Z M101.58200073242188 100.0780029296875 C101.58200073242188 103.35900115966797 98.90599822998047 106.03500366210938 95.625 106.03500366210938 C92.34400177001953 106.03500366210938 89.66799926757812 103.35900115966797 89.66799926757812 100.0780029296875 C89.66799926757812 96.7969970703125 92.34400177001953 94.12100219726562 95.625 94.12100219726562 C98.90599822998047 94.12100219726562 101.58200073242188 96.7969970703125 101.58200073242188 100.0780029296875 Z""></path>
<path fill=""#4E65A8"" fill-opacity=""1.0""  filling=""0"" d=""M187.30499267578125 174.4340057373047 C187.031005859375 172.52000427246094 185.23399353027344 171.22999572753906 183.32000732421875 171.5229949951172 C183.1840057373047 171.54299926757812 170.41000366210938 173.51600646972656 161.875 171.56199645996094 C156.6020050048828 170.37100219726562 153.0659942626953 164.68800354003906 151.46499633789062 161.54299926757812 C168.2030029296875 146.3280029296875 178.71099853515625 124.41400146484375 178.71099853515625 100.0780029296875 C178.71099853515625 82.34400177001953 173.1840057373047 66.01599884033203 163.6909942626953 52.52000045776367 L163.63299560546875 52.558998107910156 C162.98800659179688 51.69900131225586 162.031005859375 51.112998962402344 160.87899780273438 51.112998962402344 C158.94500732421875 51.112998962402344 157.38299560546875 52.67599868774414 157.38299560546875 54.60900115966797 C157.38299560546875 55.292999267578125 157.63699340820312 55.89799880981445 157.98800659179688 56.44499969482422 L157.92999267578125 56.48400115966797 C166.21099853515625 68.6719970703125 171.718994140625 84.2770004272461 171.718994140625 100.0979995727539 C171.718994140625 142.05099487304688 137.5780029296875 176.1909942626953 95.625 176.1909942626953 C53.672000885009766 176.1719970703125 19.53099822998047 142.031005859375 19.53099822998047 100.0780029296875 C19.53099822998047 58.125 53.672000885009766 23.98400115966797 95.625 23.98400115966797 C111.6989974975586 23.98400115966797 126.60199737548828 29.003997802734375 138.906005859375 37.53900146484375 L138.94500732421875 37.47999954223633 C139.55099487304688 37.96900177001953 140.2729949951172 38.30099868774414 141.11300659179688 38.30099868774414 C143.0469970703125 38.30099868774414 144.60899353027344 36.737998962402344 144.60899353027344 34.80500030517578 C144.60899353027344 33.652000427246094 144.0229949951172 32.69499969482422 143.16400146484375 32.050994873046875 L143.2030029296875 32.012001037597656 C129.57000732421875 22.246002197265625 113.63300323486328 16.99200439453125 95.625 16.99200439453125 C49.80500030517578 16.99200439453125 12.53900146484375 54.257999420166016 12.53900146484375 100.0780029296875 C12.53900146484375 145.8979949951172 49.80500030517578 183.16400146484375 95.625 183.16400146484375 C114.5510025024414 183.16400146484375 131.99200439453125 176.7969970703125 145.9770050048828 166.11300659179688 C148.41799926757812 170.44900512695312 153.08599853515625 176.75799560546875 160.31199645996094 178.3979949951172 C163.71099853515625 179.17999267578125 167.5780029296875 179.4340057373047 171.1719970703125 179.4340057373047 C178.02699279785156 179.4340057373047 184.0229949951172 178.49600219726562 184.39500427246094 178.43800354003906 C186.3090057373047 178.14500427246094 187.59800720214844 176.34800720214844 187.30499267578125 174.4340057373047 Z""></path></svg>"
374605817a610078144d145016357fd1,"<svg height=""128"" viewBox=""0 -6.5 38 38"" width=""128"" xmlns=""http://www.w3.org/2000/svg"" xmlns:xlink=""http://www.w3.org/1999/xlink""><linearGradient id=""a"" x1=""50%"" x2=""50%"" y1=""0%"" y2=""100%""><stop offset=""0"" stop-color=""#1dd47f""/><stop offset=""1"" stop-color=""#0da949""/></linearGradient><path d=""m187.81 39.58l10.52 10.42.08.09c.35.34.56.8.59 1.35v.18c-.03.43-.19.84-.52 1.21l-.12.13-10.55 10.46c-.78.77-2.04.77-2.82 0-.78-.78-.78-2.04 0-2.82l7.28-7.23h-29.27c-1.1 0-2-.88-2-1.99 0-1.1.9-1.99 2-1.99h29.04l-7.05-6.99c-.78-.78-.78-2.04 0-2.82.78-.77 2.04-.77 2.82 0z"" fill=""url(#a)"" transform=""translate(-161 -39)""/></svg>"
3fddc9a0-5fcf-48ea-908d-8c87851d6407,"<svg height=""128"" viewBox=""0 0 16 16"" width=""128"" xmlns=""http://www.w3.org/2000/svg""><path d=""m9.9.2-.2 1c3 .8 5.3 3.5 5.3 6.8 0 3.9-3.1 7-7 7s-7-3.1-7-7c0-3.3 2.3-6 5.3-6.8l-.2-1c-3.5.9-6.1 4.1-6.1 7.8 0 4.4 3.6 8 8 8s8-3.6 8-8c0-3.7-2.6-6.9-6.1-7.8z"" fill=""#444444""/></svg>"
b40657d55b72089f8017320972579a23,"<svg xmlns=""http://www.w3.org/2000/svg"" viewBox=""0.0 0.0 200.0 200.0"" height=""200.0px"" width=""200.0px""><path fill="""" fill-opacity=""1.0""  filling=""0"" d=""M150.0224609375 75.0 C150.0224609375 47.500003814697266 127.5224609375 25.0 100.0224609375 25.0 C72.5224609375 25.0 50.0224609375 47.500003814697266 50.0224609375 75.0 C21.689064025878906 75.0 -0.8109359741210938 98.3333969116211 0.0224609375 126.6666030883789 C0.8556671142578125 154.16659545898438 25.0224609375 175.0 52.5224609375 175.0 L75.0224609375 175.0 C80.0224609375 175.0 83.35566711425781 171.66659545898438 83.35566711425781 166.66659545898438 L83.35566711425781 141.66659545898438 L73.35566711425781 141.66659545898438 C65.85566711425781 141.66659545898438 62.5224609375 132.5 67.5224609375 127.5 L94.18905639648438 100.83340454101562 C97.5224609375 97.5 102.52245330810547 97.5 105.85566711425781 100.83340454101562 L132.5224609375 127.5 C137.5224609375 132.5 134.18905639648438 141.66659545898438 126.6890640258789 141.66659545898438 L116.6890640258789 141.66659545898438 L116.6890640258789 166.66659545898438 C116.6890640258789 171.66659545898438 120.0224609375 175.0 125.0224609375 175.0 L147.5224609375 175.0 C175.0224609375 175.0 199.18905639648438 154.16659545898438 199.18905639648438 126.6666030883789 C200.85565185546875 98.3333969116211 178.3556671142578 75.0 150.0224609375 75.0 Z""></path></svg>"
d5fecb02676b57a58c8ecba2188f15c3,"<svg xmlns=""http://www.w3.org/2000/svg"" viewBox=""0.0 0.0 200.0 200.0"" height=""200.0px"" width=""200.0px""><path fill=""#303133"" fill-opacity=""1.0"" filling=""0"" d=""M46.33945083618164 37.163673400878906 A6.060546875 6.060546875 0.0 0 1 50.630271911621094 35.38789367675781 L108.2060546875 35.393943786621094 A33.33340072631836 33.33340072631836 0.0 0 1 131.3152313232422 92.7515640258789 A36.3515625 36.3515625 0.0 0 1 143.01211547851562 152.01815795898438 A36.36367416381836 36.36367416381836 0.0 0 1 117.296875 162.66661071777344 L50.630271911621094 162.66661071777344 A6.060546875 6.060546875 0.0 0 1 44.569732666015625 156.60604858398438 L44.569732666015625 41.45449447631836 A6.060546875 6.060546875 0.0 0 1 46.33945083618164 37.163673400878906 Z M108.2060546875 89.939453125 A21.21211051940918 21.21211051940918 0.0 1 0 108.2060546875 47.515235900878906 L56.690818786621094 47.515235900878906 L56.690818786621094 89.939453125 L108.2060546875 89.939453125 Z M56.690818786621094 102.060546875 L56.690818786621094 150.54551696777344 L117.296875 150.54551696777344 A24.24238395690918 24.24238395690918 0.0 1 0 117.296875 102.060546875 L56.690818786621094 102.060546875 Z""></path></svg>"
ffe0160c-355c-4abc-917a-9f8aa2df5f0e,"<svg fill=""none"" height=""128"" viewBox=""0 0 24 24"" width=""128"" xmlns=""http://www.w3.org/2000/svg""><g fill=""#000000""><path d=""m7 22.76c-.99-.01-1.94-.4-2.65-1.11-.7-.7-1.09-1.66-1.09-2.65v-8c0-.99.38-1.93 1.07-2.64.35-.35.77-.63 1.22-.82.46-.19.95-.28 1.45-.28h10c.99.01 1.94.4 2.64 1.1s1.09 1.65 1.1 2.64v8c0 1-.39 1.95-1.09 2.66-.35.34-.76.62-1.22.8-.45.18-.94.28-1.43.27h-10zm10-14h-10c-.29 0-.59.05-.86.17-.27.11-.51.28-.72.49-.21.2-.38.45-.5.72s-.18.56-.18.86v8c0 .3.06.59.17.87.11.27.28.52.49.73s.46.38.73.49c.28.11.57.17.87.17h10c.3 0 .59-.06.87-.17.27-.11.52-.28.73-.49s.38-.46.49-.73c.11-.28.17-.57.17-.87v-8c0-.3-.05-.59-.17-.87-.11-.28-.28-.53-.49-.74s-.46-.38-.73-.49c-.28-.11-.57-.17-.87-.17z""/><path d=""m8 8.75c-.1 0-.2-.02-.29-.05-.09-.04-.17-.09-.24-.16s-.13-.15-.17-.25c-.05-.09-.07-.19-.07-.29v-2c0-.63.12-1.25.36-1.82.24-.58.59-1.11 1.04-1.55.44-.44.97-.79 1.55-1.03.57-.24 1.19-.36 1.82-.36 1.26.01 2.46.52 3.34 1.41.89.89 1.39 2.09 1.39 3.35v2c0 .1-.02.2-.05.29-.04.09-.1.17-.17.24s-.15.13-.24.17c-.09.03-.19.05-.29.05h-8zm4-6c-.43 0-.85.08-1.25.24-.39.17-.75.41-1.06.71-.3.3-.54.66-.71 1.05-.16.4-.25.82-.25 1.25v1.25h6.5v-1.25c0-.86-.34-1.68-.94-2.29-.61-.62-1.43-.96-2.29-.97z""/><path d=""m12 17.24c-.73 0-1.43-.29-1.94-.8-.52-.52-.81-1.21-.81-1.94s.29-1.43.8-1.95c.52-.52 1.22-.81 1.95-.81s1.43.29 1.94.81c.52.51.81 1.21.81 1.94s-.29 1.43-.81 1.94c-.51.52-1.21.81-1.94.81zm0-4c-.33.01-.65.14-.88.38-.24.23-.37.55-.37.88 0 .16.03.33.1.48.06.15.15.29.27.4.11.12.25.21.4.27s.32.09.48.09.33-.03.48-.09.28-.15.4-.27c.24-.24.37-.56.37-.89s-.13-.65-.37-.88c-.23-.24-.55-.37-.88-.37z""/><path d=""m12 19.24c-.2 0-.39-.08-.53-.22-.14-.13-.22-.32-.22-.52v-2c0-.2.08-.39.22-.53.14-.15.33-.23.53-.23.1 0 .2.02.29.06.09.03.17.09.24.16s.13.15.16.24c.04.09.06.19.06.29v2c0 .2-.08.39-.22.53s-.33.22-.53.22z""/></g></svg>"
dec247574ae1fceb82580da0c2636b78,"<svg xmlns=""http://www.w3.org/2000/svg"" viewBox=""0.0 0.0 200.0 200.0"" height=""200.0px"" width=""200.0px""><path fill=""#1677FF"" fill-opacity=""1.0""  filling=""0"" d=""M121.42900085449219 28.570999145507812 C127.02100372314453 28.570999145507812 131.07899475097656 31.25 132.14300537109375 35.71400451660156 L139.28599548339844 46.42900085449219 L164.28599548339844 46.42900085449219 C175.66400146484375 47.32099914550781 185.71400451660156 57.393001556396484 185.71400451660156 71.42900085449219 L185.71400451660156 156.0709991455078 C185.71400451660156 168.5 175.66400146484375 178.5709991455078 163.26400756835938 178.5709991455078 L36.736000061035156 178.5709991455078 C24.33599853515625 178.5709991455078 14.286003112792969 168.5 14.286003112792969 156.0709991455078 L14.286003112792969 71.42900085449219 C14.286003112792969 57.393001556396484 24.33599853515625 47.32099914550781 35.71400451660156 46.42900085449219 L60.7140007019043 46.42900085449219 L67.85700225830078 35.71400451660156 C68.9209976196289 31.25 72.97899627685547 28.570999145507812 78.57099914550781 28.570999145507812 L121.42900085449219 28.570999145507812 Z M100.0 67.85700225830078 C76.3290023803711 67.85700225830078 57.143001556396484 87.04299926757812 57.143001556396484 110.71399688720703 C57.143001556396484 134.38600158691406 76.3290023803711 153.5709991455078 100.0 153.5709991455078 C123.6709976196289 153.5709991455078 142.85699462890625 134.38600158691406 142.85699462890625 110.71399688720703 C142.85699462890625 87.04299926757812 123.6709976196289 67.85700225830078 100.0 67.85700225830078 Z M100.0 78.57099914550781 A32.143001556396484 32.143001556396484 0.0 1 1 100.0 142.85699462890625 A32.143001556396484 32.143001556396484 0.0 0 1 100.0 78.57099914550781 Z""></path></svg>"
1bf0a4fd8b529954a7c4b755f5592e39,"<svg xmlns=""http://www.w3.org/2000/svg"" viewBox=""0.0 0.0 200.0 200.0"" height=""200.0px"" width=""200.0px""><path fill=""#000000"" fill-opacity=""1.0""  filling=""0"" d=""M112.69296264648438 168.4460906982422 L37.433006286621094 93.1859359741211 L14.033004760742188 116.5859375 L14.018943786621094 116.5999984741211 A7.0859375 7.0859375 0.0 0 0 14.0419921875 126.61991882324219 L68.40605926513672 180.73593139648438 L69.5999984741211 182.0 L99.19999694824219 182.0 L100.4039077758789 180.73593139648438 L112.69296264648438 168.4460906982422 Z M119.76309204101562 161.3759765625 L186.72793579101562 94.41093444824219 A7.0859375 7.0859375 0.0 0 0 186.72793579101562 84.3910140991211 L121.48808288574219 19.150978088378906 A7.0859375 7.0859375 0.0 0 0 111.46797180175781 19.150978088378906 L44.503902435302734 86.11601257324219 L119.76406860351562 161.3759765625 L119.76309204101562 161.3759765625 Z M55.502925872802734 182.0 L6.9880828857421875 133.7080078125 C0.3000030517578125 127.05097198486328 0.27500152587890625 116.23300170898438 6.932029724121094 109.54608917236328 L6.9599609375 109.5179672241211 L104.3970718383789 12.080078125 C111.06991577148438 5.4080047607421875 121.88690948486328 5.4080047607421875 128.55996704101562 12.080078125 L193.79998779296875 77.31991577148438 C200.47109985351562 83.99198913574219 200.47109985351562 94.8099594116211 193.79998779296875 101.4820327758789 L113.28008270263672 182.0 L193.330078125 182.0 C196.47596740722656 182.0 199.02597045898438 184.01504516601562 199.02597045898438 186.5 C199.02597045898438 188.98497009277344 196.47596740722656 191.0 193.3310546875 191.0 L6.528907775878906 191.0 C3.3839797973632812 191.0 0.833984375 188.98497009277344 0.833984375 186.5 C0.833984375 184.01504516601562 3.3839797973632812 182.0 6.528907775878906 182.0 L55.501956939697266 182.0 L55.502925872802734 182.0 Z""></path></svg>"
71229e9fb7139eaf508760275eacdeb2,"<svg xmlns=""http://www.w3.org/2000/svg"" viewBox=""0.0 0.0 200.0 200.0"" height=""200.0px"" width=""200.0px""><path fill="""" fill-opacity=""1.0""  filling=""0"" d=""M170.05859375 90.9765625 L42.59765625 2.421875 C39.27734375 0.05859375 34.84375 -0.27344512939453125 31.2109375 1.640625 C27.578125 3.5546875 25.1953125 7.32421875 25.1953125 11.42578125 L25.1953125 188.53515625 C25.1953125 192.65625 27.40234375 196.4453125 31.2109375 198.33984375 C32.79296875 199.12109375 34.53125 199.609375 36.269535064697266 199.609375 C38.4765625 199.609375 40.703125 198.984375 42.59765625 197.55859375 L170.05859375 109.00389862060547 C173.06640625 106.95311737060547 174.8046875 103.4765625 174.8046875 99.98046875 C174.8046875 96.34765625 173.06640625 93.02734375 170.05859375 90.9765625 Z""></path></svg>"
a1a9ed9f8e8ba3a5f7a3c3bba3052769,"<svg xmlns=""http://www.w3.org/2000/svg"" viewBox=""0.0 0.0 200.0 200.0"" height=""200.0px"" width=""200.0px""><path fill=""currentColor"" fill-opacity=""1.0""  filling=""0"" d=""M25.0 31.25 C21.561996459960938 31.25 18.75 34.06199645996094 18.75 37.5 L18.75 100.78099822998047 C20.74200439453125 100.27300262451172 22.85199737548828 100.0 25.0 100.0 L175.0 100.0 C177.1479949951172 100.0 179.25799560546875 100.27300262451172 181.25 100.78099822998047 L181.25 37.5 C181.25 34.06199645996094 178.43800354003906 31.25 175.0 31.25 L25.0 31.25 Z M18.75 125.0 L18.75 162.5 C18.75 165.93800354003906 21.561996459960938 168.75 25.0 168.75 L175.0 168.75 C178.43800354003906 168.75 181.25 165.93800354003906 181.25 162.5 L181.25 125.0 C181.25 121.56199645996094 178.43800354003906 118.75 175.0 118.75 L25.0 118.75 C21.561996459960938 118.75 18.75 121.56199645996094 18.75 125.0 Z M0.0 125.0 L0.0 37.5 C0.0 23.71099853515625 11.21099853515625 12.5 25.0 12.5 L175.0 12.5 C188.78900146484375 12.5 200.0 23.71099853515625 200.0 37.5 L200.0 162.5 C200.0 176.28900146484375 188.78900146484375 187.5 175.0 187.5 L25.0 187.5 C11.21099853515625 187.5 0.0 176.28900146484375 0.0 162.5 L0.0 125.0 Z M109.375 143.75 A9.375 9.375 0.0 1 1 128.125 143.75 A9.375 9.375 0.0 1 1 109.375 143.75 Z M156.25 134.375 A9.375 9.375 0.0 1 1 156.25 153.125 A9.375 9.375 0.0 1 1 156.25 134.375 Z""></path></svg>"
5cbc0b2b-a5b2-4f77-97bd-ba8c6d4ec74c,"<svg height=""128"" viewBox=""0 0 32 32"" width=""128"" xmlns=""http://www.w3.org/2000/svg""><path d=""m28.9 1.6c-.1-.3-.5-.6-.9-.6h-12c-.1 0-.1 0-.2 0s-.1 0-.2.1c-.1 0-.1.1-.1.1-.1 0-.1.1-.2.1l-4.1 4.9-5.5-5.9c-.2-.3-.7-.4-1.1-.2-.3.1-.6.5-.6.9v12 .2c0 .1 0 .1.1.2 0 .1.1.1.1.1 0 .1.1.1.1.2l4.9 4.1-5.9 5.4c-.3.3-.4.8-.2 1.2.1.3.5.6.9.6h11v6c0 .6.4 1 1 1s1-.4 1-1v-6.6l3.8-4.6 5.4 5.9c.2.2.5.3.7.3.1 0 .2 0 .4-.1.4-.1.6-.5.6-.9v-12c0-.1 0-.1 0-.2s0-.1-.1-.2c0-.1-.1-.1-.1-.1 0-.1-.1-.1-.1-.2l-4.9-4.1 5.9-5.4c.4-.3.5-.8.3-1.2zm-11.9 11.4c0 .6-.4 1-1 1s-1-.4-1-1 .4-1 1-1 1 .4 1 1zm-2-8.2v5.4c-.1 0-.1 0-.2.1l-2.3-2.5zm-7.2 9.2h5.4c0 .1 0 .1.1.2l-2.5 2.3zm9.2 7.2v-5.4c.1 0 .1 0 .2-.1l2.3 2.5zm7.2-9.2h-5.4c0-.1 0-.1-.1-.2l2.5-2.3z""/></svg>"
ff1d3c30bedd80ff49645734fb3f0579,"<svg xmlns=""http://www.w3.org/2000/svg"" viewBox=""0.0 0.0 200.0 200.0"" height=""200.0px"" width=""200.0px""><path fill=""#8DC81B"" fill-opacity=""1.0""  filling=""0"" d=""M137.5 77.71900177001953 C134.56199645996094 50.1879997253418 108.0 28.625 75.68800354003906 28.625 C41.3129997253418 28.625 13.594001770019531 52.875 13.594001770019531 82.78099822998047 A52.21900177001953 52.21900177001953 0.0 0 0 38.8120002746582 126.53099822998047 C40.53099822998047 127.625 33.125 143.18800354003906 34.96900177001953 144.125 C36.8120002746582 145.06199645996094 40.53099822998047 141.93800354003906 44.5 138.93800354003906 C48.46900177001953 135.93800354003906 52.21900177001953 133.125 53.875 133.68800354003906 A70.81199645996094 70.81199645996094 0.0 0 0 75.75 137.093994140625 A73.46900177001953 73.46900177001953 0.0 0 0 86.96900177001953 136.218994140625 C94.18800354003906 152.781005859375 113.03099822998047 164.625 135.125 164.625 A59.59400177001953 59.59400177001953 0.0 0 0 152.343994140625 162.093994140625 C153.218994140625 161.843994140625 156.593994140625 164.31199645996094 160.0 166.81199645996094 C163.406005859375 169.31199645996094 166.906005859375 171.843994140625 167.75 171.5 C170.43800354003906 170.375 162.781005859375 157.843994140625 165.218994140625 156.375 C178.06199645996094 148.468994140625 186.406005859375 135.68800354003906 186.406005859375 121.21900177001953 C186.375 97.78099822998047 164.718994140625 78.81199645996094 137.5 77.71900177001953 Z M116.18800354003906 110.375 A5.468999862670898 5.468999862670898 0.0 1 1 121.59400177001953 104.90599822998047 A5.438000202178955 5.438000202178955 0.0 0 1 116.18800354003906 110.375 Z M83.81199645996094 121.06300354003906 A39.96900177001953 39.96900177001953 0.0 0 0 84.09400177001953 125.81199645996094 A61.46900177001953 61.46900177001953 0.0 0 1 75.71900177001953 126.375 A59.0 59.0 0.0 0 1 55.53099822998047 122.90599822998047 C54.90599822998047 122.68699645996094 52.71900177001953 122.0 51.53099822998047 122.90599822998047 A51.8120002746582 51.8120002746582 0.0 0 0 45.28099822998047 129.156005859375 A27.812000274658203 27.812000274658203 0.0 0 0 47.03099822998047 121.65599822998047 C47.25 119.65599822998047 44.1879997253418 118.21900177001953 43.5620002746582 117.81199645996094 A42.96900177001953 42.96900177001953 0.0 0 1 24.40599822998047 82.96900177001953 C24.40599822998047 58.96900177001953 47.375 39.53099822998047 75.71900177001953 39.53099822998047 C102.15599822998047 39.53099822998047 123.93800354003906 56.46900177001953 126.68800354003906 78.25 C102.375 81.65599822998047 83.81199645996094 99.53099822998047 83.81199645996094 121.06300354003906 Z M148.593994140625 110.375 A5.468999862670898 5.468999862670898 0.0 1 1 154.0 104.90599822998047 A5.406000137329102 5.406000137329102 0.0 0 1 148.593994140625 110.375 Z""></path>
<path fill=""#8DC81B"" fill-opacity=""1.0""  filling=""0"" d=""M97.31199645996094 55.875 A8.187999725341797 8.187999725341797 0.0 1 0 105.40599822998047 64.06199645996094 A8.156000137329102 8.156000137329102 0.0 0 0 97.31199645996094 55.875 Z M54.09400177001953 55.875 A8.187999725341797 8.187999725341797 0.0 1 0 62.21900177001953 64.06199645996094 A8.125 8.125 0.0 0 0 54.09400177001953 55.875 Z""></path></svg>"
c4890de3e15f42c2f51407fdbee9c65b,"<svg xmlns=""http://www.w3.org/2000/svg"" viewBox=""0.0 0.0 200.0 200.0"" height=""200.0px"" width=""200.0px""><path fill=""#777B88"" fill-opacity=""1.0""  filling=""0"" d=""M168.22265625 96.9921875 L167.65625 94.453125 C167.20703125 92.32421875 165.33203125 90.80078125 163.14453125 90.80078125 L154.6875 90.80078125 L158.76953125 23.828125 C159.2578125 20.60546875 158.49609375 17.5 156.66015625 15.33203125 C155.1171875 13.515625 152.98828125 12.48046875 150.64453125 12.48046875 L49.374996185302734 12.48046875 C47.031246185302734 12.48046875 44.882808685302734 13.49609375 43.359375 15.33203125 C41.542972564697266 17.5 40.781246185302734 20.5859375 41.250003814697266 23.80859375 L45.29296875 90.80078125 L36.855472564697266 90.80078125 C34.66796875 90.80078125 32.79296875 92.32421875 32.34375 94.453125 L31.77734375 96.9921875 C30.99609375 100.44921875 30.21484375 104.00390625 30.21484375 107.87109375 C30.21484375 132.20703125 44.31640625 150.25390625 72.44140625 161.5234375 L72.44140625 182.83203125 C72.44140625 185.37109375 74.4140625 187.48046875 76.97265625 187.48046875 L123.0078125 187.48046875 C125.546875 187.48046875 127.5390625 185.37109375 127.5390625 182.83203125 L127.5390625 161.54296875 C155.6640625 150.2734375 169.765625 132.2265625 169.765625 107.89063262939453 C169.765625 104.02342987060547 169.00390625 100.44921875 168.22265625 96.9921875 Z M149.6875 21.875 C149.70703125 22.0703125 149.6875 22.20703125 149.6484375 22.5390625 L149.4140625 26.171875 L50.60546875 26.171875 L50.429691314697266 22.98828125 L50.37109375 22.578125 C50.3125 22.24609375 50.3125 22.0703125 50.332035064697266 21.875 L149.6875 21.875 Z M51.132808685302734 35.546875 L148.90625 35.546875 L145.5078125 90.8203125 L54.51171875 90.8203125 L51.132808685302734 35.546875 Z M40.546875 100.0 L159.453125 100.0 C160.078125 102.734375 160.60546875 105.33203125 160.60546875 107.87109375 C160.60546875 108.32030487060547 160.56640625 108.7890625 160.546875 109.1796875 L39.453125 109.1796875 C39.43359375 108.7890625 39.394535064697266 108.32030487060547 39.394535064697266 107.87109375 C39.394535064697266 105.33203125 39.921875 102.734375 40.546875 100.0 Z M121.484375 154.16015625 C119.6875 154.82421875 118.5546875 156.484375 118.5546875 158.3984375 L118.5546875 178.125 L81.4453125 178.125 L81.4453125 158.3984375 C81.4453125 156.484375 80.33203125 154.82421875 78.515625 154.16015625 C56.73828125 146.03515625 44.296871185302734 134.1796875 40.585933685302734 118.5546875 L159.4140625 118.5546875 C155.703125 134.1796875 143.26171875 146.03515625 121.484375 154.16015625 Z""></path></svg>"
b3bc18737e09298638058fc0e73edfe6,"<svg xmlns=""http://www.w3.org/2000/svg"" viewBox=""0.0 0.0 200.0 200.0"" height=""200.0px"" width=""200.0px""><path fill=""currentColor"" fill-opacity=""1.0""  filling=""0"" d=""M70.83300018310547 66.66699981689453 L129.16700744628906 66.66699981689453 C131.66700744628906 66.66699981689453 133.33299255371094 65.0 133.33299255371094 62.5 C133.33299255371094 60.0 131.66700744628906 58.33300018310547 129.16700744628906 58.33300018310547 L70.83300018310547 58.33300018310547 C68.33300018310547 58.33300018310547 66.66699981689453 60.0 66.66699981689453 62.5 C66.66699981689453 65.0 68.33300018310547 66.66699981689453 70.83300018310547 66.66699981689453 Z M70.83300018310547 91.66699981689453 L129.16700744628906 91.66699981689453 C131.66700744628906 91.66699981689453 133.33299255371094 90.0 133.33299255371094 87.5 C133.33299255371094 85.0 131.66700744628906 83.33300018310547 129.16700744628906 83.33300018310547 L70.83300018310547 83.33300018310547 C68.33300018310547 83.33300018310547 66.66699981689453 85.0 66.66699981689453 87.5 C66.66699981689453 90.0 68.33300018310547 91.66699981689453 70.83300018310547 91.66699981689453 Z""></path>
<path fill=""currentColor"" fill-opacity=""1.0""  filling=""0"" d=""M170.83299255371094 120.0 L170.83299255371094 118.75 L158.33299255371094 41.25 C158.33299255371094 34.58300018310547 152.91700744628906 29.16699981689453 147.08299255371094 29.16699981689453 L52.91699981689453 29.16699981689453 C47.08300018310547 29.16699981689453 41.66699981689453 34.58300018310547 41.66699981689453 41.25 L29.58300018310547 118.75 L29.58300018310547 162.91700744628906 C29.58300018310547 167.5 33.33300018310547 171.25 37.91699981689453 171.25 L162.91700744628906 171.25 C167.5 171.25 171.25 167.5 171.25 162.91700744628906 L171.25 120.83300018310547 C170.83299255371094 120.41699981689453 170.83299255371094 120.41699981689453 170.83299255371094 120.0 Z M50.0 42.5 L50.0 41.66699981689453 C50.0 39.58300018310547 51.25 37.5 52.91699981689453 37.5 L146.66700744628906 37.5 C148.33299255371094 37.5 149.58299255371094 39.58300018310547 149.58299255371094 41.66699981689453 L160.83299255371094 112.5 L128.33299255371094 112.5 C126.66699981689453 112.5 125.41699981689453 113.33300018310547 124.58300018310547 114.58300018310547 C120.0 123.75 110.41699981689453 129.16700744628906 100.0 129.16700744628906 C89.58300018310547 129.16700744628906 80.0 123.75 74.58300018310547 114.58300018310547 C73.75 113.33300018310547 72.5 112.5 70.83300018310547 112.5 L38.75 112.5 L50.0 42.5 Z M37.5 162.5 L37.5 120.83300018310547 L68.75 120.83300018310547 C75.83300018310547 131.25 87.5 137.5 100.0 137.5 C112.5 137.5 124.16699981689453 131.25 131.25 120.83300018310547 L162.5 120.83300018310547 L162.5 162.5 L37.5 162.5 Z""></path></svg>"
b58139c55d43e791697567363c8a4460,"<svg xmlns=""http://www.w3.org/2000/svg"" viewBox=""0.0 0.0 200.0 200.0"" height=""200.0px"" width=""200.0px""><path fill="""" fill-opacity=""1.0""  filling=""0"" d=""M199.99551391601562 140.00039672851562 C199.99551391601562 173.13906860351562 173.13671875 199.99786376953125 139.9982452392578 199.99786376953125 C139.37167358398438 199.99786376953125 140.6181640625 200.01113891601562 139.9982452392578 199.99786376953125 C104.77304077148438 199.99786376953125 0.00449371337890625 199.9912109375 0.00449371337890625 199.9912109375 L0.00449371337890625 -0.0066375732421875 L100.0 -0.0066375732421875 L146.66464233398438 46.664649963378906 C146.66464233398438 46.664649963378906 146.66464233398438 60.79062271118164 146.66464233398438 80.38984680175781 C176.66326904296875 83.70292663574219 199.99551391601562 109.115234375 199.99551391601562 140.00039672851562 Z M100.0 16.872657775878906 L100.0 46.664649963378906 L129.7919921875 46.664649963378906 L100.0 16.872657775878906 Z M86.66718292236328 59.99726486206055 L86.66718292236328 13.332817077636719 L13.337112426757812 13.332817077636719 L13.337112426757812 186.65838623046875 C13.337112426757812 186.65838623046875 66.76152038574219 186.65838623046875 102.3199234008789 186.65838623046875 C88.7138671875 175.66561889648438 80.0009765625 158.85293579101562 80.0009765625 140.00039672851562 C80.0009765625 109.12187194824219 103.33319854736328 83.70956420898438 133.3318328857422 80.38984680175781 C133.3318328857422 68.19706726074219 133.3318328857422 59.99726486206055 133.3318328857422 59.99726486206055 L86.66718292236328 59.99726486206055 Z M139.9982452392578 93.3291015625 C114.22596740722656 93.3291015625 93.3335952758789 114.2216796875 93.3335952758789 139.99374389648438 C93.3335952758789 165.76602172851562 114.22596740722656 186.65838623046875 139.9982452392578 186.65838623046875 C165.7705078125 186.65838623046875 186.6628875732422 165.76602172851562 186.6628875732422 139.99374389648438 C186.6628875732422 114.2216796875 165.7705078125 93.3291015625 139.9982452392578 93.3291015625 Z M133.3318328857422 146.66680908203125 L133.3318328857422 106.6685562133789 L146.66464233398438 106.6685562133789 L146.66464233398438 133.3341827392578 L166.66366577148438 133.3341827392578 L166.66366577148438 146.66680908203125 L133.3318328857422 146.66680908203125 Z""></path></svg>"
1b91a87ceb02be159be9c622186fccb6,"<svg xmlns=""http://www.w3.org/2000/svg"" viewBox=""0.0 0.0 200.0 200.0"" height=""200.0px"" width=""200.0px""><path fill=""#272636"" fill-opacity=""1.0""  filling=""0"" d=""M103.05699920654297 9.739997863769531 C54.827999114990234 9.739997863769531 15.729995727539062 48.83700180053711 15.729995727539062 97.06600189208984 C15.729995727539062 145.29600524902344 54.827999114990234 184.39300537109375 103.05699920654297 184.39300537109375 C151.28599548339844 184.39300537109375 190.38299560546875 145.29600524902344 190.38299560546875 97.06700134277344 C190.38400268554688 48.83700180053711 151.28599548339844 9.739997863769531 103.05699920654297 9.739997863769531 Z M103.05699920654297 171.91799926757812 C61.71799850463867 171.91799926757812 28.20600128173828 138.406005859375 28.20600128173828 97.06700134277344 C28.20600128173828 55.72700119018555 61.71799850463867 22.214996337890625 103.05699920654297 22.214996337890625 C144.39599609375 22.214996337890625 177.9080047607422 55.72700119018555 177.9080047607422 97.06700134277344 C177.9080047607422 138.406005859375 144.39599609375 171.91799926757812 103.05699920654297 171.91799926757812 Z""></path>
<path fill=""#272636"" fill-opacity=""1.0""  filling=""0"" d=""M140.13900756835938 69.36499786376953 C138.68699645996094 69.36499786376953 137.33399963378906 69.90699768066406 136.3260040283203 70.89399719238281 L102.73999786376953 103.88600158691406 L90.48300170898438 115.88300323486328 L67.37699890136719 92.78299713134766 C66.36699676513672 91.77300262451172 64.99700164794922 91.21700286865234 63.520999908447266 91.21700286865234 C61.900001525878906 91.21700286865234 60.28499984741211 91.9020004272461 59.0890007019043 93.0979995727539 C56.71799850463867 95.47000122070312 56.57699966430664 99.18800354003906 58.775001525878906 101.38600158691406 L85.85199737548828 128.45599365234375 L85.86100006103516 128.46600341796875 C85.93099975585938 128.5469970703125 86.00199890136719 128.6280059814453 86.0770034790039 128.7050018310547 C86.19999694824219 128.83099365234375 86.33399963378906 128.95599365234375 86.4739990234375 129.0780029296875 C87.48300170898438 130.08200073242188 88.8489990234375 130.63499450683594 90.32099914550781 130.63499450683594 C90.36100006103516 130.63499450683594 90.4010009765625 130.63400268554688 90.44100189208984 130.6320037841797 C90.47799682617188 130.63400268554688 90.51499938964844 130.63499450683594 90.552001953125 130.63499450683594 C91.98699951171875 130.63499450683594 93.32599639892578 130.10499572753906 94.3270034790039 129.14300537109375 C94.4729995727539 129.02099609375 94.61599731445312 128.88999938964844 94.75299835205078 128.7530059814453 C94.85199737548828 128.6540069580078 94.93499755859375 128.5590057373047 95.00900268554688 128.47500610351562 L111.25199890136719 112.57599639892578 L144.83900451660156 79.58399963378906 C147.05999755859375 77.40899658203125 146.95899963378906 73.68900299072266 144.61300659179688 71.29299926757812 C143.41299438476562 70.06800079345703 141.7830047607422 69.36499786376953 140.13900756835938 69.36499786376953 Z""></path></svg>"
533830e799427ac90462e7bd2b8ccd83,"<svg xmlns=""http://www.w3.org/2000/svg"" viewBox=""0.0 0.0 200.0 200.0"" height=""200.0px"" width=""200.0px""><path fill="""" fill-opacity=""1.0""  filling=""0"" d=""M140.55996704101562 121.5732421875 A17.940038681030273 17.940038681030273 0.0 0 0 115.13339233398438 121.5732421875 L109.72676086425781 126.9800796508789 C109.4267578125 127.28008270263672 108.54003143310547 127.4267578125 106.9066390991211 126.9800796508789 C96.60664367675781 124.16659545898438 77.1800765991211 104.74667358398438 74.4400405883789 94.51327514648438 C73.99336242675781 92.806640625 74.14668273925781 91.919921875 74.3666000366211 91.61991882324219 L79.78007507324219 86.2132797241211 C83.18671417236328 82.80000305175781 85.04667663574219 78.35331726074219 85.04667663574219 73.53340148925781 C85.04667663574219 68.71992492675781 83.18671417236328 64.19999694824219 79.78007507324219 60.78671646118164 L62.580078125 43.58671951293945 C55.83340072631836 36.84003829956055 43.980072021484375 36.84003829956055 37.22676086425781 43.58671951293945 L26.019920349121094 54.79999923706055 C21.35332489013672 59.46659851074219 20.159957885742188 66.5132827758789 22.606643676757812 75.70000457763672 C31.806640625 109.87324523925781 91.47323608398438 169.6199188232422 125.64667510986328 178.7400360107422 C128.75994873046875 179.55331420898438 131.6466827392578 180.0 134.24667358398438 180.0 C139.35995483398438 180.0 143.51329040527344 178.44003295898438 146.6267547607422 175.33338928222656 L157.7599639892578 164.1999969482422 A17.96660041809082 17.96660041809082 0.0 0 0 157.7599639892578 138.7666015625 L140.55996704101562 121.56660461425781 L140.55996704101562 121.5732421875 Z M168.6533203125 20.11328125 L121.693359375 28.833404541015625 C118.58671569824219 29.43340301513672 116.01991271972656 31.640037536621094 115.1800765991211 34.633399963378906 C114.22676086425781 37.613285064697266 115.0 40.90000534057617 117.21328735351562 43.11328125 L128.13340759277344 54.03339767456055 L113.44003295898438 68.72676086425781 A11.66660213470459 11.66660213470459 0.0 1 0 129.9333953857422 85.21991729736328 L144.62677001953125 70.5267562866211 L155.56658935546875 81.4599609375 C157.7800750732422 83.67324829101562 161.0666046142578 84.45332336425781 164.05331420898438 83.49336242675781 C166.98007202148438 82.5999984741211 169.25332641601562 80.0933609008789 169.8466796875 76.9867172241211 L178.51327514648438 29.96660614013672 C179.52676391601562 24.53339385986328 174.14666748046875 19.1533203125 168.6466827392578 20.11328125 L168.6533203125 20.11328125 Z""></path></svg>"
5d3523ac267ea453f2dee29b27742600,"<svg xmlns=""http://www.w3.org/2000/svg"" viewBox=""0.0 0.0 200.0 200.0"" height=""200.0px"" width=""200.0px""><path fill=""currentColor"" fill-opacity=""1.0""  filling=""0"" d=""M34.082000732421875 76.9729995727539 L98.7699966430664 76.9729995727539 C116.54299926757812 76.9729995727539 131.1909942626953 62.67599868774414 131.25 44.902000427246094 C131.3090057373047 27.128997802734375 116.8550033569336 12.655998229980469 99.08200073242188 12.655998229980469 C90.6449966430664 12.655998229980469 82.6760025024414 15.898002624511719 76.64099884033203 21.777000427246094 C73.61299896240234 24.72699737548828 71.2300033569336 28.2030029296875 69.56999969482422 31.972999572753906 C67.08999633789062 37.65599822998047 71.21099853515625 44.02299880981445 77.4020004272461 44.19900131225586 C81.01599884033203 44.297000885009766 84.2770004272461 42.167999267578125 85.7229995727539 38.867000579833984 C87.98799896240234 33.75 93.08599853515625 30.23400115966797 99.06199645996094 30.23400115966797 C107.14800262451172 30.23400115966797 113.7300033569336 36.85499954223633 113.6520004272461 44.96099853515625 C113.5739974975586 52.987998962402344 106.91400146484375 59.39500045776367 98.88700103759766 59.39500045776367 L34.082000732421875 59.39500045776367 C29.21900177001953 59.39500045776367 25.292999267578125 63.31999969482422 25.292999267578125 68.18399810791016 C25.292999267578125 73.0469970703125 29.237998962402344 76.9729995727539 34.082000732421875 76.9729995727539 Z M133.2030029296875 122.44100189208984 C133.08599853515625 122.44100189208984 133.0469970703125 122.44100189208984 49.74599838256836 123.6719970703125 C48.31999969482422 123.69100189208984 46.972999572753906 123.71099853515625 45.742000579833984 123.7300033569336 C40.89799880981445 123.80899810791016 37.012001037597656 127.79299926757812 37.09000015258789 132.63699340820312 C37.14799880981445 137.5 41.152000427246094 141.38699340820312 46.01599884033203 141.3090057373047 C47.24599838256836 141.28900146484375 48.59400177001953 141.27000427246094 50.02000045776367 141.25 C74.41400146484375 140.87899780273438 131.13299560546875 140.03900146484375 133.26199340820312 140.02000427246094 C141.62100219726562 140.0590057373047 148.33999633789062 147.1479949951172 147.75399780273438 155.64500427246094 C147.20700073242188 163.41799926757812 140.74200439453125 169.3159942626953 132.968994140625 169.17999267578125 C127.06999969482422 169.08200073242188 122.0510025024414 165.5659942626953 119.84400177001953 160.48800659179688 C118.41799926757812 157.20700073242188 115.13700103759766 155.11700439453125 111.54299926757812 155.21499633789062 C105.35199737548828 155.39100646972656 101.2300033569336 161.75799560546875 103.71099853515625 167.4409942626953 C105.35199737548828 171.22999572753906 107.73400115966797 174.68800354003906 110.78099822998047 177.63699340820312 C116.81600189208984 183.51600646972656 124.80500030517578 186.75799560546875 133.24200439453125 186.75799560546875 C151.1719970703125 186.73800659179688 165.82000732421875 171.718994140625 165.37100219726562 153.78900146484375 C164.9219970703125 136.42599487304688 150.66400146484375 122.44100189208984 133.2030029296875 122.44100189208984 Z""></path>
<path fill=""currentColor"" fill-opacity=""1.0""  filling=""0"" d=""M167.30499267578125 46.933998107910156 C161.64100646972656 44.6870002746582 155.48800659179688 48.90599822998047 155.48800659179688 55.02000045776367 L155.48800659179688 55.27299880981445 C155.48800659179688 58.78900146484375 157.61700439453125 61.992000579833984 160.87899780273438 63.30099868774414 C166.25 65.4489974975586 170.0590057373047 70.7229995727539 170.0590057373047 76.8550033569336 C170.0590057373047 84.9020004272461 163.51600646972656 91.44499969482422 155.468994140625 91.44499969482422 L21.99200439453125 91.44499969482422 C17.128997802734375 91.44499969482422 13.2030029296875 95.37100219726562 13.2030029296875 100.23400115966797 C13.2030029296875 105.0979995727539 17.128997802734375 109.02300262451172 21.99200439453125 109.02300262451172 L155.48800659179688 109.02300262451172 C173.22300720214844 109.02300262451172 187.656005859375 94.58999633789062 187.656005859375 76.8550033569336 C187.63699340820312 63.28099822998047 179.19900512695312 51.65999984741211 167.30499267578125 46.933998107910156 Z""></path></svg>"
6581c6cfae44dfbd3ebf4c2ff86fb790,"<svg xmlns=""http://www.w3.org/2000/svg"" viewBox=""0.0 0.0 200.0 200.0"" height=""200.0px"" width=""200.0px""><path fill=""currentColor"" fill-opacity=""1.0""  filling=""0"" d=""M100.0 16.66699981689453 C53.95800018310547 16.66699981689453 16.66699981689453 53.95800018310547 16.66699981689453 100.0 A83.28299713134766 83.28299713134766 0.0 0 0 73.6500015258789 179.06700134277344 C77.81700134277344 179.79200744628906 79.375 177.29200744628906 79.375 175.10000610351562 C79.375 173.125 79.26699829101562 166.56700134277344 79.26699829101562 159.58299255371094 C58.33300018310547 163.44200134277344 52.91699981689453 154.48300170898438 51.25 149.79200744628906 C50.30799865722656 147.39199829101562 46.25 140.0 42.70800018310547 138.01699829101562 C39.79199981689453 136.45799255371094 35.625 132.60000610351562 42.599998474121094 132.5 C49.16699981689453 132.39199829101562 53.849998474121094 138.54200744628906 55.41699981689453 141.04200744628906 C62.91699981689453 153.64199829101562 74.9000015258789 150.10000610351562 79.68299865722656 147.91700744628906 C80.41699981689453 142.5 82.5999984741211 138.85800170898438 85.0 136.77499389648438 C66.45800018310547 134.69200134277344 47.08300018310547 127.5 47.08300018310547 95.625 C47.08300018310547 86.55799865722656 50.30799865722656 79.06700134277344 55.625 73.2249984741211 C54.79199981689453 71.14199829101562 51.875 62.599998474121094 56.45800018310547 51.141998291015625 C56.45800018310547 51.141998291015625 63.43299865722656 48.95800018310547 79.375 59.69200134277344 A77.33300018310547 77.33300018310547 0.0 0 1 100.20800018310547 56.875 C107.29199981689453 56.875 114.375 57.80799865722656 121.04199981689453 59.68299865722656 C136.97500610351562 48.849998474121094 143.95799255371094 51.150001525878906 143.95799255371094 51.150001525878906 C148.54200744628906 62.608001708984375 145.625 71.1500015258789 144.79200744628906 73.23300170898438 C150.10000610351562 79.06700134277344 153.33299255371094 86.45800018310547 153.33299255371094 95.625 C153.33299255371094 127.60800170898438 133.85800170898438 134.69200134277344 115.31700134277344 136.77499389648438 C118.33300018310547 139.375 120.94200134277344 144.375 120.94200134277344 152.19200134277344 C120.94200134277344 163.33299255371094 120.83300018310547 172.29200744628906 120.83300018310547 175.10800170898438 C120.83300018310547 177.29200744628906 122.4000015258789 179.89199829101562 126.56700134277344 179.05799865722656 A83.46700286865234 83.46700286865234 0.0 0 0 183.33299255371094 100.0 C183.33299255371094 53.95800018310547 146.04200744628906 16.66699981689453 100.0 16.66699981689453 Z""></path></svg>"
ea93e12ab3ba63800e57b92baacf3b89,"<svg xmlns=""http://www.w3.org/2000/svg"" viewBox=""0.0 0.0 200.0 200.0"" height=""200.0px"" width=""200.0px""><path fill=""#272636"" fill-opacity=""1.0""  filling=""0"" d=""M100.0 198.6873016357422 C45.49589920043945 198.6873016357422 1.312103271484375 154.5031280517578 1.312103271484375 99.9994125366211 C1.312103271484375 45.49570083618164 45.49589920043945 1.312103271484375 100.0 1.312103271484375 C154.50372314453125 1.312103271484375 198.68789672851562 45.49628448486328 198.68789672851562 100.0 C198.68789672851562 154.50372314453125 154.50372314453125 198.6873016357422 100.0 198.6873016357422 Z M100.0 13.648048400878906 C52.31074142456055 13.648048400878906 13.648048400878906 52.309959411621094 13.648048400878906 100.0 C13.648048400878906 147.69003295898438 52.310543060302734 186.35137939453125 100.0 186.35137939453125 C147.6892547607422 186.35137939453125 186.35137939453125 147.689453125 186.35137939453125 100.0 C186.35137939453125 52.310543060302734 147.689453125 13.648048400878906 100.0 13.648048400878906 Z M108.75801086425781 100.03202819824219 L134.8914031982422 126.17012023925781 C137.3009796142578 128.57559204101562 137.3009796142578 132.48260498046875 134.8914031982422 134.8914031982422 C132.48260498046875 137.3009796142578 128.57559204101562 137.3009796142578 126.17012023925781 134.8914031982422 L100.03202819824219 108.75801086425781 L73.72187805175781 135.0681610107422 C71.2923812866211 137.4972686767578 67.35722351074219 137.4972686767578 64.93183898925781 135.0681610107422 C62.502342224121094 132.63906860351562 62.502342224121094 128.70350646972656 64.93183898925781 126.2777328491211 L91.24198913574219 99.9638671875 L65.10800170898438 73.82987976074219 C62.698829650878906 71.42070770263672 62.698829650878906 67.51737976074219 65.10800170898438 65.1078109741211 C67.517578125 62.69902420043945 71.4205093383789 62.69902420043945 73.830078125 65.1078109741211 L99.96406555175781 91.24179077148438 L126.4710922241211 64.7347640991211 C128.9001922607422 62.309181213378906 132.83575439453125 62.309181213378906 135.2615203857422 64.7347640991211 C137.6906280517578 67.16386413574219 137.6906280517578 71.09941101074219 135.2615203857422 73.52890014648438 L108.75761413574219 100.03242492675781 L108.75801086425781 100.03202819824219 Z""></path></svg>"
ecc57ddb50404c8ca7b0ab8755108c12,"<svg xmlns=""http://www.w3.org/2000/svg"" viewBox=""0.0 0.0 200.0 200.0"" height=""200.0px"" width=""200.0px""><path fill=""#666666"" fill-opacity=""1.0""  filling=""0"" d=""M83.3333969116211 79.1666030883789 C81.0 79.1666030883789 79.1666030883789 81.0 79.1666030883789 83.3333969116211 L79.1666030883789 137.5 C79.1666030883789 139.83340454101562 81.0 141.66659545898438 83.3333969116211 141.66659545898438 C85.6666030883789 141.66659545898438 87.5 139.83340454101562 87.5 137.5 L87.5 83.3333969116211 C87.5 81.0 85.6666030883789 79.1666030883789 83.3333969116211 79.1666030883789 Z M116.6666030883789 79.1666030883789 C114.33340454101562 79.1666030883789 112.5 81.0 112.5 83.3333969116211 L112.5 137.5 C112.5 139.83340454101562 114.33340454101562 141.66659545898438 116.6666030883789 141.66659545898438 C119.00000762939453 141.66659545898438 120.8333969116211 139.83340454101562 120.8333969116211 137.5 L120.8333969116211 83.3333969116211 C120.8333969116211 81.0 119.00000762939453 79.1666030883789 116.6666030883789 79.1666030883789 Z""></path>
<path fill=""#666666"" fill-opacity=""1.0""  filling=""0"" d=""M183.33340454101562 37.5 L135.83338928222656 37.5 L123.58340454101562 14.666603088378906 A4.241601467132568 4.241601467132568 0.0 0 0 119.91661071777344 12.5 L80.33340454101562 12.5 C78.83340454101562 12.5 77.41659545898438 13.333396911621094 76.66659545898438 14.666603088378906 L64.16659545898438 37.5 L16.666603088378906 37.5 C14.333396911621094 37.5 12.5 39.333396911621094 12.5 41.666603088378906 C12.5 44.0 14.333396911621094 45.833396911621094 16.666603088378906 45.833396911621094 L33.333396911621094 45.833396911621094 L33.333396911621094 166.66659545898438 A20.833398818969727 20.833398818969727 0.0 0 0 54.166603088378906 187.5 L145.83340454101562 187.5 A20.833398818969727 20.833398818969727 0.0 0 0 166.66659545898438 166.66659545898438 L166.66659545898438 45.833396911621094 L183.33340454101562 45.833396911621094 C185.66659545898438 45.833396911621094 187.5 44.0 187.5 41.666603088378906 C187.5 39.333396911621094 185.66659545898438 37.5 183.33340454101562 37.5 Z M82.8333969116211 20.833396911621094 L117.41659545898438 20.833396911621094 L126.33340454101562 37.5 L73.6666030883789 37.5 L82.8333969116211 20.833396911621094 Z M158.33340454101562 166.66659545898438 C158.33340454101562 173.58340454101562 152.75 179.16659545898438 145.83340454101562 179.16659545898438 L54.166603088378906 179.16659545898438 C47.249996185302734 179.16659545898438 41.666603088378906 173.58340454101562 41.666603088378906 166.66659545898438 L41.666603088378906 45.833396911621094 L158.33340454101562 45.833396911621094 L158.33340454101562 166.66659545898438 Z""></path></svg>"
7aee9393-5a81-45ec-8865-e5f1ca18cbae,"<svg xmlns=""http://www.w3.org/2000/svg"" viewBox=""0.0 0.0 200.0 200.0"" height=""200.0px"" width=""200.0px""><path fill=""#333333"" fill-opacity=""1.0""  filling=""0"" d=""M155.3520050048828 46.48400115966797 L160.7030029296875 46.48400115966797 C163.2030029296875 46.48400115966797 165.25399780273438 44.452999114990234 165.25399780273438 41.933998107910156 L165.25399780273438 41.68000030517578 C165.25399780273438 39.472999572753906 163.4770050048828 37.69499969482422 161.27000427246094 37.69499969482422 L90.11699676513672 37.69499969482422 C87.91000366210938 37.69499969482422 86.13300323486328 39.472999572753906 86.13300323486328 41.68000030517578 L86.13300323486328 41.933998107910156 C86.13300323486328 44.433998107910156 88.16400146484375 46.48400115966797 90.68399810791016 46.48400115966797 L96.73799896240234 46.48400115966797 C96.9729995727539 46.48400115966797 99.33599853515625 46.64099884033203 99.375 46.875 C107.79299926757812 85.4489974975586 77.08999633789062 126.28900146484375 31.464996337890625 139.6479949951172 C31.44499969482422 139.6479949951172 31.426002502441406 139.66799926757812 31.40599822998047 139.66799926757812 C29.41400146484375 139.96099853515625 27.832000732421875 141.69900512695312 27.832000732421875 143.8280029296875 C27.832000732421875 144.68800354003906 28.08599853515625 145.468994140625 28.535003662109375 146.15199279785156 L28.51599884033203 146.1719970703125 L28.612998962402344 146.27000427246094 C28.847999572753906 146.6020050048828 29.14099884033203 146.89500427246094 29.4530029296875 147.1479949951172 L29.49200439453125 147.18800354003906 C44.082000732421875 162.07000732421875 64.375 171.28900146484375 86.7969970703125 171.28900146484375 C131.25 171.28900146484375 167.28500366210938 135.0590057373047 167.28500366210938 90.37100219726562 C167.28500366210938 74.53099822998047 162.75399780273438 59.74599838256836 154.9219970703125 47.26599884033203 C154.70700073242188 46.91400146484375 154.96099853515625 46.48400115966797 155.3520050048828 46.48400115966797 Z M109.53099822998047 46.48400115966797 L122.20700073242188 46.48400115966797 C122.4800033569336 46.48400115966797 122.69499969482422 46.69900131225586 122.71499633789062 46.952999114990234 C123.00800323486328 52.207000732421875 123.16400146484375 60.15599822998047 123.16400146484375 62.987998962402344 C123.16400146484375 101.1520004272461 95.68399810791016 132.89100646972656 59.433998107910156 139.47300720214844 C58.867000579833984 139.57000732421875 58.612998962402344 138.8090057373047 59.10200119018555 138.53500366210938 C94.64800262451172 118.55500030517578 115.21499633789062 82.22699737548828 109.04299926757812 47.06999969482422 C108.98400115966797 46.777000427246094 109.21900177001953 46.48400115966797 109.53099822998047 46.48400115966797 Z M114.58999633789062 158.24200439453125 C88.7300033569336 167.94900512695312 63.632999420166016 163.281005859375 45.02000045776367 150.03900146484375 C44.60900115966797 149.74600219726562 44.82400131225586 149.12100219726562 45.3120002746582 149.12100219726562 L45.332000732421875 149.12100219726562 C92.9489974975586 149.12100219726562 131.54299926757812 110.50800323486328 131.54299926757812 62.89099884033203 C131.54299926757812 59.96099853515625 131.406005859375 52.47999954223633 131.11300659179688 47.012001037597656 C131.093994140625 46.71900177001953 131.3280029296875 46.48400115966797 131.62100219726562 46.48400115966797 L144.86300659179688 46.48400115966797 C144.86300659179688 46.52299880981445 144.86300659179688 46.582000732421875 144.90199279785156 46.62099838256836 C158.92599487304688 65.35199737548828 164.17999267578125 91.0739974975586 154.55099487304688 117.65599822998047 C147.7729949951172 136.38699340820312 133.16400146484375 151.27000427246094 114.58999633789062 158.24200439453125 Z""></path></svg>"
423c3b02fb71e0cdeba220b5e5ceeb72,"<svg xmlns=""http://www.w3.org/2000/svg"" viewBox=""0.0 0.0 200.0 200.0"" height=""200.0px"" width=""200.0px""><path fill=""#5288F5"" fill-opacity=""1.0""  filling=""0"" d=""M168.97225952148438 79.30000305175781 L34.866600036621094 79.30000305175781 A12.4833984375 12.4833984375 0.0 0 0 22.39453125 91.7666015625 L22.39453125 97.4222640991211 A79.3833999633789 79.3833999633789 0.0 0 0 67.19453430175781 168.93341064453125 L67.19453430175781 172.29452514648438 A9.166601181030273 9.166601181030273 0.0 0 0 76.36112976074219 181.44451904296875 L127.48886108398438 181.44451904296875 A9.166601181030273 9.166601181030273 0.0 0 0 136.64999389648438 172.29452514648438 L136.64999389648438 168.93341064453125 A79.3833999633789 79.3833999633789 0.0 0 0 181.44451904296875 97.4222640991211 L181.44451904296875 91.7666015625 A12.4833984375 12.4833984375 0.0 0 0 168.97225952148438 79.30000305175781 Z M160.1388702392578 110.9111328125 C157.77774047851562 117.97773742675781 152.6945343017578 129.46661376953125 142.8611297607422 137.6111297607422 A5.833398342132568 5.833398342132568 0.0 0 1 134.1222686767578 136.0334014892578 A5.777734756469727 5.777734756469727 0.0 0 1 135.35546875 128.6554718017578 C143.0554656982422 122.322265625 147.14453125 112.95545959472656 149.0388641357422 107.2666015625 C149.9611358642578 104.4722671508789 152.8166046142578 102.80000305175781 155.7111358642578 103.36112976074219 L155.7165985107422 103.36112976074219 A5.827734470367432 5.827734470367432 0.0 0 1 160.14453125 110.90547180175781 L160.1388702392578 110.9111328125 Z M67.35546875 164.27774047851562 L153.5222625732422 25.916603088378906 A22.866601943969727 22.866601943969727 0.0 0 0 121.9945297241211 33.06659698486328 L98.5166015625 71.8388671875 L152.53887939453125 71.8388671875 L160.66659545898438 57.261131286621094 A22.816600799560547 22.816600799560547 0.0 0 0 153.5222625732422 25.916603088378906 L67.3499984741211 164.27774047851562 L67.35546875 164.27774047851562 Z""></path></svg>"
ed3be894-4384-47ff-9e48-9e38d4943630,"<svg height=""128"" viewBox=""0 0 32 32"" width=""128"" xmlns=""http://www.w3.org/2000/svg""><path d=""m10 2h12v1h-12z""/><path d=""m10 2h12v1h-12z""/><path d=""m-3.5 15.5h20v1h-20z"" transform=""matrix(0 -1 1 0 -9.5 22.5)""/><path d=""m17.5 13.5h16v1h-16z"" transform=""matrix(0 -1 1 0 11.5 39.5)""/><path d=""m17 6h6v1h-6z""/><path d=""m9 9h14v1h-14z""/><path d=""m9 12h14v1h-14z""/><path d=""m9 15h14v1h-14z""/><path d=""m9 18h14v1h-14z""/><path d=""m9 21h10v1h-10z""/><path d=""m9 24h7v1h-7z""/><path d=""m22 2v1h2a1 1 0 0 1 1 1v2h1v-2a2 2 0 0 0 -2-2z""/><path d=""m10 2v1h-2a1 1 0 0 0 -1 1v2h-1v-2a2 2 0 0 1 2-2z""/><path d=""m8 30v-1a1 1 0 0 1 -1-1v-2h-1v2a2 2 0 0 0 2 2z""/><path d=""m21.91 21.15c-.57-.32-.91-.72-.91-1.15a6.09 6.09 0 0 1 -.21 1.59c-1 4.07-6 7.18-12.12 7.4h-.67v1h.72c8.86-.15 16.07-3.15 17.14-7a3.77 3.77 0 0 0 .14-.99 8.72 8.72 0 0 1 -4.09-.85zm-5.78 7a10.5 10.5 0 0 0 5.54-6 8.94 8.94 0 0 0 3.15.79c-.75 2.06-3.91 4.06-8.69 5.19z""/></svg>"
0c87d84034ba5da6a50123b4dc98289b,"<svg xmlns=""http://www.w3.org/2000/svg"" viewBox=""0.0 0.0 200.0 200.0"" height=""200.0px"" width=""200.0px""><path fill=""#333333"" fill-opacity=""1.0""  filling=""0"" d=""M102.03099822998047 152.69500732421875 L54.18000030517578 152.69500732421875 C31.308998107910156 152.69500732421875 12.714996337890625 134.08200073242188 12.714996337890625 111.2300033569336 C12.714996337890625 88.35900115966797 31.3280029296875 69.76599884033203 54.18000030517578 69.76599884033203 L90.23400115966797 69.76599884033203 C95.13700103759766 69.76599884033203 99.12100219726562 73.75 99.12100219726562 78.6520004272461 C99.12100219726562 88.90599822998047 107.46099853515625 97.24600219726562 117.71499633789062 97.24600219726562 L137.69500732421875 97.24600219726562 L154.47300720214844 81.13300323486328 L126.71900177001953 35.683998107910156 L101.60199737548828 35.683998107910156 C96.6989974975586 35.683998107910156 92.71499633789062 31.698997497558594 92.71499633789062 26.7969970703125 C92.71499633789062 21.895004272460938 96.6989974975586 17.910003662109375 101.60199737548828 17.910003662109375 L131.718994140625 17.910003662109375 C134.82400512695312 17.910003662109375 137.69500732421875 19.53099822998047 139.2969970703125 22.167999267578125 L173.35899353027344 77.96900177001953 C175.52699279785156 81.52300262451172 174.9409942626953 86.11299896240234 171.9340057373047 89.00399780273438 L108.18399810791016 150.21499633789062 C106.54299926757812 151.7969970703125 104.33599853515625 152.69500732421875 102.03099822998047 152.69500732421875 Z M54.19900131225586 87.5199966430664 C41.132999420166016 87.5199966430664 30.50799560546875 98.1449966430664 30.50799560546875 111.21099853515625 C30.50799560546875 124.2770004272461 41.132999420166016 134.90199279785156 54.19900131225586 134.90199279785156 L98.45700073242188 134.90199279785156 L119.18000030517578 115.0 L117.71499633789062 115.0 C100.7229995727539 115.0 86.40599822998047 103.28099822998047 82.44100189208984 87.5199966430664 L54.19900131225586 87.5199966430664 Z M157.52000427246094 181.3090057373047 C140.7030029296875 181.3090057373047 127.03099822998047 167.63699340820312 127.03099822998047 150.82000732421875 C127.03099822998047 134.00399780273438 140.7030029296875 120.33200073242188 157.52000427246094 120.33200073242188 C174.33599853515625 120.33200073242188 188.00799560546875 134.00399780273438 188.00799560546875 150.82000732421875 C188.00799560546875 167.63699340820312 174.3159942626953 181.3090057373047 157.52000427246094 181.3090057373047 Z M157.52000427246094 138.125 C150.50799560546875 138.125 144.80499267578125 143.8280029296875 144.80499267578125 150.83999633789062 C144.80499267578125 157.8520050048828 150.50799560546875 163.55499267578125 157.52000427246094 163.55499267578125 C164.531005859375 163.55499267578125 170.23399353027344 157.8520050048828 170.23399353027344 150.83999633789062 C170.23399353027344 143.8280029296875 164.531005859375 138.125 157.52000427246094 138.125 Z""></path>
<path fill=""#333333"" fill-opacity=""1.0""  filling=""0"" d=""M67.65599822998047 181.3090057373047 C50.84000015258789 181.3090057373047 37.167999267578125 167.63699340820312 37.167999267578125 150.82000732421875 C37.167999267578125 145.91799926757812 41.152000427246094 141.9340057373047 46.05500030517578 141.9340057373047 C50.957000732421875 141.9340057373047 54.941001892089844 145.91799926757812 54.941001892089844 150.82000732421875 C54.941001892089844 157.83200073242188 60.64500045776367 163.53500366210938 67.65599822998047 163.53500366210938 C74.66799926757812 163.53500366210938 80.37100219726562 157.83200073242188 80.37100219726562 150.82000732421875 C80.37100219726562 145.91799926757812 84.3550033569336 141.9340057373047 89.25800323486328 141.9340057373047 C94.16000366210938 141.9340057373047 98.1449966430664 145.91799926757812 98.1449966430664 150.82000732421875 C98.1449966430664 167.63699340820312 84.4729995727539 181.3090057373047 67.65599822998047 181.3090057373047 Z M186.66000366210938 45.332000732421875 C178.35899353027344 45.332000732421875 171.62100219726562 52.06999969482422 171.62100219726562 60.37099838256836 C171.62100219726562 68.6719970703125 178.35899353027344 75.41000366210938 186.66000366210938 75.41000366210938 L186.66000366210938 45.332000732421875 Z""></path></svg>"
428732138d7c2b3af31515432bb3facc,"<svg xmlns=""http://www.w3.org/2000/svg"" viewBox=""0.0 0.0 200.0 200.0"" height=""200.0px"" width=""200.0px""><path fill=""#333333"" fill-opacity=""1.0""  filling=""0"" d=""M100.0 8.333396911621094 C127.61249542236328 8.333396911621094 150.0 30.720901489257812 150.0 58.333396911621094 L150.0 75.0 L183.33340454101562 75.0 L183.33340454101562 158.33340454101562 L166.66659545898438 158.33340454101562 L166.66659545898438 91.6666030883789 L33.333396911621094 91.6666030883789 L33.333396911621094 175.0 L183.33340454101562 175.0 L183.33340454101562 191.66659545898438 L16.666603088378906 191.66659545898438 L16.666603088378906 75.0 L50.0 75.0 L50.0 58.333396911621094 C50.0 30.720901489257812 72.38749694824219 8.333396911621094 100.0 8.333396911621094 Z M108.3333969116211 116.6666030883789 L108.3333969116211 150.0 L91.6666030883789 150.0 L91.6666030883789 116.6666030883789 L108.3333969116211 116.6666030883789 Z M100.0 25.0 A33.33340072631836 33.33340072631836 0.0 0 0 66.6666030883789 58.333396911621094 L66.6666030883789 75.0 L133.33340454101562 75.0 L133.33340454101562 58.333396911621094 A33.33340072631836 33.33340072631836 0.0 0 0 100.0 25.0 Z""></path></svg>"
bc765aee-0c85-4e1b-8e79-ca876ffc8c57,"<svg xmlns=""http://www.w3.org/2000/svg"" viewBox=""0.0 0.0 200.0 200.0"" height=""200.0px"" width=""200.0px""><path fill=""#E64264"" fill-opacity=""1.0""  filling=""0"" d=""M10.0 0.0 L190.0 0.0 A10.0 10.0 0.0 0 1 200.0 10.0 L200.0 190.0 A10.0 10.0 0.0 0 1 190.0 200.0 L10.0 200.0 A10.0 10.0 0.0 0 1 0.0 190.0 L0.0 10.0 A10.0 10.0 0.0 0 1 10.0 0.0 Z""></path>
<path fill=""#FFFFFF"" fill-opacity=""1.0""  filling=""0"" d=""M80.02999877929688 88.83999633789062 L80.02999877929688 80.16000366210938 L47.20000076293945 80.16000366210938 L47.20000076293945 130.0 L56.93000030517578 130.0 L56.93000030517578 109.7699966430664 L76.5999984741211 109.7699966430664 L76.5999984741211 101.08999633789062 L56.93000030517578 101.08999633789062 L56.93000030517578 88.83999633789062 L80.02999877929688 88.83999633789062 Z M120.83999633789062 130.0 L120.83999633789062 121.31999969482422 L98.2300033569336 121.31999969482422 L98.2300033569336 80.16000366210938 L88.5 80.16000366210938 L88.5 130.0 L120.83999633789062 130.0 Z M163.39999389648438 80.16000366210938 L153.25 80.16000366210938 L143.24000549316406 112.63999938964844 L133.22999572753906 80.16000366210938 L123.1500015258789 80.16000366210938 L139.60000610351562 130.0 L146.8800048828125 130.0 L163.39999389648438 80.16000366210938 Z""></path></svg>"
2b0ce303-8182-4b7f-90f1-379a2a350c41,"<svg height=""128"" viewBox=""0 0 32 32"" width=""128"" xmlns=""http://www.w3.org/2000/svg""><path d=""m9.16 4.19-.28.5-6.25 10.9-.29.5.29.5 6.25 10.91.28.5h13.68l.29-.5 6.25-10.91.28-.5-.28-.5-6.25-10.9-.29-.5zm2.43 2h6.13l-4.56 1.62zm9.13 0-4.59 4.69-2.19-2.29zm-10.44.09 1.88 1.91-1.91.69v-2.54zm11.53.19 2.63 4.53-4.03 4.28-3.57-3.69zm-12.56 1.62v1.13l-.81.28zm3.66.88 2.53 2.62-3.72 3.79-1.47-1.57v-3.87zm-3.66 1.31v2.47l-1.66-1.78.07-.13zm-2.19 1.6 2.19 2.34v3.72l-2.22 2.28-2.37-4.13zm17.82.12-1.38 6.47-2.41-2.47zm-8.75.31 3.59 3.69-3.72 3.94-3.59-3.81zm9.53.85 1.68 2.93-2.28 3.97-.68-.72zm-15.41 2.12.78.81-.78.82zm10.16 1.44 2.87 2.94-.34 1.59h-5.72l-.53-.56zm-8.69.12 3.59 3.85-.56.56h-4.5v-2.94zm-2.47 2.5v1.91h-1.62l-.1-.12zm14.88 1.19.4.44-.15.28h-.41zm-15.94 1.72h1.06v1.84zm2.06 0h3.56l-3.5 3.72-.06-.13zm4.94 0h1.59l3.5 3.75h-8.62zm2.97 0h4.56l-.63 3-.43.75zm5.59 0h.06l-.09.16z""/></svg>"
132c4b91b99af7734d0a1d8a796c8990,"<svg xmlns=""http://www.w3.org/2000/svg"" viewBox=""0.0 0.0 200.0 200.0"" height=""200.0px"" width=""200.0px""><path fill="""" fill-opacity=""1.0""  filling=""0"" d=""M122.5999984741211 154.0 A4.0 4.0 0.0 1 0 122.5999984741211 146.0 L42.667999267578125 146.0 A4.0 4.0 0.0 1 0 42.667999267578125 154.0 L122.5999984741211 154.0 Z M162.66799926757812 114.0 L42.667999267578125 114.0 A4.0 4.0 0.0 1 0 42.667999267578125 122.0 L162.66799926757812 122.0 A4.0 4.0 0.0 1 0 162.66799926757812 114.0 Z M162.66799926757812 50.0 L42.667999267578125 50.0 A4.0 4.0 0.0 1 0 42.667999267578125 58.0 L162.66799926757812 58.0 A4.0 4.0 0.0 1 0 162.66799926757812 50.0 Z M42.667999267578125 90.0 L122.5999984741211 90.0 A4.0 4.0 0.0 1 0 122.5999984741211 82.0 L42.667999267578125 82.0 A4.0 4.0 0.0 1 0 42.667999267578125 90.0 Z""></path></svg>"
bb7dc129-a948-494c-960e-8a6728b3bac0,"<svg fill=""none"" height=""128"" viewBox=""0 0 128 128"" width=""128"" xmlns=""http://www.w3.org/2000/svg"" xmlns:xlink=""http://www.w3.org/1999/xlink""><clipPath id=""a""><path d=""m.5.5h120v120h-120z""/></clipPath><g clip-path=""url(#a)"" stroke=""#000000""><path d=""m103.68 91.04c3.84-3.36 6.88-7.44 9.04-12.16 2.08-4.64 3.2-9.68 3.28-14.8 0-5.12-1.12-10.16-3.2-14.8s-5.12-8.88-8.96-12.24m-10.56 11.92c2.16 1.84 3.84 4.16 5.04 6.8s1.76 5.44 1.76 8.32c0 2.8-.64 5.6-1.84 8.24-1.2 2.56-2.88 4.88-5.04 6.8"" stroke-linecap=""round""/><path d=""m32.4 76c2.24 0 4.4.88 5.92 2.56l23.76 26.08c4.88 5.44 13.92 1.92 13.92-5.36v-70.64c0-7.28-9.04-10.8-13.92-5.36l-23.76 26.08c-1.52 1.68-3.68 2.64-5.92 2.64h-12.4c-4.48 0-8 3.52-8 8v8c0 4.4 3.52 8 8 8z"" stroke-linejoin=""round""/></g></svg>"
14d9bf25fcbd9c1b7ef43d6c3ddfe5eb,"<svg xmlns=""http://www.w3.org/2000/svg"" viewBox=""0.0 0.0 200.0 200.0"" height=""200.0px"" width=""200.0px""><path fill=""#333333"" fill-opacity=""1.0""  filling=""0"" d=""M37.20500183105469 28.87200164794922 C48.082000732421875 28.01799774169922 58.98899841308594 28.56800079345703 69.8949966430664 28.423004150390625 C101.09400177001953 28.669998168945312 132.3209991455078 27.916000366210938 163.5050048828125 28.813995361328125 C163.8090057373047 32.47900390625 164.05499267578125 36.143001556396484 164.05499267578125 39.821998596191406 C164.0260009765625 76.03199768066406 164.04100036621094 112.24199676513672 164.04100036621094 148.46600341796875 C164.01199340820312 156.18600463867188 164.34500122070312 163.947998046875 163.37399291992188 171.63999938964844 L37.189998626708984 171.63999938964844 C36.84299850463867 167.78799438476562 36.553001403808594 163.93499755859375 36.56800079345703 160.0679931640625 C36.611000061035156 124.81400299072266 36.56800079345703 89.5739974975586 36.582000732421875 54.32099914550781 C36.625999450683594 45.83300018310547 36.249000549316406 37.33100128173828 37.20500183105469 28.87200164794922 M52.542999267578125 43.65999984741211 C49.472999572753906 45.08000183105469 49.96500015258789 48.584999084472656 49.87799835205078 51.380001068115234 C50.06700134277344 85.22899627685547 49.79100036621094 119.0780029296875 50.00899887084961 152.91400146484375 C49.70399856567383 155.73699951171875 53.020999908447266 157.05499267578125 55.38199996948242 156.6649932861328 C85.84200286865234 156.67999267578125 116.302001953125 156.7519989013672 146.76100158691406 156.63699340820312 C149.49899291992188 156.89700317382812 151.65699768066406 153.88499450683594 151.64100646972656 151.4080047607422 C151.64100646972656 117.55899810791016 151.61199951171875 83.7239990234375 151.64100646972656 49.88999938964844 C151.8000030517578 46.5880012512207 148.83299255371094 42.77799987792969 145.31300354003906 43.37200164794922 C114.39099884033203 43.529998779296875 83.43800354003906 42.95100021362305 52.542999267578125 43.65999984741211 Z""></path>
<path fill=""#333333"" fill-opacity=""1.0""  filling=""0"" d=""M61.755001068115234 55.94300079345703 C66.3030014038086 54.77000045776367 71.03900146484375 55.20399856567383 75.68900299072266 55.1609992980957 C92.59100341796875 55.17499923706055 109.4800033569336 55.189998626708984 126.38200378417969 55.1609992980957 C130.6699981689453 55.262001037597656 135.2469940185547 54.46500015258789 139.1719970703125 56.66699981689453 C138.92599487304688 59.46200180053711 138.80999755859375 62.27199935913086 138.56300354003906 65.06800079345703 C116.15499877929688 65.27100372314453 93.75 65.03900146484375 71.34400177001953 65.18399810791016 C68.14299774169922 65.22699737548828 64.927001953125 65.13999938964844 61.755001068115234 64.60399627685547 C61.77000045776367 61.707000732421875 61.755001068115234 58.82500076293945 61.755001068115234 55.94300079345703 Z M62.10300064086914 81.36199951171875 C87.58000183105469 81.2750015258789 113.0719985961914 81.33300018310547 138.56300354003906 81.33300018310547 C138.7949981689453 84.67900085449219 138.8820037841797 88.01000213623047 138.8820037841797 91.35600280761719 C113.18900299072266 91.41400146484375 87.49299621582031 91.52999877929688 61.8129997253418 91.2979965209961 C61.755001068115234 87.98100280761719 61.84199905395508 84.66400146484375 62.10300064086914 81.36199951171875 Z M62.01599884033203 109.77899932861328 C63.362998962402344 107.73699951171875 66.34700012207031 109.04100036621094 68.3740005493164 108.59200286865234 C88.68099975585938 108.6500015258789 108.98699951171875 108.66400146484375 129.2790069580078 108.59200286865234 C132.5959930419922 108.63500213623047 136.18800354003906 108.1719970703125 139.09800720214844 110.12899780273438 C138.96800231933594 112.62000274658203 138.8520050048828 115.11000061035156 138.7519989013672 117.60099792480469 C115.302001953125 118.44100189208984 91.7509994506836 116.81999969482422 68.36000061035156 118.51499938964844 C66.07099914550781 118.34100341796875 63.840999603271484 117.74700164794922 61.59600067138672 117.3550033569336 C61.68299865722656 114.83399963378906 61.65399932861328 112.28399658203125 62.01599884033203 109.77899932861328 Z M61.8129997253418 136.0240020751953 C85.2770004272461 135.8070068359375 108.74099731445312 136.0659942626953 132.2050018310547 135.8939971923828 C134.3780059814453 136.12600708007812 136.91200256347656 135.40199279785156 138.81100463867188 136.79100036621094 C138.66600036621094 139.34100341796875 139.9550018310547 142.91700744628906 137.66700744628906 144.7570037841797 C112.39199829101562 145.03199768066406 87.10399627685547 144.8159942626953 61.82899856567383 144.84500122070312 C61.784000396728516 141.90499877929688 61.77000045776367 138.96299743652344 61.8129997253418 136.0240020751953 Z""></path></svg>"
thesantatitan_deepseek-svg-dataset_0004735,"<svg width=""100"" height=""100"" viewBox=""0 0 100 100"" xmlns=""http://www.w3.org/2000/svg"">
  <rect width=""100"" height=""100"" fill=""#000000""/>
  <defs>
    <linearGradient id=""petalGradient"" x1=""0%"" y1=""0%"" x2=""100%"" y2=""100%"">
      <stop offset=""0%"" style=""stop-color:#FFFFFF;stop-opacity:1""/>
      <stop offset=""100%"" style=""stop-color:#FF0000;stop-opacity:1""/>
    </linearGradient>
  </defs>
  <path d=""M50,50m-18,0a18,18 0 1,1 36,0a18,18 0 1,1-36,0"" fill=""url(#petalGradient)""/>
  <path d=""M50,50m-25,0a25,25 0 1,1 50,0a25,25 0 1,1-50,0"" fill=""url(#petalGradient)""/>
  <circle cx=""50"" cy=""50"" r=""18"" fill=""#FF0000""/>
  <path d=""M50,50m-28,0a28,28 0 1,1 56,0a28,28 0 1,1-56,0"" fill=""url(#petalGradient)""/>
</svg>"
9080bb03-1946-4d44-9f51-b7c1a6120940,"<svg xmlns=""http://www.w3.org/2000/svg"" viewBox=""0.0 0.0 200.0 200.0"" height=""200.0px"" width=""200.0px""><path fill=""#333333"" fill-opacity=""1.0""  filling=""0"" d=""M104.3949966430664 50.04100036621094 L21.14800262451172 50.04100036621094 C20.051002502441406 50.04100036621094 19.162002563476562 49.152000427246094 19.162002563476562 48.05500030517578 L19.162002563476562 39.527000427246094 C19.162002563476562 38.43000030517578 20.051002502441406 37.54100036621094 21.14800262451172 37.54100036621094 L104.3949966430664 37.54100036621094 C105.49199676513672 37.54100036621094 106.38099670410156 38.43000030517578 106.38099670410156 39.527000427246094 L106.38099670410156 48.05500030517578 C106.38099670410156 49.152000427246094 105.49199676513672 50.04100036621094 104.3949966430664 50.04100036621094 Z M104.3949966430664 87.54299926757812 L21.14800262451172 87.54299926757812 C20.051002502441406 87.54299926757812 19.162002563476562 86.65399932861328 19.162002563476562 85.55699920654297 L19.162002563476562 77.02899932861328 C19.162002563476562 75.93199920654297 20.051002502441406 75.04299926757812 21.14800262451172 75.04299926757812 L104.3949966430664 75.04299926757812 C105.49199676513672 75.04299926757812 106.38099670410156 75.93199920654297 106.38099670410156 77.02899932861328 L106.38099670410156 85.55699920654297 C106.38099670410156 86.65399932861328 105.49199676513672 87.54299926757812 104.3949966430664 87.54299926757812 Z M104.3949966430664 125.09400177001953 L21.14800262451172 125.09400177001953 C20.051002502441406 125.09400177001953 19.162002563476562 124.20500183105469 19.162002563476562 123.10700225830078 L19.162002563476562 114.58000183105469 C19.162002563476562 113.48200225830078 20.051002502441406 112.59400177001953 21.14800262451172 112.59400177001953 L104.3949966430664 112.59400177001953 C105.49199676513672 112.59400177001953 106.38099670410156 113.48200225830078 106.38099670410156 114.58000183105469 L106.38099670410156 123.10700225830078 C106.38099670410156 124.2030029296875 105.49199676513672 125.09400177001953 104.3949966430664 125.09400177001953 Z M104.3949966430664 162.5449981689453 L21.14800262451172 162.5449981689453 C20.051002502441406 162.5449981689453 19.162002563476562 161.656005859375 19.162002563476562 160.5590057373047 L19.162002563476562 152.031005859375 C19.162002563476562 150.9340057373047 20.051002502441406 150.0449981689453 21.14800262451172 150.0449981689453 L104.3949966430664 150.0449981689453 C105.49199676513672 150.0449981689453 106.38099670410156 150.9340057373047 106.38099670410156 152.031005859375 L106.38099670410156 160.5590057373047 C106.38099670410156 161.656005859375 105.49199676513672 162.5449981689453 104.3949966430664 162.5449981689453 Z M157.42999267578125 138.52499389648438 L157.42999267578125 39.42399978637695 C157.42999267578125 38.308998107910156 156.52499389648438 37.40399932861328 155.41000366210938 37.40399932861328 L146.94700622558594 37.40399932861328 C145.83200073242188 37.40399932861328 144.92799377441406 38.308998107910156 144.92799377441406 39.42399978637695 L144.92799377441406 138.52499389648438 L138.94500732421875 132.54299926757812 A0.8500000238418579 0.8500000238418579 0.0 0 0 138.3459930419922 132.2949981689453 L123.06600189208984 132.2949981689453 C122.31099700927734 132.2949981689453 121.93399810791016 133.20700073242188 122.46700286865234 133.74200439453125 L149.7519989013672 161.02699279785156 A2.0179998874664307 2.0179998874664307 0.0 0 0 152.60699462890625 161.02699279785156 L179.89300537109375 133.74200439453125 C180.42599487304688 133.20899963378906 180.0489959716797 132.2949981689453 179.29299926757812 132.2949981689453 L164.01199340820312 132.2949981689453 C163.78700256347656 132.2949981689453 163.57200622558594 132.38499450683594 163.41200256347656 132.54299926757812 L157.42999267578125 138.52499389648438 Z""></path></svg>"
649540a8fd20684a9d4bda3b637a0f03,"<svg xmlns=""http://www.w3.org/2000/svg"" viewBox=""0.0 0.0 200.0 200.0"" height=""200.0px"" width=""200.0px""><path fill="""" fill-opacity=""1.0""  filling=""0"" d=""M25.0 87.5 L50.0 87.5 L50.0 112.5 L25.0 112.5 L25.0 87.5 Z M87.5 87.5 L112.5 87.5 L112.5 112.5 L87.5 112.5 L87.5 87.5 Z M150.0 87.5 L175.0 87.5 L175.0 112.5 L150.0 112.5 L150.0 87.5 Z""></path></svg>"
38f0152a-a6e2-4e37-9095-34e8000ed74d,"<svg fill=""none"" height=""128"" viewBox=""0 0 24 24"" width=""128"" xmlns=""http://www.w3.org/2000/svg""><path d=""m20 10.5v-3.7c0-1.68 0-2.52-.33-3.16-.28-.57-.74-1.03-1.31-1.31-.64-.33-1.48-.33-3.16-.33h-6.4c-1.68 0-2.52 0-3.16.33-.57.28-1.03.74-1.31 1.31-.33.64-.33 1.48-.33 3.16v10.4c0 1.68 0 2.52.33 3.16.28.57.74 1.03 1.31 1.31.64.33 1.48.33 3.16.33h3.2m6-1v-6m-3 3h6"" stroke=""#000000"" stroke-linecap=""round"" stroke-linejoin=""round"" stroke-width=""2""/></svg>"
7dd1b6b7383bc19f38cb73a81dce5f14,"<svg xmlns=""http://www.w3.org/2000/svg"" viewBox=""0.0 0.0 200.0 200.0"" height=""200.0px"" width=""200.0px""><path fill="""" fill-opacity=""1.0""  filling=""0"" d=""M24.64453125 181.501953125 C21.60546875 181.501953125 19.142578125 179.0390625 19.142578125 176.0 L19.142578125 24.478515625 C19.142578125 21.439453125 21.60546875 18.9765625 24.64453125 18.9765625 C27.68359375 18.9765625 30.146484375 21.439453125 30.146484375 24.478515625 L30.146484375 176.0 C30.146484375 179.0390625 27.68359375 181.501953125 24.64453125 181.501953125 Z M180.865234375 39.994144439697266 C180.865234375 43.033206939697266 178.40234375 45.49609375 175.36328125 45.49609375 L26.283203125 45.49609375 C23.244140625 45.49609375 20.78125 43.033206939697266 20.78125 39.994144439697266 C20.78125 36.955081939697266 23.244140625 34.4921875 26.283203125 34.4921875 L175.36328125 34.4921875 C178.40234375 34.4921875 180.865234375 36.955081939697266 180.865234375 39.994144439697266 Z M86.869140625 19.185546875 L103.453125 19.185546875 L103.453125 32.076171875 L86.869140625 32.076171875 L86.869140625 19.185546875 Z M90.51953125 29.595703125 L99.8046875 29.595703125 L99.8046875 36.041015625 L90.51953125 36.041015625 L90.51953125 29.595703125 Z M122.63671875 19.185546875 L139.220703125 19.185546875 L139.220703125 32.076171875 L122.63671875 32.076171875 L122.63671875 19.185546875 Z M126.28711700439453 29.595703125 L135.572265625 29.595703125 L135.572265625 36.041015625 L126.28711700439453 36.041015625 L126.28711700439453 29.595703125 Z""></path></svg>"
thesantatitan_deepseek-svg-dataset_0002188,"<svg width=""100"" height=""100"" viewBox=""0 0 100 100"" xmlns=""http://www.w3.org/2000/svg"">
  <rect width=""100"" height=""100"" fill=""#000000""/>
  <defs>
    <linearGradient id=""petalGradient"" x1=""0%"" y1=""0%"" x2=""100%"" y2=""100%"">
      <stop offset=""0%"" style=""stop-color:#FFFFFF;stop-opacity:1""/>
      <stop offset=""100%"" style=""stop-color:#FF0000;stop-opacity:1""/>
    </linearGradient>
  </defs>
  <path d=""M50,50m-18,0a18,18 0 1,1 36,0a18,18 0 1,1-36,0"" fill=""url(#petalGradient)""/>
  <path d=""M50,50m-25,0a25,25 0 1,1 50,0a25,25 0 1,1-50,0"" fill=""url(#petalGradient)""/>
  <circle cx=""50"" cy=""50"" r=""18"" fill=""#FF0000""/>
  <path d=""M50,50m-28,0a28,28 0 1,1 56,0a28,28 0 1,1-56,0"" fill=""url(#petalGradient)""/>
</svg>"
2edfc92eb5e00ba4e6d1f3d6d55bf7db,"<svg xmlns=""http://www.w3.org/2000/svg"" viewBox=""0.0 0.0 200.0 200.0"" height=""200.0px"" width=""200.0px""><path fill=""#4D4D4D"" fill-opacity=""1.0""  filling=""0"" d=""M100.0 178.0 C98.0 178.0 96.0 177.0 95.0 176.0 C52.0 155.0 30.0 132.0 30.0 108.0 L30.0 48.0 C30.0 43.0 34.0 38.0 40.0 38.0 C50.0 38.0 79.0 35.0 93.0 21.0 C97.0 17.0 103.0 17.0 107.0 21.0 C121.0 35.0 150.0 38.0 160.0 38.0 C165.0 38.0 170.0 43.0 170.0 48.0 L170.0 108.0 C170.0 132.0 148.0 155.0 105.0 177.0 C104.0 178.0 102.0 178.0 100.0 178.0 Z M50.0 58.0 L50.0 109.0 C50.0 124.0 68.0 141.0 100.0 158.0 C132.0 141.0 150.0 124.0 150.0 109.0 L150.0 58.0 C138.0 57.0 116.0 53.0 100.0 42.0 C84.0 53.0 62.0 56.0 50.0 58.0 Z""></path></svg>"
f496d4356a37d545c2903fa36e493284,"<svg xmlns=""http://www.w3.org/2000/svg"" viewBox=""0.0 0.0 200.0 200.0"" height=""200.0px"" width=""200.0px""><path fill=""#26B99A"" fill-opacity=""1.0""  filling=""0"" d=""M5.0 196.66700744628906 L91.66500091552734 196.66700744628906 L91.66500091552734 3.3369979858398438 L5.0 196.66700744628906 Z""></path>
<path fill=""#26B99A"" fill-opacity=""1.0""  filling=""0"" d=""M91.66500091552734 200.0 L5.0 200.0 C3.8700027465820312 200.0 2.8170013427734375 199.427001953125 2.2030029296875 198.47999572753906 C1.589996337890625 197.52999877929688 1.4970016479492188 196.33299255371094 1.9599990844726562 195.30299377441406 L88.625 1.9729995727539062 C89.26899719238281 0.5370025634765625 90.83200073242188 -0.26000213623046875 92.36499786376953 0.0800018310546875 C93.9020004272461 0.4069976806640625 94.99800109863281 1.76300048828125 94.99800109863281 3.3369979858398438 L94.99800109863281 196.66700744628906 C94.99800109863281 198.5070037841797 93.50800323486328 200.0 91.66500091552734 200.0 Z M10.14599609375 193.33299255371094 L88.33200073242188 193.33299255371094 L88.33200073242188 18.923004150390625 L10.14599609375 193.33299255371094 Z""></path>
<path fill=""#7383BF"" fill-opacity=""1.0""  filling=""0"" d=""M111.66500091552734 3.3369979858398438 L111.66500091552734 196.66700744628906 L198.3300018310547 196.66700744628906 L111.66500091552734 3.3369979858398438 Z""></path></svg>"
38b176737aaa3d129ece7d30211388ca,"<svg xmlns=""http://www.w3.org/2000/svg"" viewBox=""0.0 0.0 200.0 200.0"" height=""200.0px"" width=""200.0px""><path fill=""#272636"" fill-opacity=""1.0""  filling=""0"" d=""M185.656005859375 1.996002197265625 L15.938003540039062 1.996002197265625 C8.162002563476562 1.996002197265625 1.7949981689453125 8.363998413085938 1.7949981689453125 16.138999938964844 L1.7949981689453125 185.85699462890625 C1.7949981689453125 193.63299560546875 8.162002563476562 200.0 15.938003540039062 200.0 L185.65499877929688 200.0 C193.4320068359375 200.0 199.7989959716797 193.63299560546875 199.7989959716797 185.85699462890625 L199.7989959716797 16.138999938964844 C199.7989959716797 8.363998413085938 193.4320068359375 1.996002197265625 185.656005859375 1.996002197265625 Z M185.656005859375 185.85699462890625 L15.938003540039062 185.85699462890625 L15.938003540039062 16.138999938964844 L185.656005859375 16.138999938964844 L185.656005859375 185.85699462890625 Z M72.51100158691406 44.42599868774414 L157.37100219726562 44.42599868774414 L157.37100219726562 58.569000244140625 L72.51100158691406 58.569000244140625 L72.51100158691406 44.42599868774414 Z M44.2239990234375 44.42599868774414 L58.36800003051758 44.42599868774414 L58.36800003051758 58.569000244140625 L44.2239990234375 58.569000244140625 L44.2239990234375 44.42599868774414 Z M72.51100158691406 72.71199798583984 L157.37100219726562 72.71199798583984 L157.37100219726562 86.8550033569336 L72.51100158691406 86.8550033569336 L72.51100158691406 72.71199798583984 Z M44.2239990234375 72.71199798583984 L58.36800003051758 72.71199798583984 L58.36800003051758 86.8550033569336 L44.2239990234375 86.8550033569336 L44.2239990234375 72.71199798583984 Z M72.51100158691406 115.14099884033203 L157.37100219726562 115.14099884033203 L157.37100219726562 129.28500366210938 L72.51100158691406 129.28500366210938 L72.51100158691406 115.14099884033203 Z M44.2239990234375 115.14099884033203 L58.36800003051758 115.14099884033203 L58.36800003051758 129.28500366210938 L44.2239990234375 129.28500366210938 L44.2239990234375 115.14099884033203 Z M72.51100158691406 143.427001953125 L157.37100219726562 143.427001953125 L157.37100219726562 157.5709991455078 L72.51100158691406 157.5709991455078 L72.51100158691406 143.427001953125 Z M44.2239990234375 143.427001953125 L58.36800003051758 143.427001953125 L58.36800003051758 157.5709991455078 L44.2239990234375 157.5709991455078 L44.2239990234375 143.427001953125 Z""></path></svg>"
thesantatitan_deepseek-svg-dataset_0002535,"<svg width=""100"" height=""100"" viewBox=""0 0 100 100"" xmlns=""http://www.w3.org/2000/svg"">
  <rect width=""100"" height=""100"" fill=""#000000""/>
  <defs>
    <linearGradient id=""petalGradient"" x1=""0%"" y1=""0%"" x2=""100%"" y2=""100%"">
      <stop offset=""0%"" style=""stop-color:#FFFFFF;stop-opacity:1""/>
      <stop offset=""100%"" style=""stop-color:#FF0000;stop-opacity:1""/>
    </linearGradient>
  </defs>
  <path d=""M50,50m-18,0a18,18 0 1,1 36,0a18,18 0 1,1-36,0"" fill=""url(#petalGradient)""/>
  <path d=""M50,50m-25,0a25,25 0 1,1 50,0a25,25 0 1,1-50,0"" fill=""url(#petalGradient)""/>
  <circle cx=""50"" cy=""50"" r=""18"" fill=""#FF0000""/>
  <path d=""M50,50m-28,0a28,28 0 1,1 56,0a28,28 0 1,1-56,0"" fill=""url(#petalGradient)""/>
</svg>"
8f6a8b2945e5f442f4aeaa8b3345b350,"<svg xmlns=""http://www.w3.org/2000/svg"" viewBox=""0.0 0.0 200.0 200.0"" height=""200.0px"" width=""200.0px""><path fill=""#2B313D"" fill-opacity=""1.0""  filling=""0"" d=""M147.7333984375 25.600006103515625 C158.92636108398438 25.600006103515625 168.0 34.67362976074219 168.0 45.86660385131836 L168.0 165.33340454101562 C168.0 176.5263671875 158.92636108398438 185.59999084472656 147.7333984375 185.59999084472656 L47.46659851074219 185.59999084472656 C36.27363586425781 185.59999084472656 27.20000457763672 176.5263671875 27.20000457763672 165.33340454101562 L27.20000457763672 45.86660385131836 C27.20000457763672 34.67362976074219 36.27363586425781 25.600006103515625 47.46659851074219 25.600006103515625 L147.7333984375 25.600006103515625 Z M147.7333984375 41.60000228881836 L47.46659851074219 41.60000228881836 C45.15468978881836 41.60000228881836 43.27227020263672 43.438865661621094 43.20195388793945 45.733787536621094 L43.20000457763672 45.86660385131836 L43.20000457763672 165.33340454101562 C43.20000457763672 167.6453094482422 45.03886795043945 169.52774047851562 47.33378982543945 169.59805297851562 L47.46659851074219 169.60000610351562 L147.7333984375 169.60000610351562 C150.04531860351562 169.60000610351562 151.927734375 167.76113891601562 151.998046875 165.46621704101562 L152.0 165.33340454101562 L152.0 45.86660385131836 C152.0 43.5546875 150.1611328125 41.672264099121094 147.8662109375 41.60195541381836 L147.7333984375 41.60000228881836 Z M125.1673812866211 81.7310562133789 L125.39375305175781 81.94921875 L125.59492492675781 82.14921569824219 C133.07382202148438 89.6888656616211 133.05410766601562 101.78398132324219 125.62109375 109.3062515258789 L125.39375305175781 109.53280639648438 L102.4722671508789 132.1003875732422 C100.0679702758789 134.4441375732422 96.2330093383789 134.45272827148438 93.82598114013672 132.14199829101562 L70.86172485351562 109.5169906616211 L70.6767578125 109.33280944824219 C63.1220703125 101.71699523925781 63.21074295043945 89.46112823486328 70.86190795898438 81.94921875 C78.36016082763672 74.61328125 90.31562042236328 74.34941101074219 98.12773132324219 81.357421875 C105.86172485351562 74.4195327758789 117.65663146972656 74.6009750366211 125.1673812866211 81.7310562133789 Z M108.92304229736328 93.1714859008789 L108.81172180175781 93.26737976074219 L98.12773132324219 102.85136413574219 L87.4437484741211 93.26737976074219 C85.9111328125 91.89238739013672 83.52461242675781 91.94453430175781 82.0712890625 93.36640930175781 C80.77812957763672 94.63594055175781 80.73222351074219 96.64531707763672 81.94062805175781 97.96484375 L82.02656555175781 98.05547332763672 L98.13007354736328 113.92109680175781 L114.19647979736328 98.10370635986328 C115.48692321777344 96.8394546508789 115.53398132324219 94.83125305175781 114.33065795898438 93.5169906616211 L114.24276733398438 93.4251937866211 L114.1861343383789 93.3685531616211 L114.09434509277344 93.28202819824219 C112.65489196777344 91.97245788574219 110.423828125 91.9234390258789 108.92304229736328 93.1714859008789 Z""></path></svg>"
b7915534de58d3a9d1ba0129d36a52cd,"<svg fill=""none"" height=""128"" viewBox=""0 0 128 128"" width=""128"" xmlns=""http://www.w3.org/2000/svg"" xmlns:xlink=""http://www.w3.org/1999/xlink""><clipPath id=""a""><path d=""m0 0h128v128h-128z""/></clipPath><g clip-path=""url(#a)""><path d=""m59.95 6.88c-.8-.69-1.28-1.71-1.28-2.77-.06-.54.05-1.02.21-1.55.21-.48.48-.91.85-1.33.32-.38.75-.7 1.23-.91s1.01-.32 1.55-.32c1.06-.05 2.08.32 2.88 1.01l18.66 17.34c.38.42.7.85.91 1.33.21.53.37 1.07.37 1.65 0 .54-.16 1.07-.37 1.6-.21.48-.53.91-.91 1.28l-18.66 17.34c-.43.37-.86.64-1.34.85-.53.16-1.01.27-1.54.21-1.07 0-2.08-.48-2.78-1.28-.74-.74-1.12-1.76-1.06-2.82 0-1.07.48-2.08 1.28-2.83l11.78-10.93c-8.69-1.76-17.76-.54-25.65 3.46-7.95 3.95-14.35 10.51-18.19 18.51s-4.9 17.07-2.98 25.71c1.86 8.69 6.61 16.48 13.38 22.18 6.83 5.71 15.31 9.02 24.22 9.34 8.85.32 17.6-2.3 24.8-7.47 7.2-5.23 12.48-12.64 15.04-21.17 2.5-8.48 2.13-17.6-1.12-25.87-.16-.48-.27-1.01-.27-1.55 0-.53.11-1.06.32-1.54s.53-.91.91-1.28c.37-.38.8-.7 1.33-.86.48-.21 1.01-.26 1.55-.26.53 0 1.01.1 1.49.32.48.21.96.53 1.28.9.37.38.69.86.85 1.34 3.84 9.81 4.32 20.58 1.44 30.72-2.93 10.08-9.06 18.98-17.49 25.22-8.43 6.3-18.72 9.66-29.23 9.5-10.5-.11-20.69-3.68-28.96-10.14-8.32-6.5-14.24-15.52-16.9-25.7-2.67-10.14-1.92-20.91 2.13-30.62 4.05-9.7 11.2-17.81 20.32-23.09 9.07-5.28 19.68-7.36 30.08-6.03z"" fill=""#000000""/></g></svg>"
10054d5e97923c31d3f090a7be76cfec,"<svg height=""128"" viewBox=""0 0 32 32"" width=""128"" xmlns=""http://www.w3.org/2000/svg""><path d=""m23 11c2.2 0 4-1.8 4-4s-1.8-4-4-4-4 1.8-4 4 1.8 4 4 4z""/><path d=""m30.8 12.4c-.3-.4-1-.5-1.4-.2l-2.9 2.3c-.8.7-2 .6-2.7-.2l-7.9-7.9c-1.6-1.6-4.1-1.6-5.7 0l-2.9 2.9c-.4.4-.4 1 0 1.4s1 .4 1.4 0l2.8-2.8c.8-.8 2.1-.8 2.9 0l1.6 1.6-4.4 4.5c-1 1-1.4 2.3-1.1 3.7.2 1.1.9 2 1.8 2.6l-1.6 1.6c-.4.4-1 .4-1.4 0l-3.6-3.6c-.4-.4-1-.4-1.4 0s-.4 1 0 1.4l3.6 3.6c.6.6 1.3.9 2.1.9s1.6-.3 2.1-.9l2.1-2.1 2.5 1c.7.3 1.2 1 1.2 1.8v6c0 .6.4 1 1 1s1-.4 1-1v-6c0-1.6-1-3.1-2.5-3.7l-1.7-.7 5.2-5.2 1.4 1.4c.8.8 1.8 1.2 2.9 1.2.9 0 1.8-.3 2.5-.9l2.9-2.3c.5-.4.5-1 .2-1.4z""/></svg>"
060d74da90afa9b3f8f14237c83d1970,"<svg height=""128"" viewBox=""0 0 512 512"" width=""128"" xmlns=""http://www.w3.org/2000/svg""><path d=""m385.59 45.16-372.56 215.09 20.35 35.25 372.56-215.09-20.34-35.25zm29.69 51.44-372.56 215.09 8.15 14.13c16.17-5.23 33.86-.59 45.25 11.94l28.53-16.47 9.35 16.18-28.53 16.47c5.14 16.12.32 33.77-12.28 45.16l8.16 14.13 372.56-215.1-8.16-14.13c-16.16 5.21-33.86.56-45.25-11.94l-28.53 16.47-9.35-16.19 28.53-16.47c-5.15-16.13-.35-33.8 12.28-45.19l-8.16-14.09zm-83.12 90.81c8.68-.23 17.2 4.21 21.84 12.25 6.76 11.7 2.76 26.65-8.94 33.41-8.83 5.1-19.48 4.03-27.09-1.81l-22.28 12.84c4.87 16.8-2.11 35.36-17.94 44.5-15.84 9.14-35.39 5.9-47.5-6.72l-22.22 12.85c1.25 9.52-3.2 19.27-12.03 24.37-11.7 6.76-26.65 2.76-33.41-8.94s-2.73-26.65 8.97-33.41c3.66-2.11 7.62-3.18 11.56-3.28 5.58-.15 11.1 1.64 15.56 5.06l22.22-12.81c-4.87-16.81 2.11-35.39 17.94-44.53 5.82-3.36 12.13-5.06 18.41-5.22 10.8-.28 21.43 3.98 29.09 11.97l22.25-12.84c-1.27-9.53 3.16-19.3 12-24.41 3.66-2.11 7.62-3.18 11.56-3.28zm151.09 26.91-372.56 215.09 20.34 35.25 372.56-215.09z""/></svg>"
d33e9257f3f4d1374dcda52d920d65d1,"<svg height=""128"" preserveAspectRatio=""xMidYMid meet"" viewBox=""0 0 64 64"" width=""128"" xmlns=""http://www.w3.org/2000/svg""><path d=""m18.3 26.8s1.7-2.2 5.6-3.2c3.1-.9 2.3-3.7 3.8-5.2l1.3 4.2-1 4.2.6 1.5s-1.7-1.2-2.4-1.3c-2.6-.3-7.5.2-7.9-.2"" fill=""#b2c1c0""/><path d=""m18.3 26.8s1.7-2.2 5.6-3.2c3.1-.9 2.3-3.7 3.8-5.2l1.3 4.2-1 4.2.6 1.5s-1.7-1.2-2.4-1.3c-2.6-.3-7.5.2-7.9-.2"" fill=""#3e4347""/><path d=""m38.3 30.7c-6.2-2.6-6.7-2.9-8.6-4.8l-1.2-2.6c-.3-.3-.3-1.1-.9-1.7s-2.8-1.3-3.4-2c0 0 .2-.4-.1-.7s-1.3.3-2.9 2c-1.6 1.6-2.3 2.6-2 2.9s.7.1.7.1c.6.6 1.4 2.8 2 3.4s1.4.6 1.7.9l2.6 1.2c1.9 1.9 2.1 2.4 4.7 8.7 2.2 5.3 3.6 11.1 6.9 16 1.9 2.9 5.3 6.5 9.2 7.7.6.2 1.8.5 2.6-.3l11.8-11.9c.8-.8.5-2.1.3-2.7-1.1-3.8-4.8-7.3-7.6-9.3-4.7-3.3-10.6-4.7-15.8-6.9"" fill=""#46732f""/><path d=""m39.9 31.3c-.5-.2-1.1-.4-1.7-.7-6.1-2.6-9.2-6.8-9.2-6.8l-1 2.7.7 1.9-1.4-1-3.6.8s4.5 3.4 7.3 9.9c.2.6.4 1.1.7 1.6l1.7-1.7.7 1.7 2.7-1.8 1.1-.3.3-1.1 1.8-2.7-1.7-.7z"" fill=""#ffe791""/><path d=""m28.7 28.4s-2.4-2.1-5.1-.2l1.7 1.5c.9-.6 2.3-1 3.9-.7 0 0-.6-2.1.9-3.9l-.9-1c-.6.7-1.8 2.9-.5 4.3"" fill=""#3e4347"" opacity="".5""/><g fill=""#ffe791""><path d=""m25.9 26.3c-.8-.4-2.4-.3-3.9.4 0 0 0-.8-.6-.8-.5-.1-2.1.8-3.2.9 0 0 .7.9.6 1.7s1.6-.9 2.4-1.1c0 0-.3 1.1-.4 2.2-.1 1 6-3 7.8-1.2.1 0-1.5-1.6-2.7-2.1""/><path d=""m28.7 28.4s-1.4-1.4-1.1-3.9c0 0 1.2-.4.8-.8s-1.6.4-1.4-1.4 1-2.6.7-3.9c0 0 1.7-.3 1.9 1 .1 1.3-.5 2.5.2 2.4 1-.1 2.1.5.5 2.1-1.7 1.6-2.2 3.2-1.6 4.5""/><path d=""m59.7 45.5-14 14c-2.5-1.6-4.6-3.7-6.2-6.2l14-14c2.5 1.7 4.5 3.7 6.2 6.2""/></g><g fill=""#ede2d1""><path d=""m18.5 22.7c.2-1.2-7.9-.7-10.4-.3-5.1.7-4.5 6.7.2 3.5 4.3-2.9 10.2-2.9 10.2-3.2""/><path d=""m24.2 12.5c.2.3 4.3-8 2.9-7.5-1.1.6-3 7.2-2.9 7.5""/><path d=""m21.2 20.4c.3-1.1-5.5-17.4-7.1-18.2s-3.9.7 2.6 10.9c2.8 4.4 3.9 9.3 4.5 7.3""/><path d=""m16.9 24.3c-1.9.4-5.1 3.7-3.4 3 1.7-.6 4.6-3.3 3.4-3""/><path d=""m23.1 18.3c1.3-1.2 4.4-4.6 2.8-4.1-1.4.3-4.1 5.3-2.8 4.1""/><path d=""m21.8 8.3c-1 1.2-.7 7.7.1 9.8.8 2.2.8-11.1-.1-9.8""/><path d=""m11.6 20.3c3.9-1.9-11.5-2.2-9.4-.4s7.6 1.2 9.4.4""/><ellipse cx=""9.2"" cy=""27.7"" rx=""1.3"" ry="".9"" transform=""matrix(.92747126 -.37389446 .37389446 .92747126 -9.675773 5.458217)""/><ellipse cx=""26.2"" cy=""11.6"" rx="".8"" ry="".5"" transform=""matrix(.66231934 -.74922165 .74922165 .66231934 .146997 23.530146)""/><ellipse cx=""12.3"" cy=""28.7"" rx=""1"" ry="".7"" transform=""matrix(.81697383 -.57667474 .57667474 .81697383 -14.270419 12.357083)""/><ellipse cx=""19.1"" cy=""4.8"" rx=""1.1"" ry=""1.6"" transform=""matrix(.93956123 -.34238093 .34238093 .93956123 -.484316 6.81639)""/><ellipse cx=""24"" cy=""6.3"" rx="".5"" ry="".8"" transform=""matrix(.98210035 -.18835844 .18835844 .98210035 -.765496 4.624668)""/></g><path d=""m8.9 10.1-2.3 3.5c-.7 1.1-.4 2.6.7 3.4l1 .7c.8.6 1.9.5 2.7 0l2.2 1.5c1.1.7 2.6.4 3.4-.7l.7-1c.7-1.1.4-2.6-.7-3.4l-2.2-1.5c.2-.9-.2-2-1-2.5l-1-.7c-1.3-.7-2.8-.4-3.5.7"" fill=""#d3976e""/><path d=""m8.9 10.1s1.3-.8 2.6.1c.4.2.7.5 1 .7.2.2.8 1-.3 2.7-1.3 2-1.5 3.3-1.5 3.3s1.9-3.8 4-2.7c1.5.8 3.4 1.9 1.9 4.2l.7-1c.7-1.1.4-2.6-.7-3.4l-2.2-1.5c.2-.9-.2-2-1-2.5l-1-.7c-1.3-.6-2.8-.3-3.5.8"" fill=""#89664c""/></svg>"
28c00a3a8e0e7c38d848fdb6a90a0933,"<svg enable-background=""new 0 0 100 100"" height=""128"" viewBox=""0 0 100 100"" width=""128"" xmlns=""http://www.w3.org/2000/svg""><g style=""fill:none;stroke:#000000;stroke-width:4;stroke-linecap:round;stroke-linejoin:round;stroke-miterlimit:10""><path d=""m50.02 73.19c-6.4 0-12.2-2.6-16.4-6.79-4.2-4.2-6.79-10-6.79-16.4s2.59-12.2 6.79-16.39c4.2-4.2 9.99-6.8 16.4-6.8 12.81 0 23.19 10.38 23.19 23.19s-10.39 23.19-23.19 23.19z""/><path d=""m54.14 39.61c.96-.35 2.04-.53 3.18-.53 4.04 0 7.32 3.28 7.32 7.32 0 7.19-14.61 18.2-14.61 18.2s-14.66-11.01-14.66-18.2c0-4.04 3.28-7.32 7.32-7.32s7.31 3.28 7.31 7.32""/></g></svg>"
694eec9473b383b64843412844164b9a,"<svg xmlns=""http://www.w3.org/2000/svg"" viewBox=""0.0 0.0 200.0 200.0"" height=""200.0px"" width=""200.0px""><path fill="""" fill-opacity=""1.0""  filling=""0"" d=""M65.0 154.39999389648438 C68.80000305175781 154.39999389648438 68.80000305175781 154.39999389648438 72.19999694824219 155.79998779296875 C75.5999984741211 157.20001220703125 75.5999984741211 157.20001220703125 78.10000610351562 159.6999969482422 C80.5999984741211 162.1999969482422 80.5999984741211 162.1999969482422 82.0999984741211 165.60000610351562 C83.60000610351562 169.0 83.60000610351562 169.0 83.60000610351562 172.8000030517578 C83.60000610351562 176.60000610351562 83.60000610351562 176.60000610351562 82.0999984741211 180.0 C80.5999984741211 183.39999389648438 80.5999984741211 183.39999389648438 78.10000610351562 185.89999389648438 C75.5999984741211 188.39999389648438 75.5999984741211 188.39999389648438 72.19999694824219 189.89999389648438 C68.80000305175781 191.39999389648438 68.80000305175781 191.39999389648438 65.0 191.39999389648438 C61.0 191.39999389648438 61.0 191.39999389648438 57.599998474121094 189.89999389648438 C54.20000076293945 188.39999389648438 54.20000076293945 188.39999389648438 51.70000076293945 185.89999389648438 C49.19999694824219 183.39999389648438 49.19999694824219 183.39999389648438 47.70000076293945 180.0 C46.20000076293945 176.60000610351562 46.20000076293945 176.60000610351562 46.20000076293945 172.8000030517578 C46.20000076293945 169.0 46.20000076293945 169.0 47.70000076293945 165.60000610351562 C49.19999694824219 162.1999969482422 49.19999694824219 162.1999969482422 51.70000076293945 159.6999969482422 C54.20000076293945 157.20001220703125 54.20000076293945 157.20001220703125 57.599998474121094 155.79998779296875 C61.0 154.39999389648438 61.0 154.39999389648438 65.0 154.39999389648438 Z M148.1999969482422 154.8000030517578 C152.0 154.8000030517578 152.0 154.8000030517578 155.5 156.20001220703125 C159.0 157.60000610351562 159.0 157.60000610351562 161.5 160.09999084472656 C164.0 162.60000610351562 164.0 162.60000610351562 165.5 166.0 C167.0 169.39999389648438 167.0 169.39999389648438 167.0 173.1999969482422 C167.0 177.0 167.0 177.0 165.5 180.39999389648438 C164.0 183.8000030517578 164.0 183.8000030517578 161.5 186.3000030517578 C159.0 188.8000030517578 159.0 188.8000030517578 155.5 190.3000030517578 C152.0 191.79998779296875 152.0 191.79998779296875 148.1999969482422 191.79998779296875 C144.39999389648438 191.79998779296875 144.39999389648438 191.79998779296875 141.0 190.3000030517578 C137.60000610351562 188.8000030517578 137.60000610351562 188.8000030517578 135.09999084472656 186.3000030517578 C132.60000610351562 183.8000030517578 132.60000610351562 183.8000030517578 131.10000610351562 180.39999389648438 C129.60000610351562 177.0 129.60000610351562 177.0 129.60000610351562 173.1999969482422 C129.60000610351562 169.39999389648438 129.60000610351562 169.39999389648438 131.10000610351562 166.0 C132.60000610351562 162.60000610351562 132.60000610351562 162.60000610351562 135.09999084472656 160.09999084472656 C137.60000610351562 157.60000610351562 137.60000610351562 157.60000610351562 141.0 156.20001220703125 C144.39999389648438 154.8000030517578 144.39999389648438 154.8000030517578 148.1999969482422 154.8000030517578 Z M181.79998779296875 41.20000076293945 C187.39999389648438 41.20000076293945 187.39999389648438 41.20000076293945 190.5 42.69999694824219 C193.60000610351562 44.20000457763672 193.60000610351562 44.20000457763672 194.89999389648438 46.39999771118164 C196.20001220703125 48.599998474121094 196.20001220703125 48.599998474121094 196.10000610351562 51.099998474121094 C196.0 53.60000228881836 196.0 53.60000228881836 195.39999389648438 55.400001525878906 C194.79998779296875 57.20000457763672 194.79998779296875 57.20000457763672 192.79998779296875 62.80000305175781 C190.8000030517578 68.4000015258789 190.8000030517578 68.4000015258789 188.5 75.0999984741211 C186.1999969482422 81.80000305175781 186.1999969482422 81.80000305175781 183.89999389648438 88.4000015258789 C181.60000610351562 95.0 181.60000610351562 95.0 180.20001220703125 98.79999542236328 C177.60000610351562 106.79999542236328 177.60000610351562 106.79999542236328 173.6999969482422 109.89999389648438 C169.79998779296875 113.0 169.79998779296875 113.0 164.0 113.0 L157.0 113.0 L144.20001220703125 113.0 L127.40000915527344 113.0 L108.5999984741211 113.0 L58.999996185302734 113.0 L61.79999542236328 131.0 L162.8000030517578 131.0 C172.39999389648438 131.0 172.39999389648438 131.0 172.39999389648438 139.1999969482422 C172.39999389648438 143.20001220703125 172.39999389648438 143.20001220703125 170.5 146.1999969482422 C168.60000610351562 149.1999969482422 168.60000610351562 149.1999969482422 163.0 149.0 L153.40000915527344 149.0 L135.0 149.0 L111.80000305175781 149.0 L88.4000015258789 149.0 L69.0 149.0 L58.20000076293945 149.0 C54.20000076293945 149.0 54.20000076293945 149.0 51.5 147.1999969482422 C48.80000305175781 145.39999389648438 48.80000305175781 145.39999389648438 47.000003814697266 142.5 C45.20000076293945 139.60000610351562 45.20000076293945 139.60000610351562 44.099998474121094 136.1999969482422 C43.0 132.79998779296875 43.0 132.79998779296875 42.400001525878906 129.8000030517578 C42.20000076293945 128.60000610351562 42.20000076293945 128.60000610351562 41.29999923706055 124.0 C40.40000534057617 119.4000015258789 40.40000534057617 119.4000015258789 39.10000228881836 112.5 C37.80000305175781 105.5999984741211 37.80000305175781 105.5999984741211 36.19999694824219 97.0999984741211 C34.599998474121094 88.5999984741211 34.599998474121094 88.5999984741211 33.00000762939453 80.0 C29.199996948242188 59.79999923706055 29.199996948242188 59.79999923706055 24.400001525878906 35.0 L9.400001525878906 35.0 C6.400001525878906 35.0 6.400001525878906 35.0 4.400001525878906 33.5 C2.4000015258789062 32.0 2.4000015258789062 32.0 1.0999984741210938 29.900001525878906 C-0.1999969482421875 27.800003051757812 -0.1999969482421875 27.800003051757812 -0.6999969482421875 25.400001525878906 C-1.1999969482421875 23.0 -1.1999969482421875 23.0 -1.1999969482421875 21.0 C-1.1999969482421875 17.0 -1.1999969482421875 17.0 1.5 14.400001525878906 C4.1999969482421875 11.800003051757812 4.1999969482421875 11.800003051757812 8.800003051757812 12.0 L29.0 12.0 C33.00000762939453 12.0 33.00000762939453 12.0 35.399993896484375 13.199996948242188 C37.80000305175781 14.400001525878906 37.80000305175781 14.400001525878906 39.19999694824219 16.199996948242188 C40.60000228881836 18.0 40.60000228881836 18.0 41.20000076293945 19.900001525878906 C41.79999923706055 21.800003051757812 41.79999923706055 21.800003051757812 42.20000076293945 23.199996948242188 C42.599998474121094 24.800003051757812 42.599998474121094 24.800003051757812 43.0 27.70000457763672 C43.400001525878906 30.599998474121094 43.400001525878906 30.599998474121094 43.79999542236328 33.599998474121094 C44.400001525878906 37.19999694824219 44.400001525878906 37.19999694824219 45.0 41.20000076293945 L181.79998779296875 41.20000076293945 Z M174.39999389648438 58.999996185302734 L49.19999694824219 58.60000228881836 L56.19999694824219 94.80000305175781 L160.8000030517578 95.0 L174.39999389648438 58.999996185302734 Z""></path></svg>"
07388aecbe3020febb41744d568c32e5,"<svg xmlns=""http://www.w3.org/2000/svg"" viewBox=""0.0 0.0 200.0 200.0"" height=""200.0px"" width=""200.0px""><path fill=""#FB677E"" fill-opacity=""1.0""  filling=""0"" d=""M154.8000030517578 104.19999694824219 L42.92499923706055 114.4749984741211 L42.92499923706055 35.82499694824219 L154.8000030517578 35.82499694824219 L154.8000030517578 104.19999694824219 Z""></path>
<path fill=""#A16CF3"" fill-opacity=""1.0""  filling=""0"" d=""M98.8499984741211 172.60000610351562 L42.92499923706055 172.60000610351562 L42.92499923706055 114.4749984741211 L98.8499984741211 104.19999694824219 L98.8499984741211 172.60000610351562 Z""></path>
<path fill=""#479DF1"" fill-opacity=""1.0""  filling=""0"" d=""M154.8000030517578 172.60000610351562 L98.8499984741211 172.60000610351562 L98.8499984741211 104.19999694824219 L154.8000030517578 96.57499694824219 L154.8000030517578 172.60000610351562 Z""></path>
<path fill=""#FFFFFF"" fill-opacity=""1.0""  filling=""0"" d=""M148.4250030517578 12.324996948242188 L51.400001525878906 12.324996948242188 C29.349998474121094 12.324996948242188 11.474998474121094 30.150001525878906 11.474998474121094 52.20000076293945 L11.474998474121094 149.27499389648438 C11.474998474121094 171.3000030517578 29.349998474121094 189.14999389648438 51.400001525878906 189.14999389648438 L148.4250030517578 189.14999389648438 C170.47500610351562 189.14999389648438 188.35000610351562 171.27499389648438 188.35000610351562 149.27499389648438 L188.35000610351562 52.20000076293945 C188.375 30.150001525878906 170.5 12.324996948242188 148.4250030517578 12.324996948242188 Z M137.0749969482422 131.375 L136.97500610351562 131.375 C136.47500610351562 137.8000030517578 131.89999389648438 143.4250030517578 125.2750015258789 144.75 L119.69999694824219 145.875 C114.94999694824219 146.8249969482422 110.7249984741211 145.47500610351562 107.94999694824219 142.5749969482422 C105.82499694824219 140.3000030517578 104.55000305175781 137.1999969482422 104.55000305175781 133.5 C104.55000305175781 130.5500030517578 105.7249984741211 127.57499694824219 107.6500015258789 125.19999694824219 C107.75 125.0999984741211 107.8499984741211 124.94999694824219 107.94999694824219 124.8499984741211 C109.875 122.67500305175781 112.4000015258789 121.05000305175781 115.1500015258789 120.5 L125.4749984741211 118.42500305175781 C128.47500610351562 117.7750015258789 130.60000610351562 115.17500305175781 130.60000610351562 112.0999984741211 L130.60000610351562 74.5250015258789 C130.60000610351562 72.9000015258789 129.125 71.6500015258789 127.5 71.94999694824219 L83.92500305175781 80.875 C82.4000015258789 81.17500305175781 81.25 82.5 81.25 84.07499694824219 L81.25 139.6999969482422 L81.19999694824219 139.6999969482422 C81.6500015258789 146.9499969482422 76.75 153.5749969482422 69.44999694824219 155.0500030517578 L62.974998474121094 156.375 C55.17499923706055 157.9499969482422 48.75 152.72500610351562 48.75 144.72500610351562 L48.75 143.75 C48.75 137.8249969482422 53.5 132.0500030517578 59.275001525878906 130.875 L69.80000305175781 128.75 C72.69999694824219 128.14999389648438 74.7750015258789 125.5999984741211 74.7750015258789 122.625 L74.7750015258789 60.599998474121094 C74.7750015258789 58.17499923706055 76.5 56.04999923706055 78.875 55.625 L131.39999389648438 44.92499923706055 C134.35000610351562 44.32500076293945 137.0749969482422 46.599998474121094 137.0749969482422 49.625 L137.0749969482422 131.375 Z""></path></svg>"
c8de301d35c53d0e72df6ae56edde621,"<svg xmlns=""http://www.w3.org/2000/svg"" viewBox=""0.0 0.0 200.0 200.0"" height=""200.0px"" width=""200.0px""><path fill=""#333333"" fill-opacity=""1.0""  filling=""0"" d=""M174.65499877929688 118.74600219726562 C177.87899780273438 118.74600219726562 180.4929962158203 121.36000061035156 180.4929962158203 124.58499908447266 C180.4929962158203 127.76300048828125 177.95399475097656 130.3489990234375 174.79299926757812 130.4219970703125 L174.65499877929688 130.42300415039062 L135.1649932861328 130.42300415039062 L184.03199768066406 179.29100036621094 C186.31199645996094 181.5709991455078 186.31199645996094 185.26800537109375 184.03199768066406 187.54800415039062 C181.78799438476562 189.79200744628906 178.1719970703125 189.82699584960938 175.88499450683594 187.65499877929688 L175.77499389648438 187.54800415039062 L126.90699768066406 138.67999267578125 L126.90799713134766 177.97000122070312 C126.90799713134766 181.1479949951172 124.36799621582031 183.73300170898438 121.20700073242188 183.8070068359375 L121.06900024414062 183.80799865722656 C117.89099884033203 183.80799865722656 115.30599975585938 181.26800537109375 115.23200225830078 178.10699462890625 L115.23100280761719 177.97000122070312 L115.23100280761719 118.74600219726562 L174.65499877929688 118.74600219726562 Z M84.89600372314453 118.74600219726562 L84.89600372314453 178.0749969482422 C84.89600372314453 181.3000030517578 82.28199768066406 183.91400146484375 79.05799865722656 183.91400146484375 C75.87899780273438 183.91400146484375 73.29399871826172 181.37399291992188 73.22100067138672 178.21299743652344 L73.21900177001953 178.0749969482422 L73.21900177001953 138.0449981689453 L25.988998413085938 185.4739990234375 C23.712997436523438 187.75900268554688 20.016998291015625 187.76699829101562 17.73200225830078 185.49200439453125 C15.483001708984375 183.2530059814453 15.44000244140625 179.63699340820312 17.608001708984375 177.34500122070312 L17.714004516601562 177.23500061035156 L64.3290023803711 130.42300415039062 L25.406997680664062 130.42300415039062 C22.22900390625 130.42300415039062 19.643997192382812 127.88400268554688 19.570999145507812 124.7229995727539 L19.569000244140625 124.58499908447266 C19.569000244140625 121.40599822998047 22.10900115966797 118.82099914550781 25.270004272460938 118.74800109863281 L25.406997680664062 118.74600219726562 L84.89600372314453 118.74600219726562 Z M184.0229949951172 18.498001098632812 C186.27200317382812 20.73699951171875 186.31500244140625 24.352996826171875 184.14700317382812 26.645004272460938 L184.04100036621094 26.75499725341797 L136.09500122070312 74.90399932861328 L174.6179962158203 74.90399932861328 C177.79600524902344 74.90399932861328 180.3820037841797 77.44400024414062 180.4550018310547 80.60399627685547 L180.45599365234375 80.74199676513672 C180.45599365234375 83.9209976196289 177.91700744628906 86.50599670410156 174.75599670410156 86.5790023803711 L174.6179962158203 86.58100128173828 L115.23100280761719 86.58100128173828 L115.23100280761719 27.126998901367188 C115.23100280761719 23.902000427246094 117.84500122070312 21.288002014160156 121.06900024414062 21.288002014160156 C124.24800109863281 21.288002014160156 126.83300018310547 23.8280029296875 126.90599822998047 26.988998413085938 L126.90799713134766 27.126998901367188 L126.90699768066406 67.58100128173828 L175.76699829101562 18.51599884033203 C178.04200744628906 16.231002807617188 181.73800659179688 16.222999572753906 184.0229949951172 18.498001098632812 L184.0229949951172 18.498001098632812 Z M23.027000427246094 18.2969970703125 L23.138999938964844 18.400001525878906 L23.248001098632812 18.507003784179688 L73.21199798583984 68.47100067138672 L73.21299743652344 27.126998901367188 C73.21299743652344 23.947998046875 75.75299835205078 21.362998962402344 78.91300201416016 21.290000915527344 L79.0510025024414 21.288002014160156 C82.2300033569336 21.288002014160156 84.81500244140625 23.8280029296875 84.88800048828125 26.988998413085938 L84.88999938964844 27.126998901367188 L84.88999938964844 86.48100280761719 L25.406997680664062 86.48100280761719 C22.182998657226562 86.48100280761719 19.569000244140625 83.86699676513672 19.569000244140625 80.64199829101562 C19.569000244140625 77.46399688720703 22.10900115966797 74.87899780273438 25.270004272460938 74.80500030517578 L25.406997680664062 74.80400085449219 L63.03099822998047 74.8030014038086 L14.990997314453125 26.763999938964844 C12.71099853515625 24.48400115966797 12.71099853515625 20.787002563476562 14.990997314453125 18.507003784179688 C17.198997497558594 16.298995971679688 20.735000610351562 16.22900390625 23.027000427246094 18.2969970703125 Z""></path></svg>"
efa84cbc19adddf53f8fded9de39185c,"<svg xmlns=""http://www.w3.org/2000/svg"" viewBox=""0.0 0.0 200.0 200.0"" height=""200.0px"" width=""200.0px""><path fill=""currentColor"" fill-opacity=""1.0""  filling=""0"" d=""M173.24200439453125 164.14100646972656 L131.5229949951172 122.03099822998047 C139.68800354003906 111.7969970703125 144.60899353027344 98.8280029296875 144.60899353027344 84.72699737548828 C144.60899353027344 51.71900177001953 117.85199737548828 24.96099853515625 84.80500030517578 24.96099853515625 C51.757999420166016 24.96099853515625 25.0 51.757999420166016 25.0 84.76599884033203 C25.0 117.77300262451172 51.757999420166016 144.531005859375 84.80500030517578 144.531005859375 C99.10199737548828 144.531005859375 112.18800354003906 139.531005859375 122.5 131.1719970703125 L163.94500732421875 173.00799560546875 C165.19500732421875 174.33599853515625 166.91400146484375 175.0 168.593994140625 175.0 C170.19500732421875 175.0 171.7969970703125 174.41400146484375 173.00799560546875 173.24200439453125 C175.58599853515625 170.781005859375 175.66400146484375 166.718994140625 173.24200439453125 164.14100646972656 Z M84.80500030517578 131.67999267578125 C72.26599884033203 131.67999267578125 60.46900177001953 126.7969970703125 51.60200119018555 117.93000030517578 C42.73400115966797 109.06300354003906 37.85200119018555 97.26599884033203 37.85200119018555 84.76599884033203 C37.85200119018555 72.22699737548828 42.73400115966797 60.43000030517578 51.60200119018555 51.60200119018555 C60.46900177001953 42.73400115966797 72.26599884033203 37.85200119018555 84.80500030517578 37.85200119018555 C97.34400177001953 37.85200119018555 109.14099884033203 42.73400115966797 118.00800323486328 51.60200119018555 C126.875 60.46900177001953 131.75799560546875 72.26599884033203 131.75799560546875 84.76599884033203 C131.75799560546875 97.30500030517578 126.875 109.10199737548828 118.00800323486328 117.93000030517578 C109.14099884033203 126.7969970703125 97.34400177001953 131.67999267578125 84.80500030517578 131.67999267578125 Z""></path></svg>"
4ceb2de56b8a4a667bab0cbe761d1dbc,"<svg xmlns=""http://www.w3.org/2000/svg"" viewBox=""0.0 0.0 200.0 200.0"" height=""200.0px"" width=""200.0px""><path fill=""#272636"" fill-opacity=""1.0""  filling=""0"" d=""M168.04800415039062 31.52099609375 L37.750999450683594 31.52099609375 C25.75799560546875 31.52099609375 16.035003662109375 41.244998931884766 16.035003662109375 53.23699951171875 L16.035003662109375 140.1020050048828 C16.035003662109375 152.09500122070312 25.75799560546875 161.8179931640625 37.750999450683594 161.8179931640625 L168.04800415039062 161.8179931640625 C180.04100036621094 161.8179931640625 189.76400756835938 152.09500122070312 189.76400756835938 140.1020050048828 L189.76400756835938 53.23699951171875 C189.76400756835938 41.244998931884766 180.04100036621094 31.52099609375 168.04800415039062 31.52099609375 Z M173.4770050048828 42.37900161743164 L102.9000015258789 96.66999816894531 L32.321998596191406 42.37900161743164 L173.4770050048828 42.37900161743164 Z M26.89299774169922 140.1020050048828 L26.89299774169922 53.23699951171875 L75.75399780273438 91.24099731445312 L27.406997680664062 143.24000549316406 C27.104995727539062 142.24400329589844 26.89299774169922 141.2050018310547 26.89299774169922 140.1020050048828 Z M35.33900451660156 150.66900634765625 L84.33300018310547 98.46199798583984 L102.9000015258789 112.49500274658203 L120.66600036621094 98.37699890136719 L170.4600067138672 150.66900634765625 C169.68099975585938 150.8489990234375 36.11800003051758 150.8489990234375 35.33900451660156 150.66900634765625 Z M178.906005859375 140.1020050048828 C178.906005859375 141.2050018310547 178.69400024414062 142.24400329589844 178.39199829101562 143.24099731445312 L130.0449981689453 91.24099731445312 L178.906005859375 53.23699951171875 L178.906005859375 140.1020050048828 L178.906005859375 140.1020050048828 Z""></path></svg>"
08622d6ae1ffc2c7945fb76c5ee21b2c,"<svg xmlns=""http://www.w3.org/2000/svg"" viewBox=""0.0 0.0 200.0 200.0"" height=""200.0px"" width=""200.0px""><path fill=""#CCCCCC"" fill-opacity=""1.0""  filling=""0"" d=""M138.78900146484375 148.02699279785156 L124.66799926757812 65.91799926757812 L128.94500732421875 39.18000030517578 C129.35499572753906 36.64099884033203 128.63299560546875 34.10200500488281 126.9530029296875 32.14799499511719 C125.81999969482422 30.81999969482422 124.33599853515625 29.88299560546875 122.6760025024414 29.433998107910156 C123.00800323486328 30.625 123.08599853515625 31.875 122.87100219726562 33.125 L118.59400177001953 59.862998962402344 L132.71499633789062 141.97300720214844 C133.57400512695312 146.83599853515625 131.38699340820312 151.67999267578125 127.16799926757812 154.27699279785156 L103.35900115966797 168.906005859375 C101.4260025024414 170.09800720214844 99.23799896240234 170.6840057373047 97.06999969482422 170.6840057373047 C94.9219970703125 170.6840057373047 92.77300262451172 170.09800720214844 90.83999633789062 168.94500732421875 L67.9489974975586 155.09800720214844 C68.9260025024414 157.2270050048828 70.5270004272461 159.04299926757812 72.65599822998047 160.33200073242188 L96.93399810791016 175.0 C98.8479995727539 176.1719970703125 100.99600219726562 176.73800659179688 103.16400146484375 176.73800659179688 C105.33200073242188 176.73800659179688 107.5199966430664 176.13299560546875 109.4530029296875 174.96099853515625 L133.26199340820312 160.33200073242188 C137.47999572753906 157.73399353027344 139.6479949951172 152.89100646972656 138.78900146484375 148.02699279785156 Z""></path>
<path fill=""#D63440"" fill-opacity=""1.0""  filling=""0"" d=""M70.33200073242188 109.5510025024414 C69.60900115966797 109.5510025024414 68.90599822998047 109.14099884033203 68.5739974975586 108.43800354003906 C68.1050033569336 107.46099853515625 68.51599884033203 106.28900146484375 69.49199676513672 105.83999633789062 L118.63300323486328 82.38300323486328 C119.60900115966797 81.91400146484375 120.78099822998047 82.3239974975586 121.2300033569336 83.3010025024414 C121.6989974975586 84.2770004272461 121.28900146484375 85.4489974975586 120.31199645996094 85.89800262451172 L71.1719970703125 109.3550033569336 C70.89800262451172 109.49199676513672 70.6050033569336 109.5510025024414 70.33200073242188 109.5510025024414 Z M70.33200073242188 118.26200103759766 C69.60900115966797 118.26200103759766 68.90599822998047 117.85199737548828 68.5739974975586 117.14800262451172 C68.1050033569336 116.1719970703125 68.51599884033203 115.0 69.49199676513672 114.5510025024414 L118.63300323486328 91.09400177001953 C119.60900115966797 90.625 120.78099822998047 91.03500366210938 121.2300033569336 92.01200103759766 C121.6989974975586 92.98799896240234 121.28900146484375 94.16000366210938 120.31199645996094 94.60900115966797 L71.1719970703125 118.06600189208984 C70.89800262451172 118.2030029296875 70.6050033569336 118.26200103759766 70.33200073242188 118.26200103759766 Z""></path>
<path fill=""#333333"" fill-opacity=""1.0""  filling=""0"" d=""M132.656005859375 142.2270050048828 L118.53500366210938 60.058998107910156 L122.83200073242188 33.262001037597656 C123.2229995727539 30.801002502441406 122.5199966430664 28.31999969482422 120.91799926757812 26.426002502441406 C119.2969970703125 24.53099822998047 116.9530029296875 23.438003540039062 114.4729995727539 23.438003540039062 L79.96099853515625 23.438003540039062 C77.5 23.438003540039062 75.15599822998047 24.512001037597656 73.55500030517578 26.36700439453125 C71.9530029296875 28.222999572753906 71.2300033569336 30.7030029296875 71.58200073242188 33.125 L75.48799896240234 60.03900146484375 L61.50400161743164 142.18800354003906 C60.66400146484375 146.97300720214844 62.832000732421875 151.69900512695312 66.9729995727539 154.218994140625 L91.21099853515625 168.88699340820312 C93.08599853515625 170.02000427246094 95.1760025024414 170.58599853515625 97.28500366210938 170.58599853515625 C99.41400146484375 170.58599853515625 101.52300262451172 170.0 103.41799926757812 168.84800720214844 L127.22699737548828 154.218994140625 C131.36700439453125 151.67999267578125 133.4770050048828 146.97300720214844 132.656005859375 142.2270050048828 Z M79.00399780273438 31.09400177001953 C79.14099884033203 30.938003540039062 79.4530029296875 30.66400146484375 79.94100189208984 30.66400146484375 L114.4530029296875 30.66400146484375 C114.96099853515625 30.66400146484375 115.27300262451172 30.938003540039062 115.41000366210938 31.112998962402344 C115.5469970703125 31.270004272460938 115.78099822998047 31.621002197265625 115.68399810791016 32.128997802734375 L111.81600189208984 56.25 L82.22699737548828 56.25 L78.71099853515625 32.089996337890625 C78.6520004272461 31.60199737548828 78.86699676513672 31.25 79.00399780273438 31.09400177001953 Z M123.45700073242188 148.0659942626953 L99.64800262451172 162.69500732421875 C98.2030029296875 163.57400512695312 96.4260025024414 163.593994140625 94.96099853515625 162.71499633789062 L70.7229995727539 148.0469970703125 C69.12100219726562 147.08999633789062 68.3010025024414 145.2729949951172 68.63300323486328 143.41799926757812 L82.22699737548828 63.47700119018555 L111.7770004272461 63.47700119018555 L125.5270004272461 143.45700073242188 C125.83999633789062 145.29299926757812 125.03900146484375 147.08999633789062 123.45700073242188 148.0659942626953 Z""></path></svg>"
fc6850e28ca47e7c4620a0a810b0a33f,"<svg xmlns=""http://www.w3.org/2000/svg"" viewBox=""0.0 0.0 200.0 200.0"" height=""200.0px"" width=""200.0px""><path fill=""#000000"" fill-opacity=""1.0""  filling=""0"" d=""M182.2689971923828 80.625 L146.91299438476562 115.9749984741211 L124.81900024414062 182.2689971923828 L76.19999694824219 133.656005859375 L44.512001037597656 165.343994140625 L35.66899871826172 156.51199340820312 L67.36299896240234 124.81900024414062 L18.75 76.19999694824219 L85.04399871826172 54.10599899291992 L120.39399719238281 18.75 L182.2689971923828 80.625 Z M132.6060028076172 119.3499984741211 L81.66899871826172 68.41200256347656 L41.887001037597656 81.66200256347656 L119.35600280761719 159.125 L132.6060028076172 119.3499984741211 Z M164.593994140625 80.61900329589844 L120.39399719238281 36.430999755859375 L93.88099670410156 62.944000244140625 L138.06900024414062 107.13800048828125 L164.593994140625 80.61900329589844 Z""></path></svg>"
4ffbff366fc8a0973cfe6f31d034bbff,"<svg xmlns=""http://www.w3.org/2000/svg"" viewBox=""0.0 0.0 200.0 200.0"" height=""200.0px"" width=""200.0px""><path fill=""#3C464F"" fill-opacity=""1.0""  filling=""0"" d=""M100.04399871826172 18.145004272460938 L100.04399871826172 181.85499572753906 L200.08900451660156 100.0 L100.04399871826172 18.145004272460938 Z M0.0 18.145004272460938 L0.0 181.85499572753906 L100.04399871826172 100.0 L0.0 18.145004272460938 Z""></path></svg>"
49484c41779a745a90c961b0ed141a99,"<svg xmlns=""http://www.w3.org/2000/svg"" viewBox=""0.0 0.0 200.0 200.0"" height=""200.0px"" width=""200.0px""><path fill=""#FFE8F0"" fill-opacity=""1.0""  filling=""0"" d=""M80.33200073242188 99.68800354003906 C57.382999420166016 116.60199737548828 47.441001892089844 137.94900512695312 51.5620002746582 151.01600646972656 C57.32400131225586 169.12100219726562 76.54299926757812 171.093994140625 95.83999633789062 164.35499572753906 C117.98799896240234 156.69900512695312 131.6020050048828 162.79299926757812 140.87899780273438 161.99200439453125 C158.125 160.5469970703125 170.3520050048828 142.69500732421875 150.39100646972656 117.08999633789062 C120.7030029296875 78.53500366210938 100.0 85.21499633789062 80.33200073242188 99.68800354003906 Z M180.9770050048828 96.52300262451172 C175.13699340820312 108.0270004272461 162.98800659179688 113.61299896240234 153.86700439453125 108.94499969482422 C144.80499267578125 104.2770004272461 142.24600219726562 90.8010025024414 148.2030029296875 79.04299926757812 C154.12100219726562 67.24600219726562 166.1909942626953 61.816001892089844 175.21499633789062 66.7969970703125 C184.218994140625 71.71900177001953 186.8159942626953 85.0 180.9770050048828 96.52300262451172 Z M141.91400146484375 60.23400115966797 C139.17999267578125 73.26200103759766 128.86700439453125 82.06999969482422 118.86699676513672 79.9800033569336 C108.88700103759766 77.89099884033203 103.00800323486328 65.4489974975586 105.85900115966797 52.12900161743164 C108.37899780273438 38.75 119.64800262451172 30.19499969482422 129.58999633789062 32.558998107910156 C139.70700073242188 35.03900146484375 144.33599853515625 47.12900161743164 141.91400146484375 60.23400115966797 Z M90.5270004272461 54.042999267578125 C97.44100189208984 65.39099884033203 96.0739974975586 79.33599853515625 87.46099853515625 85.50800323486328 C78.8280029296875 91.64099884033203 66.11299896240234 87.73400115966797 59.237998962402344 76.44499969482422 C52.30500030517578 65.1760025024414 53.77000045776367 50.762001037597656 62.422000885009766 44.59000015258789 C71.0739974975586 38.37900161743164 83.59400177001953 42.73400115966797 90.5270004272461 54.042999267578125 Z M49.082000732421875 85.58599853515625 C59.082000732421875 93.80899810791016 61.952999114990234 107.44100189208984 55.46900177001953 116.2699966430664 C48.98400115966797 125.05899810791016 35.50799560546875 125.85900115966797 25.46900177001953 117.85199737548828 C15.410003662109375 109.84400177001953 12.616996765136719 95.85900115966797 19.18000030517578 86.8949966430664 C25.7030029296875 77.85199737548828 39.082000732421875 77.34400177001953 49.082000732421875 85.58599853515625 Z""></path>
<path fill=""#FF1A55"" fill-opacity=""1.0""  filling=""0"" d=""M136.46499633789062 86.52300262451172 L109.25800323486328 86.52300262451172 L109.25800323486328 77.53900146484375 L131.34800720214844 53.75 L121.75800323486328 43.202999114990234 L77.98799896240234 43.202999114990234 L68.41799926757812 53.75 L90.50800323486328 77.53900146484375 L90.50800323486328 86.52300262451172 L63.262001037597656 86.52300262451172 C59.237998962402344 86.52300262451172 55.97700119018555 90.11699676513672 55.97700119018555 94.53099822998047 L55.97700119018555 142.59800720214844 C55.97700119018555 147.031005859375 59.237998962402344 150.60499572753906 63.262001037597656 150.60499572753906 L136.46499633789062 150.60499572753906 C140.48800659179688 150.60499572753906 143.75 147.031005859375 143.75 142.59800720214844 L143.75 94.5510025024414 C143.75 90.11699676513672 140.48800659179688 86.52300262451172 136.46499633789062 86.52300262451172 Z M72.03099822998047 53.59400177001953 L79.25800323486328 45.762001037597656 L120.76200103759766 45.762001037597656 L127.85199737548828 53.90599822998047 L108.28099822998047 74.68800354003906 L91.46499633789062 74.68800354003906 L72.03099822998047 53.59400177001953 Z M140.6840057373047 139.9409942626953 C140.6840057373047 143.84800720214844 137.656005859375 147.01199340820312 133.906005859375 147.01199340820312 L65.78099822998047 147.01199340820312 C62.03099822998047 147.01199340820312 59.00400161743164 143.84800720214844 59.00400161743164 139.9409942626953 L59.00400161743164 97.5199966430664 C59.00400161743164 93.61299896240234 62.03099822998047 90.4489974975586 65.78099822998047 90.4489974975586 L93.00800323486328 90.4489974975586 L93.00800323486328 77.69499969482422 L106.68000030517578 77.69499969482422 L106.68000030517578 90.4489974975586 L133.906005859375 90.4489974975586 C137.656005859375 90.4489974975586 140.6840057373047 93.61299896240234 140.6840057373047 97.5199966430664 L140.6840057373047 139.9409942626953 Z""></path>
<path fill=""#FF9FC5"" fill-opacity=""1.0""  filling=""0"" d=""M131.56199645996094 114.10199737548828 L131.56199645996094 107.71499633789062 C131.56199645996094 105.0780029296875 129.60899353027344 102.93000030517578 127.20700073242188 102.93000030517578 L72.53900146484375 102.93000030517578 C70.13700103759766 102.93000030517578 68.18399810791016 105.0780029296875 68.18399810791016 107.71499633789062 L68.18399810791016 114.10199737548828 L131.56199645996094 114.10199737548828 Z M68.18399810791016 123.6719970703125 L68.18399810791016 130.0590057373047 C68.18399810791016 132.69500732421875 70.13700103759766 134.843994140625 72.53900146484375 134.843994140625 L127.18800354003906 134.843994140625 C129.58999633789062 134.843994140625 131.54299926757812 132.69500732421875 131.54299926757812 130.0590057373047 L131.54299926757812 123.6719970703125 L68.18399810791016 123.6719970703125 Z""></path></svg>"
305ead77-a8ba-4258-9a52-388ab6b33bfd,"<svg height=""128"" viewBox=""0 0 30 30"" width=""128"" xmlns=""http://www.w3.org/2000/svg""><path d=""m2.5 7c-.5 0-.69.66-.27.92l11.83 7.78c.6.4 1.37.4 1.97 0l11.73-7.77c.58-.35-.01-1.22-.55-.83l-11.73 7.77c-.33.22-.54.22-.87 0l-11.83-7.78c-.08-.06-.18-.09-.28-.09zm-1-2c-.82 0-1.5.68-1.5 1.5v17c0 .82.68 1.5 1.5 1.5h27c.82 0 1.5-.68 1.5-1.5v-17c0-.82-.68-1.5-1.5-1.5zm0 1h27c.29 0 .5.21.5.5v17c0 .29-.21.5-.5.5h-27c-.29 0-.5-.21-.5-.5v-17c0-.29.21-.5.5-.5z""/></svg>"
0b846be714c0cb5d1d68af1ad1c5b4cf,"<svg fill=""none"" height=""128"" viewBox=""0 0 24 24"" width=""128"" xmlns=""http://www.w3.org/2000/svg""><g fill=""#292d32""><path d=""m19.54 6.54-3.07-3.07c-.94-.94-2.21-1.47-3.54-1.47h-4.93c-3 0-5 2-5 5v10c0 3 2 5 5 5h8c3 0 5-2 5-5v-6.93c0-1.33-.53-2.6-1.46-3.53z"" opacity="".4""/><path d=""m11.5 13.25v-3.75h-1.5c-1.65 0-3 1.35-3 3v1h4.25c.14 0 .25-.11.25-.25z""/><path d=""m12.75 13.5h4.25v-1c0-1.65-1.35-3-3-3h-1.5v3.75c0 .14.11.25.25.25z""/><path d=""m11.25 14.5h-4.25v1c0 1.65 1.35 3 3 3h1.5v-3.75c0-.14-.11-.25-.25-.25z""/><path d=""m12.5 14.75v3.75h1.5c1.65 0 3-1.35 3-3v-1h-4.25c-.14 0-.25.11-.25.25z""/></g></svg>"
0444cb0e-f24d-49ea-b958-61c50002b7f8,"<svg fill=""none"" height=""128"" viewBox=""0 0 48 48"" width=""128"" xmlns=""http://www.w3.org/2000/svg""><g stroke=""#000000"" stroke-linecap=""round"" stroke-linejoin=""round"" stroke-width=""4""><path d=""m6 8v32""/><path d=""m25 8v32""/><path d=""m6 24h19""/><path d=""m34.23 24l4.77-4.98v20.98""/></g></svg>"
8dd45f18ee9d2a7d1e7b16fce184e99b,"<svg xmlns=""http://www.w3.org/2000/svg"" viewBox=""0.0 0.0 200.0 200.0"" height=""200.0px"" width=""200.0px""><path fill=""#191F39"" fill-opacity=""1.0""  filling=""0"" d=""M147.60000610351562 94.4000015258789 C163.21099853515625 94.4000015258789 175.86700439453125 107.05500030517578 175.86700439453125 122.66699981689453 L175.86700439453125 175.58299255371094 L164.13299560546875 175.58299255371094 L164.13299560546875 122.66699981689453 C164.13299560546875 113.53600311279297 156.7310028076172 106.13300323486328 147.60000610351562 106.13300323486328 L52.10100173950195 106.13300323486328 C42.970001220703125 106.13300323486328 35.56800079345703 113.53600311279297 35.56800079345703 122.66699981689453 L35.56800079345703 175.58299255371094 L23.833999633789062 175.58299255371094 L23.833999633789062 122.66699981689453 C23.833999633789062 107.05500030517578 36.4900016784668 94.4000015258789 52.10100173950195 94.4000015258789 L147.60000610351562 94.4000015258789 Z M106.93299865722656 118.93299865722656 L106.93299865722656 158.39999389648438 L95.19999694824219 158.39999389648438 L95.19999694824219 118.93299865722656 L106.93299865722656 118.93299865722656 Z M98.13300323486328 23.466995239257812 C115.21700286865234 23.466995239257812 129.06700134277344 37.316001892089844 129.06700134277344 54.400001525878906 C129.06700134277344 71.48400115966797 115.21700286865234 85.33399963378906 98.13300323486328 85.33399963378906 C81.04900360107422 85.33399963378906 67.19999694824219 71.48400115966797 67.19999694824219 54.400001525878906 C67.19999694824219 37.316001892089844 81.04900360107422 23.466995239257812 98.13300323486328 23.466995239257812 Z M98.13300323486328 35.19999694824219 C87.52899932861328 35.19999694824219 78.93299865722656 43.79600143432617 78.93299865722656 54.400001525878906 C78.93299865722656 65.00399780273438 87.52899932861328 73.5999984741211 98.13300323486328 73.5999984741211 C108.73699951171875 73.5999984741211 117.33300018310547 65.00399780273438 117.33300018310547 54.400001525878906 C117.33300018310547 43.79600143432617 108.73699951171875 35.19999694824219 98.13300323486328 35.19999694824219 Z""></path></svg>"
97807803c0b98a7c0204b3d651b01215,"<svg xmlns=""http://www.w3.org/2000/svg"" viewBox=""0.0 0.0 200.0 200.0"" height=""200.0px"" width=""200.0px""><path fill="""" fill-opacity=""1.0""  filling=""0"" d=""M167.70370483398438 15.325973510742188 L32.37030792236328 15.325973510742188 A21.259180068969727 21.259180068969727 0.0 0 0 11.111137390136719 36.58515167236328 L11.111137390136719 75.25175476074219 C11.111137390136719 85.84452819824219 18.888870239257812 94.6591796875 29.037109375 96.21484375 C29.162887573242188 83.7554702758789 28.6962890625 82.83711242675781 29.55547332763672 80.9554672241211 A6.414844036102295 6.414844036102295 0.0 0 1 25.925979614257812 75.25175476074219 L25.925979614257812 36.58515167236328 C25.925979614257812 33.029685974121094 28.814842224121094 30.14081573486328 32.37030792236328 30.14081573486328 L167.70370483398438 30.14081573486328 C171.18515014648438 30.14081573486328 174.0740203857422 33.029685974121094 174.0740203857422 36.58515167236328 L174.0740203857422 75.25175476074219 C174.0740203857422 77.62226867675781 172.81484985351562 79.62226104736328 170.962890625 80.7333984375 L170.962890625 96.21484375 C181.1111297607422 94.6591796875 188.8888702392578 85.84452819824219 188.8888702392578 75.25175476074219 L188.8888702392578 36.58515167236328 C188.8888702392578 24.80742645263672 179.40740966796875 15.325973510742188 167.70370483398438 15.325973510742188 Z M159.8962860107422 48.488868713378906 L40.14824676513672 48.488868713378906 A7.407421588897705 7.407421588897705 0.0 1 0 40.14824676513672 63.3037109375 L43.777732849121094 63.3037109375 L43.777732849121094 177.25918579101562 C43.777732849121094 180.22225952148438 45.4814453125 182.81484985351562 48.15546798706055 184.0 C50.80742263793945 185.22225952148438 53.92597961425781 184.74081420898438 56.15546798706055 182.74081420898438 L64.822265625 174.81484985351562 C66.3037109375 173.4814453125 68.5999984741211 173.4814453125 70.0814437866211 174.81484985351562 L78.822265625 182.74081420898438 C81.6371078491211 185.25918579101562 85.93339538574219 185.25918579101562 88.74823760986328 182.74081420898438 L97.41484832763672 174.8888702392578 C98.89628601074219 173.4814453125 101.19258117675781 173.4814453125 102.67401885986328 174.8888702392578 L111.2666015625 182.74081420898438 C114.15547180175781 185.33340454101562 118.45176696777344 185.33340454101562 121.2666015625 182.74081420898438 L129.9333953857422 174.81484985351562 C131.4148406982422 173.4814453125 133.7111358642578 173.4814453125 135.19256591796875 174.8888702392578 L143.85919189453125 182.74081420898438 C145.19256591796875 184.0 147.04452514648438 184.66659545898438 148.8962860107422 184.66659545898438 C152.97030639648438 184.66659545898438 156.3037109375 181.33340454101562 156.3037109375 177.25918579101562 L156.3037109375 63.3037109375 L159.90370178222656 63.3037109375 A7.407421588897705 7.407421588897705 0.0 1 0 159.90370178222656 48.488868713378906 L159.8962860107422 48.488868713378906 Z""></path></svg>"
8af3927f4b61dd96b13296860a9d079d,"<svg xmlns=""http://www.w3.org/2000/svg"" viewBox=""0.0 0.0 200.0 200.0"" height=""200.0px"" width=""200.0px""><path fill=""#323233"" fill-opacity=""1.0""  filling=""0"" d=""M138.94003295898438 105.5599594116211 L105.5599594116211 105.5599594116211 L105.5599594116211 138.94003295898438 C105.5599594116211 142.0 103.080078125 144.5 100.0 144.5 C96.9400405883789 144.5 94.44003295898438 142.0 94.44003295898438 138.94003295898438 L94.44003295898438 105.5599594116211 L61.05996322631836 105.5599594116211 C58.0 105.5599594116211 55.5 103.080078125 55.5 100.0 C55.5 96.9400405883789 58.0 94.44003295898438 61.05996322631836 94.44003295898438 L94.44003295898438 94.44003295898438 L94.44003295898438 61.05996322631836 C94.44003295898438 58.0 96.919921875 55.5 100.0 55.5 C103.0599594116211 55.5 105.5599594116211 58.0 105.5599594116211 61.05996322631836 L105.5599594116211 94.44003295898438 L138.94003295898438 94.44003295898438 C142.0 94.44003295898438 144.5 96.919921875 144.5 100.0 C144.48007202148438 103.0599594116211 141.98007202148438 105.5599594116211 138.94003295898438 105.5599594116211 M100.0 11.119918823242188 C50.919921875 11.119918823242188 11.119918823242188 50.919921875 11.119918823242188 100.0 C11.119918823242188 149.080078125 50.919921875 188.88006591796875 100.0 188.88006591796875 C149.080078125 188.88006591796875 188.88006591796875 149.080078125 188.88006591796875 100.0 C188.88006591796875 50.919921875 149.080078125 11.119918823242188 100.0 11.119918823242188""></path></svg>"
ee959eba320678966980b5266489ed0f,"<svg xmlns=""http://www.w3.org/2000/svg"" viewBox=""0.0 0.0 200.0 200.0"" height=""200.0px"" width=""200.0px""><path fill="""" fill-opacity=""1.0""  filling=""0"" d=""M165.3279266357422 72.84198760986328 C159.06796264648438 46.712303161621094 132.01971435546875 38.45722579956055 97.14823913574219 43.80527877807617 C60.24042892456055 49.45487976074219 35.9345703125 73.6714859008789 33.9462890625 81.58379364013672 C33.130470275878906 84.84745788574219 32.25957489013672 88.9818344116211 37.59394836425781 94.5287094116211 C42.914451599121094 100.05488586425781 51.813865661621094 93.03398895263672 58.47832107543945 99.93827819824219 C65.14277648925781 106.84257507324219 59.1982421875 113.44532012939453 50.75801086425781 116.65409851074219 C42.31113052368164 119.8765640258789 30.847259521484375 125.97187805175781 37.15507888793945 140.6101531982422 C48.714839935302734 165.2724609375 84.4091796875 160.0753936767578 119.47245788574219 145.2177734375 C154.5359344482422 130.34628295898438 171.5876922607422 98.97148895263672 165.3279266357422 72.84198760986328 Z M143.94979858398438 58.375 C145.28671264648438 57.7373046875 148.20059204101562 57.566017150878906 150.4220733642578 57.99101638793945 C152.623046875 58.42304992675781 154.3095703125 61.07636642456055 154.15879821777344 63.89433670043945 C154.0080108642578 66.7123031616211 152.3625030517578 70.31192016601562 150.55917358398438 71.88887023925781 C148.7216796875 73.4658203125 145.65000915527344 72.9996109008789 143.7302703857422 70.85371398925781 C141.810546875 68.70761108398438 140.5078125 65.27949523925781 140.87127685546875 63.25 C141.2072296142578 61.20663833618164 142.60586547851562 59.005855560302734 143.94979858398438 58.375 Z M59.64394760131836 90.6958999633789 C57.2373046875 84.4771499633789 62.941795349121094 76.4964828491211 72.36933898925781 72.86933898925781 C81.796875 69.23554992675781 91.38203430175781 71.32675170898438 93.7816390991211 77.55233764648438 C96.18828582763672 83.76406860351562 90.4837875366211 91.74492645263672 81.0562515258789 95.37890625 C71.62890625 99.0126953125 62.04355239868164 96.9009780883789 59.64394760131836 90.6958999633789 Z M90.5181655883789 144.29901123046875 C85.7802734375 145.67715454101562 81.21406555175781 144.6759796142578 80.37069702148438 142.07754516601562 C79.5205078125 139.46524047851562 78.7183609008789 135.8244171142578 78.5400390625 133.97323608398438 C78.38241577148438 132.115234375 80.3294906616211 129.2560577392578 82.86640930175781 127.58320617675781 C85.41015625 125.93769836425781 90.2437515258789 126.3970718383789 93.603515625 128.62539672851562 C96.94941711425781 130.8466796875 99.58222198486328 134.7205047607422 99.4244155883789 137.22323608398438 C99.25996398925781 139.74627685546875 95.2490234375 142.9345703125 90.5181655883789 144.29901123046875 Z M98.82792663574219 63.462501525878906 C95.7494125366211 64.6142578125 84.12109375 64.0726547241211 86.02715301513672 59.10176086425781 C86.17109680175781 58.73847579956055 86.02715301513672 59.10176086425781 86.7470703125 57.75117111206055 C87.46015167236328 56.400386810302734 87.46015167236328 56.400386810302734 87.46015167236328 56.400386810302734 C88.48867797851562 54.01445007324219 90.6552734375 51.950584411621094 92.3076171875 51.75175476074219 C93.953125 51.56660079956055 96.50370788574219 51.97812271118164 97.9916000366211 52.65683364868164 C99.46562957763672 53.335548400878906 101.5224609375 55.577735900878906 102.55097198486328 57.63456726074219 C103.57949829101562 59.69140625 101.90644073486328 62.310546875 98.82792663574219 63.462501525878906 Z M122.17383575439453 129.1943359375 C119.98670959472656 130.8810577392578 115.85917663574219 131.1484375 113.02070617675781 129.7908172607422 C110.1822280883789 128.41952514648438 107.83731079101562 125.64277648925781 107.78925323486328 123.5791015625 C107.76191711425781 121.5357437133789 109.55819702148438 119.27324676513672 111.7660140991211 118.5601577758789 C113.98750305175781 117.84707641601562 116.7984390258789 117.32597351074219 118.03262329101562 117.42206573486328 C119.27363586425781 117.53164672851562 121.6048812866211 119.52696228027344 123.20918273925781 121.85116577148438 C124.84101104736328 124.18242645263672 124.36112976074219 127.50761413574219 122.17383575439453 129.1943359375 Z M125.47187805175781 62.35859298706055 C124.443359375 63.89433670043945 121.61856079101562 64.75137329101562 119.205078125 64.2646484375 C116.79161071777344 63.777931213378906 114.52909851074219 61.302734375 114.18632507324219 58.77265167236328 C113.8228530883789 56.235939025878906 115.01581573486328 52.999610900878906 116.81914520263672 51.58730697631836 C118.63594055175781 50.174800872802734 121.22090148925781 49.76347732543945 122.56465148925781 50.675392150878906 C123.8949203491211 51.58730697631836 125.54043579101562 53.959571838378906 126.18496704101562 55.947853088378906 C126.82929992675781 57.94316482543945 126.51406860351562 60.829689025878906 125.47187805175781 62.35859298706055 Z M144.443359375 119.55429077148438 C144.443359375 119.55429077148438 144.443359375 119.55429077148438 143.31210327148438 119.41034698486328 C142.1808624267578 119.26640319824219 142.1808624267578 119.26640319824219 142.1808624267578 119.26640319824219 C138.12188720703125 116.13983917236328 134.9130859375 112.22480773925781 135.07754516601562 110.53828430175781 C135.2214813232422 108.8515625 136.74374389648438 106.77401733398438 138.4441375732422 105.9306640625 C140.1443328857422 105.08749389648438 143.0515594482422 105.21778106689453 144.88905334472656 106.2119140625 C146.7470703125 107.212890625 148.25546264648438 110.04452514648438 148.25546264648438 112.49238586425781 C148.26913452148438 114.95370483398438 146.54141235351562 118.11444854736328 144.443359375 119.55429077148438 Z M156.43515014648438 95.5433578491211 C154.9884796142578 97.94316101074219 152.0126953125 99.2046890258789 149.86679077148438 98.3544921875 C147.7138671875 97.5042953491211 146.4796905517578 93.109375 147.1515655517578 88.59785461425781 C147.83047485351562 84.0863265991211 149.84608459472656 80.6513671875 151.62890625 80.9736328125 C153.43203735351562 81.2958984375 155.84552001953125 83.7230453491211 156.9904327392578 86.3695297241211 C158.12872314453125 89.0160140991211 157.8818359375 93.1435546875 156.43515014648438 95.5433578491211 Z""></path></svg>"
749dbb938050d35c5fcdf4f9d378d8a3,"<svg height=""128"" viewBox=""0 0 512 512"" width=""128"" xmlns=""http://www.w3.org/2000/svg""><path d=""m220.19 106.32c.6-4.79-19.79-6.6-22.17-2.99-.56.81-2.16 2.81-4.4 5.44 4.86 1.8 13.96 5.39 21.4 9.41 2.23-3.92 4-7.89 5.17-11.86z""/><path d=""m203.13 134.65c-6.88-3.29-12.14-12.39-15.28-19.25-1.95 2.17-4.05 4.47-6.19 6.71 4.45 4.32 12.02 12.23 15.38 19.14 2.09-2.14 4.12-4.35 6.09-6.6z""/><path d=""m270.26 138.71c-13.21-12.05-23.37-22.85-24.88-26.98-2.74 8.48-12.44 23.04-24.46 36.55 3.13-.52 37.23-8.98 48.44-9.57z""/><path d=""m474.35 162.16c-7.66-81.72-57.45-162.16-218.35-162.16-160.89 0-210.69 80.44-218.35 162.16-6.91 73.74 38.31 146.85 85.56 181.32h.34c1.35-.96 2.72-1.86 4.09-2.79l-1.39 1.9c30.15 22 61.14 33.19 85.25 38.91 9.99 2.37 18.79 3.79 25.88 4.66l2.03 1.75v107.49c0 9.17 7.44 16.6 16.61 16.6s16.59-7.43 16.59-16.6v-107.51l2.02-1.73c7.1-.86 15.91-2.29 25.9-4.66 24.12-5.72 55.11-16.92 85.26-38.91l-1.4-1.91c1.37.93 2.76 1.84 4.1 2.8h.33c47.22-34.47 92.44-107.58 85.53-181.32zm-320.11 13.13c3.17-1.73 16.29-10.23 30.15-22.21-1.6-2.4-2.37-6.51-4.36-10.77-2.03-4.33-3.92-9.23-5.32-13.13-4.09 3.94-7.81 7.1-10.28 8.34-8.38 4.19-11.39 1.8-9-1.19 3.23-4.04 28.79-48.57 27.58-56.97-1.2-8.4 17.39-7.2 22.79-4.21 5.4 3 5.4 7.8 5.4 7.8s38.97-6.59 41.37-.6c2.4 6 2.4 6 2.4 6s9.59 14.38 23.38 23.97c2 1.38 4.45 3.13 7.21 5.14 8.91-10.01 9.36-16.68 7.89-19.13-1.8-3-15.1 1.39-21.1 1.39-5.98 0-16.78-19.18-5.39-18.57 7.59.38 25.28-6.21 31.28-3.81 5.99 2.4 28.19 14.39 27.59 22.18-.37 4.76-16.65 16.2-32.86 23.31 16.41 11.94 37.79 28.13 44.14 30.87 33.34 14.36 31.55 21.55-8.05 30.55-8.48 1.93-20.87-13.63-40.58-29.78.11 1.78-.6 3.23-2.33 4.03-7.8 3.58-65.36 9.58-79.15 13.19-4.16 1.07-6.71-.35-7.64-2.94-8.36 6.42-16.6 10.81-23.53 11.32-23.99 1.81-28.18-1.19-21.59-4.78zm125.92 26.98c-4.21-7.19 2.4-9.61 7.79-9 5.4.6 18.59 2.4 35.39 20.39 16.79 17.98 11.99 26.37-2.41 34.77-14.39 8.38-26.23-3.76-28.63-4.95s2.26-2.25 4.05-7.04c1.8-4.79-10.79-24.91-16.19-34.17zm-73.22 166.26c-18.44-4.38-42.04-12.88-65.05-29.29 7.49-4.76 15.33-9.01 23.49-12.68l51.08 43.97c-2.98-.55-6.16-1.2-9.52-2zm27.68 2.74-56.74-48.84c9.15-3.67 18.66-6.61 28.46-8.79l31.11 57.9c-.9-.07-1.83-.16-2.83-.27zm13.61-4.19-29.97-55.8c9.74-1.77 19.76-2.77 29.97-2.96zm12.75-112.05c-5.41 9.58-22.2 6.59-28.2.61-5.98-6-19.18-11.99-22.78-16.8-3.59-4.79 1.81-5.98 1.81-5.98s17.99 7.19 19.79 7.79c1.81.61-.6-25.17-.6-29.37 0-2.11.14-6.78.29-10.91-5.65 1.02-11.1 1.95-16.04 2.73.23 1.15.31 2.17.16 2.78 0 0-1.21 30.58-23.39 41.96-22.19 11.4-31.78-3-29.38-11.99 3.56-13.33 12-12.59 28.78-23.38 5.03-3.22 8.64-5.69 11.29-7.62-1.76.19-3.33.36-4.68.42-19.8 1.19-22.06-11.89-23.39-18.59-1.22-6 8.38-1.8 24.58-6 0 0 62.34-13.78 86.94-14.38 24.59-.6 28.78 16.79 26.38 20.98-2.41 4.21-11.39 2.4-19.79 2.4-3.27 0-15.35 2.18-30.06 4.93-.97 4.86-2.56 14.4-1.71 20.86 1.19 8.97 5.39 29.96 0 39.56zm2.79 112.03v-58.73c10.21.18 20.21 1.19 29.95 2.96zm10.76 4.49 31.11-57.9c9.8 2.18 19.32 5.12 28.47 8.78l-56.74 48.85c-1.01.11-1.93.19-2.84.27zm30.54-3.02c-3.37.8-6.56 1.46-9.55 2.01l51.1-43.98c8.17 3.68 16.01 7.92 23.5 12.68-23.01 16.42-46.6 24.92-65.05 29.29z""/></svg>"
12ef9d71b62d5ed7808cbde91910a258,"<svg xmlns=""http://www.w3.org/2000/svg"" viewBox=""0.0 0.0 200.0 200.0"" height=""200.0px"" width=""200.0px""><path fill="""" fill-opacity=""1.0""  filling=""0"" d=""M146.4689483642578 188.72305297851562 L53.53203582763672 188.72305297851562 C37.20390701293945 188.7039031982422 23.972068786621094 175.47402954101562 23.953903198242188 159.14492797851562 L23.953903198242188 104.22598266601562 C23.972068786621094 87.8980484008789 37.20390701293945 74.666015625 53.53203582763672 74.6480484008789 L146.48008728027344 74.6480484008789 C162.80606079101562 74.6669921875 176.03594970703125 87.9000015258789 176.0470733642578 104.22598266601562 L176.0470733642578 159.14492797851562 C176.02792358398438 175.47402954101562 162.7970733642578 188.7039031982422 146.4689483642578 188.72305297851562 Z M55.683006286621094 85.3490219116211 C44.558006286621094 85.3550796508789 35.5400390625 94.3720703125 35.53398895263672 105.4970703125 L35.53398895263672 157.873046875 C35.53398895263672 168.9900360107422 44.56698989868164 178.0330047607422 55.683006286621094 178.0330047607422 L144.3279266357422 178.0330047607422 C155.43301391601562 178.0330047607422 164.46600341796875 168.9900360107422 164.46600341796875 157.873046875 L164.46600341796875 105.4970703125 C164.4609375 94.375 155.4480438232422 85.3589859008789 144.3279266357422 85.3490219116211 L55.683006286621094 85.3490219116211 Z M146.47891235351562 65.65605163574219 L146.47891235351562 57.74609375 C146.47891235351562 31.428909301757812 126.0830078125 11.532035827636719 98.94609069824219 11.276954650878906 L98.42500305175781 11.276954650878906 C70.83203125 11.532035827636719 49.30508041381836 31.850006103515625 49.30508041381836 57.74609375 L49.30508041381836 78.8949203491211 A4.215038776397705 4.215038776397705 0.0 0 0 53.53105545043945 83.09902954101562 L53.5419921875 83.09902954101562 C55.86894607543945 83.09199523925781 60.708980560302734 81.20097351074219 60.70390319824219 78.873046875 L60.70390319824219 57.74609375 C60.70390319824219 36.50801086425781 78.7490234375 22.625 98.6800765991211 22.625 C119.2490234375 22.625 134.6130828857422 36.15292739868164 134.6130828857422 57.74609375 L134.6130828857422 66.19609069824219 C134.6130828857422 66.26602172851562 134.63299560546875 66.3349609375 134.64199829101562 66.4039077758789 A5.933008193969727 5.933008193969727 0.0 0 0 146.5 66.0619125366211 C146.5 65.92500305175781 146.4880828857422 65.791015625 146.47891235351562 65.65605163574219 Z M125.2900390625 124.35195922851562 C125.2710952758789 110.3570327758789 113.93202209472656 99.0179672241211 99.9380874633789 99.0 C85.94393920898438 99.0179672241211 74.6039047241211 110.3580093383789 74.5849609375 124.35195922851562 C74.6009750366211 136.65097045898438 83.36698913574219 146.89395141601562 94.99003601074219 149.2039031982422 L94.99003601074219 160.5400390625 C94.9869155883789 160.60995483398438 94.96894836425781 160.6769561767578 94.96894836425781 160.748046875 C94.96894836425781 160.81893920898438 94.9869155883789 160.8859405517578 94.99003601074219 160.9560546875 L94.99003601074219 161.05996704101562 L95.0 161.05996704101562 C95.1650390625 163.64999389648438 97.294921875 165.7060546875 99.92695617675781 165.7060546875 C102.5580062866211 165.7060546875 104.6910171508789 163.64999389648438 104.85507202148438 161.05996704101562 L104.86503601074219 161.05996704101562 L104.86503601074219 160.9599609375 C104.86797332763672 160.88809204101562 104.88593292236328 160.81991577148438 104.88593292236328 160.7470703125 C104.88593292236328 160.6740264892578 104.86699676513672 160.60604858398438 104.86503601074219 160.53399658203125 L104.86503601074219 149.205078125 C116.49491882324219 146.89999389648438 125.26895141601562 136.6550750732422 125.2900390625 124.35195922851562 Z M84.36991882324219 124.35293579101562 C84.36991882324219 115.77206420898438 91.35702514648438 108.78594207763672 99.9369125366211 108.78594207763672 C108.50703430175781 108.78594207763672 115.50390625 115.78301239013672 115.50390625 124.36406707763672 C115.50390625 132.94393920898438 108.5169906616211 139.93106079101562 99.9369125366211 139.93106079101562 C91.3470687866211 139.93106079101562 84.36991882324219 132.93399047851562 84.36991882324219 124.35293579101562 Z""></path></svg>"
712fb5ad9547a2a859eed9fc42f1cf8d,"<svg fill=""none"" height=""128"" viewBox=""0 0 24 24"" width=""128"" xmlns=""http://www.w3.org/2000/svg""><path clip-rule=""evenodd"" d=""m15.67 7c0-.41.33-.75.75-.75h5.58c.41 0 .75.34.75.75v5.55c0 .41-.34.75-.75.75s-.75-.34-.75-.75v-3.75l-6.14 6.1c-.46.47-.87.87-1.24 1.15-.39.3-.83.52-1.36.52-.54 0-.98-.22-1.37-.52-.37-.28-.77-.68-1.24-1.15l-.28-.27c-.51-.51-.85-.84-1.12-1.05-.26-.2-.38-.22-.47-.22-.08 0-.2.02-.46.22-.28.21-.61.54-1.12 1.05l-3.92 3.9c-.29.29-.77.29-1.06 0s-.29-.77 0-1.06l3.95-3.94c.47-.47.88-.87 1.24-1.15.4-.3.84-.52 1.37-.52.54 0 .98.22 1.37.52.37.28.78.68 1.24 1.15l.28.27c.51.51.85.84 1.12 1.05.26.2.38.22.47.22.08 0 .2-.02.46-.22.27-.21.61-.54 1.12-1.05l6.09-6.05h-3.76c-.42 0-.75-.34-.75-.75z"" fill=""#1c274c"" fill-rule=""evenodd""/></svg>"
cee975d169c6ff0d78bb5572b404ccf6,"<svg xmlns=""http://www.w3.org/2000/svg"" viewBox=""0.0 0.0 200.0 200.0"" height=""200.0px"" width=""200.0px""><path fill=""currentColor"" fill-opacity=""1.0""  filling=""0"" d=""M200.0 179.86199951171875 L131.01699829101562 110.73699951171875 A71.41100311279297 71.41100311279297 0.0 1 0 110.73699951171875 131.01699829101562 L179.86199951171875 200.0 L200.0 179.86199951171875 Z M28.61499786376953 71.46099853515625 A42.84600067138672 42.84600067138672 0.0 1 1 71.46099853515625 114.30699920654297 A42.84600067138672 42.84600067138672 0.0 0 1 28.61499786376953 71.46099853515625 Z""></path></svg>"
d907bc994c744afd038f7bdd8e1b6cc1,"<svg xmlns=""http://www.w3.org/2000/svg"" viewBox=""0.0 0.0 200.0 200.0"" height=""200.0px"" width=""200.0px""><path fill=""#8A8AA3"" fill-opacity=""1.0""  filling=""0"" d=""M100.0 33.33300018310547 A6.25 6.25 0.0 0 1 104.58300018310547 35.33300018310547 L131.66700744628906 64.5 A6.25 6.25 0.0 0 1 122.5 73.0 L106.25 55.5 L106.25 118.75 A6.25 6.25 0.0 0 1 93.75 118.75 L93.75 55.5 L77.5 73.0 A6.25 6.25 0.0 0 1 68.33300018310547 64.5 L95.41699981689453 35.33300018310547 A6.25 6.25 0.0 0 1 100.0 33.33300018310547 Z M39.58300018310547 116.66699981689453 A6.25 6.25 0.0 0 1 45.83300018310547 122.91699981689453 L45.83300018310547 135.41700744628906 A18.75 18.75 0.0 0 0 64.58300018310547 154.16700744628906 L135.41700744628906 154.16700744628906 A18.75 18.75 0.0 0 0 154.16700744628906 135.41700744628906 L154.16700744628906 122.91699981689453 A6.25 6.25 0.0 0 1 166.66700744628906 122.91699981689453 L166.66700744628906 135.41700744628906 A31.25 31.25 0.0 0 1 135.41700744628906 166.66700744628906 L64.58300018310547 166.66700744628906 A31.25 31.25 0.0 0 1 33.33300018310547 135.41700744628906 L33.33300018310547 122.91699981689453 A6.25 6.25 0.0 0 1 39.58300018310547 116.66699981689453 Z""></path></svg>"
b4b86740ca1f1b94f64e12a31805941a,"<svg xmlns=""http://www.w3.org/2000/svg"" viewBox=""0.0 0.0 200.0 200.0"" height=""200.0px"" width=""200.0px""><path fill=""#32373B"" fill-opacity=""1.0""  filling=""0"" d=""M34.0 44.0 C31.599998474121094 44.0 30.0 42.400001525878906 30.0 39.999996185302734 C30.0 37.599998474121094 31.599998474121094 36.0 34.0 36.0 L166.0 36.0 C168.39999389648438 36.0 170.0 37.599998474121094 170.0 39.999996185302734 C170.0 42.400001525878906 168.39999389648438 44.0 166.0 44.0 L34.0 44.0 Z M86.0 72.0 C83.60000610351562 72.0 82.0 70.4000015258789 82.0 68.0 C82.0 65.60000610351562 83.60000610351562 64.0 86.0 64.0 L166.0 64.0 C168.39999389648438 64.0 170.0 65.60000610351562 170.0 68.0 C170.0 70.4000015258789 168.39999389648438 72.0 166.0 72.0 L86.0 72.0 Z M34.0 100.0 C31.599998474121094 100.0 30.0 98.4000015258789 30.0 96.0 C30.0 93.5999984741211 31.599998474121094 92.0 34.0 92.0 L166.0 92.0 C168.39999389648438 92.0 170.0 93.5999984741211 170.0 96.0 C170.0 98.4000015258789 168.39999389648438 100.0 166.0 100.0 L34.0 100.0 Z M86.0 132.0 C83.60000610351562 132.0 82.0 130.39999389648438 82.0 128.0 C82.0 125.60000610351562 83.60000610351562 124.0 86.0 124.0 L166.0 124.0 C168.39999389648438 124.0 170.0 125.60000610351562 170.0 128.0 C170.0 130.39999389648438 168.39999389648438 132.0 166.0 132.0 L86.0 132.0 Z M34.0 164.0 C31.599998474121094 164.0 30.0 162.39999389648438 30.0 160.0 C30.0 157.60000610351562 31.599998474121094 156.0 34.0 156.0 L166.0 156.0 C168.39999389648438 156.0 170.0 157.60000610351562 170.0 160.0 C170.0 162.39999389648438 168.39999389648438 164.0 166.0 164.0 L34.0 164.0 Z""></path></svg>"
a4505046b1476f0c056dd2a5f2d50e5f,"<svg xmlns=""http://www.w3.org/2000/svg"" viewBox=""0.0 0.0 200.0 200.0"" height=""200.0px"" width=""200.0px""><path fill=""#555555"" fill-opacity=""1.0""  filling=""0"" d=""M136.8260040283203 16.81999969482422 C156.89599609375 12.020004272460938 173.49600219726562 17.080001831054688 185.3159942626953 27.76000213623047 C195.63600158691406 37.099998474121094 201.5959930419922 53.349998474121094 199.63600158691406 71.66000366210938 C198.16600036621094 85.4000015258789 190.70599365234375 99.3499984741211 177.21600341796875 113.86000061035156 L104.47599792480469 183.08999633789062 A7.0 7.0 0.0 0 1 94.84600067138672 183.07000732421875 L22.666000366210938 113.5999984741211 C11.986000061035156 102.2699966430664 5.1660003662109375 91.5 2.33599853515625 81.18000030517578 C-1.7939987182617188 66.19999694824219 -0.3939971923828125 51.06999969482422 6.1060028076171875 38.75 C13.805999755859375 24.139999389648438 29.166000366210938 15.459999084472656 51.42599868774414 15.459999084472656 C66.64600372314453 15.459999084472656 82.6259994506836 22.98999786376953 99.47599792480469 37.66999816894531 C110.95600128173828 27.01000213623047 123.41600036621094 20.020004272460938 136.8260040283203 16.81999969482422 Z M99.70600128173828 168.8300018310547 L167.30599975585938 104.5 C178.68600463867188 92.23999786376953 184.80599975585938 80.80000305175781 185.93600463867188 70.25 C187.4459991455078 56.099998474121094 183.03599548339844 44.060001373291016 175.96600341796875 37.66999816894531 C167.37600708007812 29.900001525878906 155.406005859375 26.25 140.08599853515625 29.910003662109375 C127.51599884033203 32.910003662109375 115.74600219726562 40.11000061035156 104.70600128173828 51.650001525878906 A7.0 7.0 0.0 0 1 94.89600372314453 51.900001525878906 C78.5260009765625 36.439998626708984 63.97600173950195 28.949996948242188 51.42599868774414 28.949996948242188 C34.20600128173828 28.949996948242188 23.625999450683594 34.91999816894531 18.356002807617188 44.93000030517578 C13.46600341796875 54.189998626708984 12.386001586914062 65.87000274658203 15.636001586914062 77.68000030517578 C17.816001892089844 85.62999725341797 23.496002197265625 94.5999984741211 32.555999755859375 104.2300033569336 L99.70600128173828 168.8300018310547 Z""></path></svg>"
d6d1dee2a2fde7b349762e48c63b6c07,"<svg xmlns=""http://www.w3.org/2000/svg"" viewBox=""0.0 0.0 200.0 200.0"" height=""200.0px"" width=""200.0px""><path fill="""" fill-opacity=""1.0""  filling=""0"" d=""M26.7578125 125.078125 C26.7578125 141.40625 34.765625 143.8671875 39.53125 143.8671875 C45.4296875 143.8671875 51.3671875 140.0390625 59.5703125 134.8046875 C62.851558685302734 132.6953125 66.5234375 130.390625 70.390625 128.2421875 L40.8984375 86.09375 C31.7578125 97.265625 26.7578125 110.78125 26.7578125 125.078125 Z M99.9609375 56.1328125 C81.3671875 56.1328125 63.828121185302734 62.1875 49.8046875 73.2421875 L83.9453125 122.03125 C83.984375 122.03125 84.0234375 121.9921875 84.0625 121.9921875 C85.5859375 122.6953125 87.3046875 122.890625 88.9453125 122.4609375 C96.7578125 120.4296875 103.125 120.4296875 110.9375 122.4609375 C111.5625 122.6171875 112.1484375 122.6953125 112.77344512939453 122.6953125 C113.828125 122.6953125 114.84375 122.3828125 115.78125 121.953125 C115.859375 121.9921875 115.93749237060547 121.9921875 115.9765625 122.03125 L150.078125 73.28125 C136.1328125 62.2265625 118.5546875 56.1328125 99.9609375 56.1328125 Z M159.1015625 86.09375 L129.609375 128.2421875 C133.4765625 130.390625 137.1484375 132.6953125 140.4296875 134.8046875 C148.671875 140.078125 154.609375 143.8671875 160.46875 143.8671875 C165.0390625 143.8671875 168.90625 141.4453125 171.015625 137.265625 C172.5 134.296875 173.203125 130.4296875 173.203125 125.078125 C173.2421875 110.78125 168.2421875 97.265625 159.1015625 86.09375 Z""></path></svg>"
thesantatitan_deepseek-svg-dataset_0000669,"<svg width=""100"" height=""100"" viewBox=""0 0 100 100"" xmlns=""http://www.w3.org/2000/svg"">
  <rect width=""100"" height=""100"" fill=""#000000""/>
  <defs>
    <linearGradient id=""petalGradient"" x1=""0%"" y1=""0%"" x2=""100%"" y2=""100%"">
      <stop offset=""0%"" style=""stop-color:#FFFFFF;stop-opacity:1""/>
      <stop offset=""100%"" style=""stop-color:#FF0000;stop-opacity:1""/>
    </linearGradient>
  </defs>
  <path d=""M50,50m-18,0a18,18 0 1,1 36,0a18,18 0 1,1-36,0"" fill=""url(#petalGradient)""/>
  <path d=""M50,50m-25,0a25,25 0 1,1 50,0a25,25 0 1,1-50,0"" fill=""url(#petalGradient)""/>
  <circle cx=""50"" cy=""50"" r=""18"" fill=""#FF0000""/>
  <path d=""M50,50m-28,0a28,28 0 1,1 56,0a28,28 0 1,1-56,0"" fill=""url(#petalGradient)""/>
</svg>"
8b9186dca63a14a1480c50ae3001b884,"<svg xmlns=""http://www.w3.org/2000/svg"" viewBox=""0.0 0.0 200.0 200.0"" height=""200.0px"" width=""200.0px""><path fill=""#333333"" fill-opacity=""1.0""  filling=""0"" d=""M160.0 46.875 L50.0 46.875 L48.4379997253418 37.5 C46.875 28.438003540039062 39.0620002746582 21.875 30.0 21.875 L18.75 21.875 C15.311996459960938 21.875 12.5 24.688003540039062 12.5 28.125 C12.5 31.561996459960938 15.311996459960938 34.375 18.75 34.375 L30.0 34.375 C33.125 34.375 35.625 36.5629997253418 36.25 39.6879997253418 L50.9370002746582 124.06199645996094 L50.9370002746582 124.68800354003906 C52.1879997253418 130.31199645996094 57.1870002746582 134.375 63.125 134.375 L149.06199645996094 134.375 C155.0 134.375 160.31199645996094 130.0 161.25 124.06199645996094 L172.5 61.5629997253418 C172.5 60.9379997253418 172.81199645996094 60.0 172.81199645996094 59.375 C172.5 52.5 166.875 46.875 160.0 46.875 Z M149.06199645996094 121.875 L63.125 121.875 L52.5 59.375 L160.31199645996094 59.375 L149.06199645996094 121.875 Z M59.375 140.625 C49.0629997253418 140.625 40.625 149.06199645996094 40.625 159.375 C40.625 169.68800354003906 49.0629997253418 178.125 59.375 178.125 C69.68800354003906 178.125 78.125 169.68800354003906 78.125 159.375 C78.125 149.06199645996094 69.68800354003906 140.625 59.375 140.625 Z M59.375 165.625 C55.9379997253418 165.625 53.125 162.81199645996094 53.125 159.375 C53.125 155.93800354003906 55.9379997253418 153.125 59.375 153.125 C62.8120002746582 153.125 65.625 155.93800354003906 65.625 159.375 C65.625 162.81199645996094 62.8120002746582 165.625 59.375 165.625 Z M150.0 140.625 C139.68800354003906 140.625 131.25 149.06199645996094 131.25 159.375 C131.25 169.68800354003906 139.68800354003906 178.125 150.0 178.125 C160.31199645996094 178.125 168.75 169.68800354003906 168.75 159.375 C168.75 149.06199645996094 160.31199645996094 140.625 150.0 140.625 Z M150.0 165.625 C146.56199645996094 165.625 143.75 162.81199645996094 143.75 159.375 C143.75 155.93800354003906 146.56199645996094 153.125 150.0 153.125 C153.43800354003906 153.125 156.25 155.93800354003906 156.25 159.375 C156.25 162.81199645996094 153.43800354003906 165.625 150.0 165.625 Z""></path></svg>"
0d023a70ccb244ddb37957856d357020,"<svg xmlns=""http://www.w3.org/2000/svg"" viewBox=""0.0 0.0 200.0 200.0"" height=""200.0px"" width=""200.0px""><path fill=""#34CDDD"" fill-opacity=""1.0""  filling=""0"" d=""M187.52499389648438 100.52100372314453 L105.01200103759766 18.58300018310547 C103.84200286865234 17.420997619628906 102.19599914550781 17.10400390625 100.69999694824219 17.496002197265625 C99.2040023803711 17.10400390625 97.55799865722656 17.41699981689453 96.38700103759766 18.58300018310547 L13.875 100.52100372314453 C12.121002197265625 102.26200103759766 12.121002197265625 105.08300018310547 13.875 106.82499694824219 L15.991996765136719 108.92900085449219 C17.746002197265625 110.6709976196289 20.587997436523438 110.6709976196289 22.336997985839844 108.92900085449219 L38.69599914550781 92.68299865722656 L38.69599914550781 169.30799865722656 C38.69599914550781 175.7830047607422 43.983001708984375 181.03799438476562 50.50400161743164 181.03799438476562 L150.89599609375 181.03799438476562 C157.41700744628906 181.03799438476562 162.70399475097656 175.7830047607422 162.70399475097656 169.30799865722656 L162.70399475097656 92.68299865722656 L179.06199645996094 108.92900085449219 C180.81700134277344 110.6709976196289 183.6580047607422 110.6709976196289 185.4080047607422 108.92900085449219 L187.52499389648438 106.82499694824219 C189.2790069580078 105.08300018310547 189.2790069580078 102.26200103759766 187.52499389648438 100.52100372314453 Z M100.69999694824219 113.59600067138672 C90.91699981689453 113.59600067138672 82.98300170898438 105.71700286865234 82.98300170898438 96.00399780273438 C82.98300170898438 86.29199981689453 90.91699981689453 78.41200256347656 100.69999694824219 78.41200256347656 C110.48300170898438 78.41200256347656 118.41699981689453 86.29199981689453 118.41699981689453 96.00399780273438 C118.41699981689453 105.72100067138672 110.48300170898438 113.59600067138672 100.69999694824219 113.59600067138672 Z""></path></svg>"
5d08388622a8416c9f124edb303655ab,"<svg xmlns=""http://www.w3.org/2000/svg"" viewBox=""0.0 0.0 200.0 200.0"" height=""200.0px"" width=""200.0px""><path fill=""#D9D9D9"" fill-opacity=""1.0""  filling=""0"" d=""M104.9107437133789 64.2857437133789 L104.9107437133789 16.071487426757812 L37.5 16.071487426757812 L37.5 183.9285125732422 L162.5 183.9285125732422 L162.5 73.6607437133789 L114.2857437133789 73.6607437133789 A9.375 9.375 0.0 0 1 104.9107437133789 64.2857437133789 Z M116.42852020263672 91.07148742675781 L124.39726257324219 91.07148742675781 A2.6875 2.6875 0.0 0 1 126.65174865722656 95.20097351074219 L107.61152648925781 124.7767562866211 L126.36152648925781 153.88397216796875 C127.16523742675781 155.1339874267578 126.80801391601562 156.78573608398438 125.5580062866211 157.58926391601562 C125.11151885986328 157.8572235107422 124.62051391601562 158.0134735107422 124.10723114013672 158.0134735107422 L115.73651885986328 158.0134735107422 C114.82147979736328 158.0134735107422 113.95098114013672 157.54473876953125 113.45976257324219 156.7410125732422 L99.55351257324219 134.10723876953125 L85.5580062866211 156.76348876953125 C85.0669937133789 157.54473876953125 84.21875 158.03573608398438 83.28125 158.03573608398438 L75.58027648925781 158.03573608398438 A2.6875 2.6875 0.0 0 1 73.30351257324219 153.92852783203125 L91.91972351074219 124.2857437133789 L73.54902648925781 95.17851257324219 C72.7455062866211 93.90625 73.125 92.25448608398438 74.375 91.47323608398438 C74.79902648925781 91.1830062866211 75.29023742675781 91.04901885986328 75.80352020263672 91.04901885986328 L84.375 91.04901885986328 C85.3125 91.04901885986328 86.1830062866211 91.54023742675781 86.67402648925781 92.34375 L100.46875762939453 115.20097351074219 L114.1294937133789 92.36601257324219 C114.6205062866211 91.5625 115.49102020263672 91.07148742675781 116.42852020263672 91.07148742675781 Z""></path>
<path fill="""" fill-opacity=""1.0""  filling=""0"" d=""M176.47325134277344 50.13398361206055 L128.4375 2.0982437133789062 C127.09823608398438 0.7589797973632812 125.29023742675781 0.0 123.39277648925781 0.0 L28.571487426757812 0.0 C24.620506286621094 0.0 21.428512573242188 3.191986083984375 21.428512573242188 7.142768859863281 L21.428512573242188 192.85723876953125 C21.428512573242188 196.80801391601562 24.620506286621094 200.0 28.571487426757812 200.0 L171.4285125732422 200.0 C175.37948608398438 200.0 178.5714874267578 196.80801391601562 178.5714874267578 192.85723876953125 L178.5714874267578 55.20097732543945 C178.5714874267578 53.30351638793945 177.8125 51.473243713378906 176.47325134277344 50.13398361206055 Z M120.0892562866211 16.473243713378906 L162.09823608398438 58.48222351074219 L120.0892562866211 58.48222351074219 L120.0892562866211 16.473243713378906 Z M162.5 183.9285125732422 L37.5 183.9285125732422 L37.5 16.071487426757812 L104.9107437133789 16.071487426757812 L104.9107437133789 64.2857437133789 A9.375 9.375 0.0 0 0 114.2857437133789 73.6607437133789 L162.5 73.6607437133789 L162.5 183.9285125732422 Z""></path>
<path fill="""" fill-opacity=""1.0""  filling=""0"" d=""M100.46875762939453 115.20097351074219 L86.67402648925781 92.34375 C86.1830062866211 91.54023742675781 85.3125 91.04901885986328 84.375 91.04901885986328 L75.80352020263672 91.04901885986328 C75.29023742675781 91.04901885986328 74.79902648925781 91.1830062866211 74.375 91.47323608398438 C73.125 92.25448608398438 72.7455062866211 93.90625 73.54902648925781 95.17851257324219 L91.91972351074219 124.2857437133789 L73.30351257324219 153.92852783203125 A2.6875 2.6875 0.0 0 0 75.58027648925781 158.03573608398438 L83.28125 158.03573608398438 C84.21875 158.03573608398438 85.0669937133789 157.54473876953125 85.5580062866211 156.76348876953125 L99.55351257324219 134.10723876953125 L113.45976257324219 156.7410125732422 C113.95098114013672 157.54473876953125 114.82147979736328 158.0134735107422 115.73651885986328 158.0134735107422 L124.10723114013672 158.0134735107422 C124.62051391601562 158.0134735107422 125.11151885986328 157.8572235107422 125.5580062866211 157.58926391601562 C126.80801391601562 156.78573608398438 127.16523742675781 155.1339874267578 126.36152648925781 153.88397216796875 L107.61152648925781 124.7767562866211 L126.65174865722656 95.20097351074219 A2.6875 2.6875 0.0 0 0 124.39726257324219 91.07148742675781 L116.42852020263672 91.07148742675781 C115.49102020263672 91.07148742675781 114.6205062866211 91.5625 114.1294937133789 92.36601257324219 L100.46875762939453 115.20097351074219 Z""></path></svg>"
77d1b3e5aafa26213a17a50e348a2a14,"<svg xmlns=""http://www.w3.org/2000/svg"" viewBox=""0.0 0.0 200.0 200.0"" height=""200.0px"" width=""200.0px""><path fill=""#231815"" fill-opacity=""1.0""  filling=""0"" d=""M70.00390625 76.66543579101562 C70.00390625 69.30546569824219 64.0355453491211 63.332420349121094 56.67245864868164 63.332420349121094 C49.309181213378906 63.332420349121094 43.3408203125 69.3056640625 43.3408203125 76.66543579101562 C43.3408203125 84.0318374633789 49.309181213378906 89.9984359741211 56.67245864868164 89.9984359741211 C64.0355453491211 89.9986343383789 70.00390625 84.0318374633789 70.00390625 76.66543579101562 Z M143.32949829101562 63.332420349121094 C135.96640014648438 63.332420349121094 129.99609375 69.3056640625 129.99609375 76.66543579101562 C129.99609375 84.0318374633789 135.96640014648438 89.9984359741211 143.32949829101562 89.9984359741211 C150.6925811767578 89.9984359741211 156.6609344482422 84.0316390991211 156.6609344482422 76.66543579101562 C156.6609344482422 69.30546569824219 150.6925811767578 63.332420349121094 143.32949829101562 63.332420349121094 Z M99.99980163574219 0.0 C44.777732849121094 0.0 0.01113128662109375 44.768165588378906 0.01113128662109375 99.99824523925781 C0.01113128662109375 155.228515625 44.777732849121094 200.0 99.99980163574219 200.0 C155.22207641601562 200.0 199.98886108398438 155.2287139892578 199.98886108398438 99.99824523925781 C199.98886108398438 44.76797103881836 155.22207641601562 0.0 99.99980163574219 0.0 Z M99.99980163574219 189.9968719482422 C50.300193786621094 189.9968719482422 10.010940551757812 149.701171875 10.010940551757812 99.99824523925781 C10.010940551757812 50.295509338378906 50.30000305175781 10.0029296875 99.99980163574219 10.0029296875 C149.69979858398438 10.0029296875 189.990234375 50.295509338378906 189.990234375 99.99824523925781 C189.990234375 149.701171875 149.6999969482422 189.9968719482422 99.99980163574219 189.9968719482422 Z M100.01309204101562 116.66797637939453 C69.8929672241211 116.66797637939453 60.01386642456055 143.33438110351562 60.01386642456055 143.33438110351562 L70.013671875 143.33438110351562 C70.013671875 143.33438110351562 77.63711547851562 126.66816711425781 100.01309204101562 126.66816711425781 C122.68359375 126.66816711425781 130.0124969482422 143.33438110351562 130.0124969482422 143.33438110351562 L140.01211547851562 143.33438110351562 C140.01229858398438 143.33438110351562 130.13319396972656 116.66797637939453 100.01309204101562 116.66797637939453 Z""></path></svg>"
480304d1813794757ea03b689a26e3c6,"<svg xmlns=""http://www.w3.org/2000/svg"" viewBox=""0.0 0.0 200.0 200.0"" height=""200.0px"" width=""200.0px""><path fill=""#333333"" fill-opacity=""1.0""  filling=""0"" d=""M150.17100524902344 42.441001892089844 C120.41300201416016 12.682998657226562 72.177001953125 12.682998657226562 42.441001892089844 42.441001892089844 C12.704002380371094 72.1989974975586 12.682998657226562 120.43499755859375 42.441001892089844 150.17100524902344 C70.66000366210938 178.38999938964844 115.54299926757812 179.84300231933594 145.4709930419922 154.5070037841797 L170.29400634765625 179.3300018310547 C171.06300354003906 180.0989990234375 172.322998046875 180.0989990234375 173.09300231933594 179.3300018310547 L179.3520050048828 173.0709991455078 C180.12100219726562 172.302001953125 180.12100219726562 171.04200744628906 179.3520050048828 170.2729949951172 L154.5070037841797 145.4499969482422 C179.84300231933594 115.52100372314453 178.39100646972656 70.66000366210938 150.17100524902344 42.441001892089844 Z M140.81399536132812 140.81399536132812 C116.22599792480469 165.40199279785156 76.36399841308594 165.40199279785156 51.7760009765625 140.81399536132812 C27.188003540039062 116.22599792480469 27.188003540039062 76.36399841308594 51.7760009765625 51.7760009765625 C76.36399841308594 27.188003540039062 116.22599792480469 27.188003540039062 140.81399536132812 51.7760009765625 C165.40199279785156 76.36399841308594 165.40199279785156 116.22599792480469 140.81399536132812 140.81399536132812 Z""></path></svg>"
3c89ac21-2c9c-4285-993e-bb2ed4f4132d,"<svg xmlns=""http://www.w3.org/2000/svg"" viewBox=""0.0 0.0 200.0 200.0"" height=""200.0px"" width=""200.0px""><path fill=""#e7eced"" fill-opacity=""1.0""  filling=""0"" d=""M124.1709976196289 0.0 C100.03299713134766 0.0 86.23999786376953 13.792999267578125 86.23999786376953 13.792999267578125 C86.23999786376953 13.792999267578125 72.44599914550781 0.0 48.30799865722656 0.0 C48.30799865722656 0.0 6.9290008544921875 0.0 6.9290008544921875 31.035003662109375 L6.9290008544921875 39.797000885009766 C6.9290008544921875 56.36899948120117 11.333000183105469 72.76599884033203 20.356002807617188 86.66600036621094 C20.964004516601562 87.5999984741211 21.59100341796875 88.53399658203125 22.25 89.46499633789062 C27.28399658203125 96.61699676513672 28.936004638671875 105.6510009765625 26.54199981689453 114.06500244140625 C23.755996704101562 123.83699798583984 20.722000122070312 137.06900024414062 20.722000122070312 148.2760009765625 C20.722000122070312 148.2760009765625 19.218002319335938 182.572998046875 34.51499938964844 198.71099853515625 C36.74300003051758 201.06199645996094 40.71799850463867 200.03799438476562 41.59400177001953 196.91700744628906 C46.553001403808594 179.2449951171875 63.691001892089844 127.58599853515625 86.23899841308594 127.58599853515625 C93.56999969482422 127.58599853515625 100.32099914550781 133.06199645996094 106.2770004272461 141.04100036621094 L156.96299743652344 77.95800018310547 C162.6909942626953 66.13099670410156 165.5500030517578 53.03099822998047 165.5500030517578 39.79600143432617 L165.5500030517578 31.035003662109375 C165.5500030517578 0.0 124.1709976196289 0.0 124.1709976196289 0.0 Z""></path>
<path fill=""#afb6bb"" fill-opacity=""1.0""  filling=""0"" d=""M55.20500183105469 37.930999755859375 C53.301998138427734 37.930999755859375 51.75699996948242 36.38999938964844 51.75699996948242 34.483001708984375 C51.75699996948242 32.57600402832031 53.301998138427734 31.035003662109375 55.20500183105469 31.035003662109375 C65.17400360107422 31.035003662109375 79.0739974975586 16.99700164794922 83.59100341796875 11.583000183105469 C84.81199645996094 10.116996765136719 86.98400115966797 9.928001403808594 88.4469985961914 11.145004272460938 C89.90799713134766 12.36199951171875 90.1050033569336 14.53399658203125 88.88800048828125 16.0 C87.01899719238281 18.24500274658203 70.18099975585938 37.930999755859375 55.20500183105469 37.930999755859375 Z""></path>
<path fill=""#f2ecbf"" fill-opacity=""1.0""  filling=""0"" d=""M167.0399932861328 76.6449966430664 C151.85699462890625 76.6449966430664 143.1840057373047 85.14600372314453 143.1840057373047 85.14600372314453 C143.1840057373047 85.14600372314453 134.50799560546875 76.6449966430664 119.3290023803711 76.6449966430664 C119.3290023803711 76.6449966430664 93.30500030517578 76.6449966430664 93.30500030517578 95.77300262451172 L93.30500030517578 101.1729965209961 C93.30500030517578 111.38700103759766 96.072998046875 121.49400329589844 101.7490005493164 130.05999755859375 C102.13200378417969 130.63600158691406 102.5260009765625 131.21099853515625 102.93900299072266 131.78399658203125 C106.10800170898438 136.1909942626953 107.14600372314453 141.75999450683594 105.63899993896484 146.9429931640625 C103.88999938964844 152.9669952392578 101.9800033569336 161.11900329589844 101.9800033569336 168.0260009765625 C101.9800033569336 168.0260009765625 101.03500366210938 189.16400146484375 110.65599822998047 199.10800170898438 C112.05999755859375 200.55599975585938 114.55599975585938 199.92599487304688 115.10800170898438 198.00100708007812 C118.22899627685547 187.10800170898438 129.00799560546875 155.2740020751953 143.18699645996094 155.2740020751953 C157.36599731445312 155.2740020751953 168.14599609375 187.11199951171875 171.26600646972656 198.00100708007812 C171.8179931640625 199.92599487304688 174.31399536132812 200.55599975585938 175.71800231933594 199.10800170898438 C185.33900451660156 189.16400146484375 184.3939971923828 168.0260009765625 184.3939971923828 168.0260009765625 C184.3939971923828 161.11900329589844 182.48399353027344 152.96299743652344 180.73599243164062 146.9429931640625 C179.22799682617188 141.75999450683594 180.26600646972656 136.1909942626953 183.43499755859375 131.78399658203125 C183.8489990234375 131.20799255371094 184.24600219726562 130.63299560546875 184.625 130.05999755859375 C190.302001953125 121.49500274658203 193.07000732421875 111.38700103759766 193.07000732421875 101.1729965209961 L193.07000732421875 95.77300262451172 C193.06399536132812 76.6449966430664 167.0399932861328 76.6449966430664 167.0399932861328 76.6449966430664 Z""></path>
<path fill=""#d3cca5"" fill-opacity=""1.0""  filling=""0"" d=""M124.1709976196289 100.0 C122.26699829101562 100.0 120.7229995727539 98.45899963378906 120.7229995727539 96.552001953125 C120.7229995727539 94.6449966430664 122.26699829101562 93.10399627685547 124.1709976196289 93.10399627685547 C129.7570037841797 93.10399627685547 137.26400756835938 85.58000183105469 139.4530029296875 82.94499969482422 C140.67100524902344 81.48600006103516 142.84300231933594 81.28299713134766 144.3090057373047 82.49299621582031 C145.7740020751953 83.70999908447266 145.9770050048828 85.8759994506836 144.76699829101562 87.34500122070312 C143.69500732421875 88.63899993896484 134.01199340820312 100.0 124.1709976196289 100.0 Z""></path></svg>"
211ac579-e807-43a9-89a3-f8126433ed69,"<svg fill=""none"" height=""128"" viewBox=""0 0 24 24"" width=""128"" xmlns=""http://www.w3.org/2000/svg"" xmlns:xlink=""http://www.w3.org/1999/xlink""><clipPath id=""a""><path d=""m0 0h24v24h-24z""/></clipPath><g clip-path=""url(#a)"" stroke=""#292929"" stroke-linecap=""round"" stroke-width=""2.5""><circle cx=""12"" cy=""12"" r=""9"" stroke-linejoin=""round""/><path d=""m11 17l3.53-5.38m-5.53-1.62c0-1.66 1.34-3 3-3s3 1.34 3 3-1.34 3-3 3-3-1.34-3-3z""/></g></svg>"
60372742fd10015e9215dca9917f651b,"<svg xmlns=""http://www.w3.org/2000/svg"" viewBox=""0.0 0.0 200.0 200.0"" height=""200.0px"" width=""200.0px""><path fill=""#666666"" fill-opacity=""1.0""  filling=""0"" d=""M58.625 91.625 L16.75 91.625 L16.75 16.25 L0.0 16.25 L0.0 183.75 L16.75 183.75 L16.75 108.375 L58.625 108.375 L58.625 183.75 L75.375 183.75 L75.375 16.25 L58.625 16.25 L58.625 91.625 Z M121.0 144.125 L121.0 101.5 L87.5 101.5 L87.5 122.75 L96.625 122.75 L96.625 110.625 L111.875 110.625 L111.875 135.0 L87.625 135.0 L87.625 143.25 L87.5 143.25 L87.5 183.75 L121.0 183.75 L121.0 162.5 L111.875 162.5 L111.875 174.75 L96.625 174.75 L96.625 144.125 L121.0 144.125 Z M200.0 58.5 L200.0 16.875 L133.25 16.875 L133.25 108.75 L183.25 108.75 L183.25 167.0 L149.875 167.0 L149.875 142.0 L133.25 142.0 L133.25 183.75 L200.0 183.75 L200.0 108.75 L199.875 108.75 L199.875 91.875 L149.875 91.875 L149.875 33.5 L183.25 33.5 L183.25 58.5 L200.0 58.5 Z""></path></svg>"
b75b5b813208c3575eae23e7f8441c9c,"<svg xmlns=""http://www.w3.org/2000/svg"" viewBox=""0.0 0.0 200.0 200.0"" height=""200.0px"" width=""200.0px""><path fill="""" fill-opacity=""1.0""  filling=""0"" d=""M25.0 25.0 L37.5 25.0 L37.5 175.0 L25.0 175.0 L25.0 25.0 Z M174.9375 37.5 L99.9375 37.5 L87.625 25.0 L37.5 25.0 L37.5 37.5 L82.375 37.5 L91.0 46.249996185302734 L94.6875 50.0 L156.3125 50.0 L142.9375 82.75 L141.0 87.5 L142.9375 92.25 L156.3125 125.0 L105.1875 125.0 L96.5625 116.25 L92.875 112.5 L37.5 112.5 L37.5 125.0 L87.625 125.0 L99.9375 137.5 L174.9375 137.5 L154.5 87.5 L174.9375 37.5 Z""></path></svg>"
21710155389cd47c795b518a3b0b8de5,"<svg height=""128"" viewBox=""0 0 24 24"" width=""128"" xmlns=""http://www.w3.org/2000/svg""><g transform=""translate(0 -1028.4)""><path d=""m22 12c0 5.52-4.48 10-10 10s-10-4.48-10-10 4.48-10 10-10 10 4.48 10 10z"" fill=""#2980b9"" transform=""translate(0 1029.4)""/><path d=""m22 12c0 5.52-4.48 10-10 10s-10-4.48-10-10 4.48-10 10-10 10 4.48 10 10z"" fill=""#3498db"" transform=""translate(0 1028.4)""/><path d=""m12 1035.4c-1.73-.1-3.43 1.1-3.84 2.8-.04.3-.05.4-.16 1.2h2c-.05-1.3 1.31-2.3 2.5-2 1.02.3 1.76 1.5 1.41 2.5-.29.6-1 1-1.56 1.4-.58.5-1.07 1.1-1.31 1.8-.04.4-.03.8-.03 1.3h2v-1c.17-.7.69-1.1 1.25-1.4.63-.3 1.09-.8 1.41-1.4.54-1 .45-2.2-.13-3.1-.71-1.3-2.07-2.2-3.53-2.1zm0 10c-.55 0-1 .4-1 1 0 .5.45 1 1 1s1-.5 1-1c0-.6-.45-1-1-1z"" fill=""#2980b9""/><path d=""m12 6c-1.73-.03-3.43 1.17-3.84 2.88-.04.29-.05.33-.16 1.13h2c-.05-1.25 1.31-2.29 2.5-1.94 1.02.24 1.76 1.43 1.41 2.44-.29.68-1 .99-1.56 1.41-.58.48-1.07 1.09-1.31 1.81-.04.42-.03.86-.03 1.28h2v-1c.17-.62.69-1.04 1.25-1.31.63-.31 1.09-.84 1.41-1.47.54-.97.45-2.17-.13-3.09-.71-1.27-2.07-2.14-3.53-2.13zm0 10c-.55 0-1 .45-1 1s.45 1 1 1 1-.45 1-1-.45-1-1-1z"" fill=""#ecf0f1"" transform=""translate(0 1028.4)""/></g></svg>"
d7b5a8761701fde714108908b207ffc9,"<svg xmlns=""http://www.w3.org/2000/svg"" viewBox=""0.0 0.0 200.0 200.0"" height=""200.0px"" width=""200.0px""><path fill=""currentColor"" fill-opacity=""1.0""  filling=""0"" d=""M194.80799865722656 94.8290023803711 L100.0 0.02100372314453125 L5.1920013427734375 94.8290023803711 C0.06999969482421875 99.95099639892578 -1.3889999389648438 107.28900146484375 1.3820037841796875 113.98100280761719 C4.153999328613281 120.6729965209961 10.375 124.8290023803711 17.617996215820312 124.8290023803711 L17.617996215820312 199.97900390625 L80.3499984741211 199.97900390625 L80.3499984741211 124.8290023803711 L119.64900207519531 124.8290023803711 L119.64900207519531 199.97900390625 L182.38099670410156 199.97900390625 L182.38099670410156 124.8290023803711 C189.62399291992188 124.8290023803711 195.8459930419922 120.6729965209961 198.61700439453125 113.98100280761719 C201.38900756835938 107.28900146484375 199.92999267578125 99.95099639892578 194.80799865722656 94.8290023803711 Z""></path></svg>"
402dd1d6c8a1a3c341dc453dead18b97,"<svg xmlns=""http://www.w3.org/2000/svg"" viewBox=""0.0 0.0 200.0 200.0"" height=""200.0px"" width=""200.0px""><path fill="""" fill-opacity=""1.0""  filling=""0"" d=""M158.33340454101562 10.0 L41.666603088378906 10.0 C33.333396911621094 10.0 26.666603088378906 16.666603088378906 26.666603088378906 25.0 L26.666603088378906 175.0 C26.666603088378906 183.33340454101562 32.5 190.0 41.666603088378906 190.0 L158.33340454101562 190.0 C166.66659545898438 190.0 173.33340454101562 184.16659545898438 173.33340454101562 175.0 L173.33340454101562 25.0 C173.33340454101562 16.666603088378906 166.66659545898438 10.0 158.33340454101562 10.0 Z M98.3333969116211 23.333396911621094 L98.3333969116211 53.333396911621094 L90.8333969116211 45.833396911621094 C88.3333969116211 43.33340072631836 85.0 43.33340072631836 82.5 45.833396911621094 L73.33340454101562 53.333396911621094 L73.33340454101562 23.333396911621094 L98.3333969116211 23.333396911621094 Z M160.0 175.0 C160.0 176.66659545898438 159.16659545898438 176.66659545898438 158.33340454101562 176.66659545898438 L41.666603088378906 176.66659545898438 C39.999996185302734 176.66659545898438 39.999996185302734 175.83340454101562 39.999996185302734 175.0 L39.999996185302734 25.0 C39.999996185302734 23.333396911621094 40.83340072631836 23.333396911621094 41.666603088378906 23.333396911621094 L60.000003814697266 23.333396911621094 L60.000003814697266 66.6666030883789 C60.000003814697266 69.1666030883789 61.666603088378906 71.6666030883789 63.333396911621094 72.5 C66.6666030883789 73.33340454101562 69.1666030883789 73.33340454101562 70.8333969116211 71.6666030883789 L85.83340454101562 58.333396911621094 L100.0 71.6666030883789 C100.83340454101562 72.5 102.5 73.33340454101562 104.1666030883789 73.33340454101562 C104.99999237060547 73.33340454101562 105.8333969116211 73.33340454101562 106.6666030883789 72.5 C109.16659545898438 71.6666030883789 110.0 69.1666030883789 110.0 66.6666030883789 L110.0 23.333396911621094 L158.33340454101562 23.333396911621094 C160.0 23.333396911621094 160.0 24.166603088378906 160.0 25.0 L160.0 175.0 Z M66.6666030883789 115.0 L108.3333969116211 115.0 C111.66659545898438 115.0 115.0 112.5 115.0 108.3333969116211 C115.0 104.1666030883789 112.5 101.6666030883789 108.3333969116211 101.6666030883789 L66.6666030883789 101.6666030883789 C63.333396911621094 101.6666030883789 60.000003814697266 104.1666030883789 60.000003814697266 108.3333969116211 C60.000003814697266 112.5 63.333396911621094 115.0 66.6666030883789 115.0 Z M133.33340454101562 135.0 L66.6666030883789 135.0 C63.333396911621094 135.0 60.000003814697266 137.5 60.000003814697266 141.66659545898438 C60.000003814697266 145.83340454101562 62.5 148.33338928222656 66.6666030883789 148.33338928222656 L133.33340454101562 148.33338928222656 C136.66659545898438 148.33338928222656 140.0 145.83340454101562 140.0 141.66659545898438 C140.0 137.5 136.66659545898438 135.0 133.33340454101562 135.0 Z""></path></svg>"
e8aee3776894d20b70727aa265e3c8b6,"<svg xmlns=""http://www.w3.org/2000/svg"" viewBox=""0.0 0.0 200.0 200.0"" height=""200.0px"" width=""200.0px""><path fill=""#E92385"" fill-opacity=""1.0""  filling=""0"" d=""M90.63999938964844 70.23999786376953 C89.38999938964844 70.23999786376953 88.12999725341797 69.8499984741211 87.05000305175781 69.04000091552734 A5.999000072479248 5.999000072479248 0.0 0 1 85.83999633789062 60.63999938964844 C93.69000244140625 50.13999938964844 106.19999694824219 43.869998931884766 119.29000091552734 43.869998931884766 C126.63999938964844 43.869998931884766 133.86000061035156 45.810001373291016 140.19000244140625 49.470001220703125 C143.05999755859375 51.130001068115234 144.0399932861328 54.79999923706055 142.3800048828125 57.66999816894531 A6.0 6.0 0.0 0 1 134.17999267578125 59.86000061035156 A29.690000534057617 29.690000534057617 0.0 0 0 119.30000305175781 55.880001068115234 C109.83000183105469 55.880001068115234 101.13999938964844 60.2400016784668 95.45999908447266 67.83000183105469 C94.2699966430664 69.41000366210938 92.45999908447266 70.23999786376953 90.63999938964844 70.23999786376953 Z""></path>
<path fill=""#283033"" fill-opacity=""1.0""  filling=""0"" d=""M121.88999938964844 17.529998779296875 C87.33000183105469 17.529998779296875 59.209999084472656 45.650001525878906 59.209999084472656 80.20999908447266 C59.209999084472656 84.37999725341797 59.630001068115234 88.45999908447266 60.40999984741211 92.4000015258789 L24.790000915527344 134.25 C17.69000244140625 142.58999633789062 17.949996948242188 154.9499969482422 25.389999389648438 162.99000549316406 L37.400001525878906 175.97000122070312 C41.619998931884766 180.52999877929688 47.459999084472656 182.8800048828125 53.33000183105469 182.8800048828125 C58.029998779296875 182.8800048828125 62.75 181.3800048828125 66.66000366210938 178.3000030517578 L112.66000366210938 142.2100067138672 C115.68000030517578 142.66000366210938 118.76000213623047 142.89999389648438 121.9000015258789 142.89999389648438 C156.4600067138672 142.89999389648438 184.5800018310547 114.77999877929688 184.5800018310547 80.22000122070312 C184.57000732421875 45.650001525878906 156.4499969482422 17.529998779296875 121.88999938964844 17.529998779296875 Z M59.25 168.86000061035156 C55.31999969482422 171.94000244140625 49.59000015258789 171.47999572753906 46.209999084472656 167.82000732421875 L34.19999694824219 154.83999633789062 C30.87999725341797 151.25999450683594 30.770004272460938 145.75 33.93000030517578 142.02999877929688 L64.72000122070312 105.86000061035156 C71.30999755859375 120.5 83.3499984741211 132.16000366210938 98.25 138.25999450683594 L59.25 168.86000061035156 Z M121.88999938964844 130.88999938964844 C93.94000244140625 130.88999938964844 71.20999908447266 108.1500015258789 71.20999908447266 80.20999908447266 C71.20999908447266 52.2599983215332 93.94999694824219 29.529998779296875 121.88999938964844 29.529998779296875 C149.8300018310547 29.529998779296875 172.57000732421875 52.27000045776367 172.57000732421875 80.20999908447266 C172.57000732421875 108.16000366210938 149.83999633789062 130.88999938964844 121.88999938964844 130.88999938964844 Z""></path></svg>"
b068c6bc0dab328b6027ccd02d03b174,"<svg xmlns=""http://www.w3.org/2000/svg"" viewBox=""0.0 0.0 200.0 200.0"" height=""200.0px"" width=""200.0px""><path fill="""" fill-opacity=""1.0""  filling=""0"" d=""M150.3125 0.0 L50.3125 0.0 C41.250003814697266 0.0 33.75 7.5 33.75 16.5625 L33.75 183.125 C33.75 189.6875 37.8125 195.625 43.75 198.125 C45.3125 199.6875 47.812496185302734 199.6875 50.3125 199.6875 C54.375 199.6875 57.8125 198.125 61.25 195.625 L97.1875 164.0625 C98.75 162.5 101.25000762939453 162.5 103.125 164.0625 L139.0625 195.625 C144.0625 199.6875 150.625 201.5625 156.5625 198.125 C162.5 195.625 166.5625 189.6875 166.5625 183.125 L166.5625 16.5625 C166.875 7.5 159.375 0.0 150.3125 0.0 Z M150.3125 183.125 L114.6875 151.5625 L113.75000762939453 150.625 C106.25 144.6875 94.6875 144.6875 86.25 150.625 L50.3125 183.125 L50.3125 16.5625 L150.3125 16.5625 L150.3125 183.125 Z""></path></svg>"
d960f5de-3ab1-41a3-8db1-853e895889ec,"<svg xmlns=""http://www.w3.org/2000/svg"" viewBox=""0.0 0.0 200.0 200.0"" height=""200.0px"" width=""200.0px""><path fill=""#B19C4A"" fill-opacity=""1.0""  filling=""0"" d=""M175.0 25.0 A6.25 6.25 0.0 0 1 181.25 31.25 L181.25 168.75 A6.25 6.25 0.0 0 1 175.0 175.0 L100.0 175.0 A6.25 6.25 0.0 0 1 93.75 168.75 L93.75 31.25 A6.25 6.25 0.0 0 1 100.0 25.0 L175.0 25.0 Z M168.75 150.0 L143.75 150.0 L143.75 162.5 L168.75 162.5 L168.75 150.0 Z M168.75 125.0 L106.25 125.0 L106.25 137.5 L168.75 137.5 L168.75 125.0 Z M131.25 87.5 L106.25 87.5 L106.25 112.5 L131.25 112.5 L131.25 87.5 Z M168.75 87.5 L143.75 87.5 L143.75 112.5 L168.75 112.5 L168.75 87.5 Z M81.25 175.0 L50.0 175.0 A6.25 6.25 0.0 0 1 43.75 168.75 L43.75 118.31199645996094 A50.0 50.0 0.0 0 1 81.25 26.574996948242188 L81.25 81.20600128173828 L81.20600128173828 80.19400024414062 A12.494000434875488 12.494000434875488 0.0 0 0 75.84400177001953 70.95600128173828 L75.00599670410156 70.42500305175781 L75.0 56.25 A6.25 6.25 0.0 0 0 62.54399871826172 55.51900100708008 L62.5 56.25 L62.5 70.42500305175781 A12.5 12.5 0.0 1 0 81.21900177001953 82.18099975585938 L81.25 81.25 L81.25 175.0 Z M31.25 68.75 A6.25 6.25 0.0 1 0 31.25 81.25 A6.25 6.25 0.0 0 0 31.25 68.75 Z M168.75 37.5 L106.25 37.5 L106.25 75.0 L118.75 75.0 L118.75 62.5 L131.25 62.5 L131.25 75.0 L143.75 75.0 L143.75 62.5 L156.25 62.5 L156.25 75.0 L168.75 75.0 L168.75 37.5 Z M37.8120002746582 44.0620002746582 A6.25 6.25 0.0 1 0 46.650001525878906 52.900001525878906 A6.25 6.25 0.0 0 0 37.8120002746582 44.0620002746582 Z M68.75 31.25 A6.25 6.25 0.0 1 0 68.75 43.75 A6.25 6.25 0.0 0 0 68.75 31.25 Z""></path></svg>"
22df98911f5c5a5eabc508e739730daf,"<svg xmlns=""http://www.w3.org/2000/svg"" viewBox=""0.0 0.0 200.0 200.0"" height=""200.0px"" width=""200.0px""><path fill=""#272636"" fill-opacity=""1.0""  filling=""0"" d=""M187.43692016601562 99.23418426513672 C187.43692016601562 51.474220275878906 148.30157470703125 12.757614135742188 100.02558135986328 12.757614135742188 C51.74980926513672 12.757614135742188 12.614456176757812 51.474220275878906 12.614456176757812 99.23418426513672 C12.614456176757812 99.515625 12.617774963378906 99.7962875366211 12.620506286621094 100.07695007324219 C12.617774963378906 100.35780334472656 12.614456176757812 100.63847351074219 12.614456176757812 100.91992950439453 C12.614456176757812 148.6798858642578 51.74980926513672 187.396484375 100.02558135986328 187.396484375 C148.30157470703125 187.396484375 187.43692016601562 148.6798858642578 187.43692016601562 100.91992950439453 C187.43692016601562 100.63847351074219 187.4333953857422 100.35780334472656 187.4308624267578 100.07695007324219 C187.43359375 99.79608917236328 187.43692016601562 99.515625 187.43692016601562 99.23418426513672 Z M169.3781280517578 100.07695007324219 C169.3767547607422 100.19102478027344 169.376953125 100.3056640625 169.3748016357422 100.4195327758789 L169.3810577392578 100.4195327758789 C169.38262939453125 100.58633422851562 169.3857421875 100.7529296875 169.3857421875 100.92012023925781 C169.3857421875 139.58828735351562 138.33203125 170.93536376953125 100.02519989013672 170.93536376953125 C61.71914291381836 170.93536376953125 30.66522979736328 139.58828735351562 30.66522979736328 100.92012023925781 C30.66522979736328 100.7529296875 30.668556213378906 100.58633422851562 30.669921875 100.4195327758789 L30.676361083984375 100.4195327758789 C30.674407958984375 100.3056640625 30.67461395263672 100.19102478027344 30.673049926757812 100.07695007324219 C30.674407958984375 99.962890625 30.674217224121094 99.8482437133789 30.676361083984375 99.734375 L30.669921875 99.734375 C30.668556213378906 99.56758117675781 30.66522979736328 99.4009780883789 30.66522979736328 99.2337875366211 C30.66522979736328 60.56562805175781 61.71914291381836 29.218551635742188 100.02519989013672 29.218551635742188 C138.33203125 29.218551635742188 169.3857421875 60.56562805175781 169.3857421875 99.2337875366211 C169.3857421875 99.4009780883789 169.38241577148438 99.56758117675781 169.3810577392578 99.734375 L169.3748016357422 99.734375 C169.376953125 99.8482437133789 169.3767547607422 99.962890625 169.3781280517578 100.07695007324219 Z""></path>
<path fill=""#272636"" fill-opacity=""1.0""  filling=""0"" d=""M143.73886108398438 90.85136413574219 L108.4517593383789 90.85136413574219 L108.4517593383789 55.56426239013672 C108.4517593383789 52.43534851074219 105.91523742675781 49.898826599121094 102.78632354736328 49.898826599121094 L96.1744155883789 49.898826599121094 C93.04570770263672 49.898826599121094 90.50898742675781 52.43515396118164 90.50898742675781 55.56426239013672 L90.50898742675781 90.85136413574219 L55.222068786621094 90.85136413574219 C52.09296798706055 90.85136413574219 49.55644607543945 93.38789367675781 49.55644607543945 96.5169906616211 L49.55644607543945 103.12870788574219 C49.55644607543945 106.25761413574219 52.09296798706055 108.79414367675781 55.222068786621094 108.79414367675781 L90.50918579101562 108.79414367675781 L90.50918579101562 144.08145141601562 C90.50918579101562 147.21034240722656 93.04570770263672 149.7470703125 96.17460632324219 149.7470703125 L102.78652954101562 149.7470703125 C105.91523742675781 149.7470703125 108.45195007324219 147.21054077148438 108.45195007324219 144.08145141601562 L108.45195007324219 108.79395294189453 L143.7390594482422 108.79395294189453 C146.8681640625 108.79395294189453 149.40487670898438 106.25761413574219 149.40487670898438 103.1285171508789 L149.40487670898438 96.51679229736328 C149.4044952392578 93.38789367675781 146.8679656982422 90.85136413574219 143.73886108398438 90.85136413574219 Z""></path></svg>"
9ca610ffc3aa94ee90b8fad40f39f2ce,"<svg xmlns=""http://www.w3.org/2000/svg"" viewBox=""0.0 0.0 200.0 200.0"" height=""200.0px"" width=""200.0px""><path fill="""" fill-opacity=""1.0""  filling=""0"" d=""M62.5 33.333396911621094 L133.33340454101562 33.333396911621094 L133.33340454101562 50.0 L79.1666030883789 50.0 L79.1666030883789 83.3333969116211 L100.0 83.3333969116211 A41.68339920043945 41.68339920043945 0.0 0 1 140.83340454101562 116.6666030883789 L141.66659545898438 116.6666030883789 L141.66659545898438 125.0 A41.66659927368164 41.66659927368164 0.0 0 1 100.0 166.66659545898438 L95.8333969116211 166.66659545898438 A41.66659927368164 41.66659927368164 0.0 0 1 54.166603088378906 125.0 L70.8333969116211 125.0 A25.0 25.0 0.0 0 0 95.8333969116211 150.0 L100.0 150.0 A25.0 25.0 0.0 1 0 100.0 100.0 L62.5 100.0 L62.5 33.333396911621094 Z""></path></svg>"
6cafe414afbff1122a96ac8f0a9ce893,"<svg xmlns=""http://www.w3.org/2000/svg"" viewBox=""0.0 0.0 200.0 200.0"" height=""200.0px"" width=""200.0px""><path fill=""currentColor"" fill-opacity=""1.0""  filling=""0"" d=""M20.83300018310547 170.83299255371094 C20.83300018310547 175.41700744628906 24.58300018310547 179.16700744628906 29.16699981689453 179.16700744628906 L170.83299255371094 179.16700744628906 C175.41700744628906 179.16700744628906 179.16700744628906 175.41700744628906 179.16700744628906 170.83299255371094 L179.16700744628906 70.83300018310547 L20.83300018310547 70.83300018310547 L20.83300018310547 170.83299255371094 Z M69.16699981689453 151.25 C75.83300018310547 152.5 84.58300018310547 151.25 84.58300018310547 151.25 C87.08300018310547 156.25 93.75 154.58299255371094 93.75 154.58299255371094 C95.41699981689453 157.08299255371094 104.16699981689453 165.41700744628906 104.16699981689453 165.41700744628906 C79.58300018310547 167.5 69.16699981689453 151.25 69.16699981689453 151.25 Z M117.08300018310547 127.91699981689453 C117.08300018310547 127.91699981689453 111.25 136.25 98.75 142.5 C98.75 142.5 96.25 136.66700744628906 89.58300018310547 137.91700744628906 C89.58300018310547 137.91700744628906 87.08300018310547 132.91700744628906 86.66699981689453 117.91699981689453 C86.66699981689453 117.91699981689453 92.5 118.33300018310547 93.33300018310547 111.66699981689453 C93.33300018310547 111.66699981689453 104.58300018310547 112.91699981689453 113.75 117.91699981689453 C113.75 117.91699981689453 111.66699981689453 124.58300018310547 117.08300018310547 127.91699981689453 Z M110.0 164.16700744628906 C110.0 164.16700744628906 101.25 158.75 97.08300018310547 151.66700744628906 C97.08300018310547 151.66700744628906 98.75 150.83299255371094 99.58300018310547 146.66700744628906 C99.58300018310547 146.66700744628906 113.33300018310547 142.08299255371094 121.66699981689453 129.16700744628906 C121.66699981689453 129.16700744628906 124.16699981689453 129.16700744628906 126.25 127.91699981689453 C126.25 127.91699981689453 132.5 133.75 135.41700744628906 141.66700744628906 C135.41700744628906 141.66700744628906 129.16700744628906 158.75 110.0 164.16700744628906 Z M132.08299255371094 105.41699981689453 C132.08299255371094 105.41699981689453 142.08299255371094 116.66699981689453 137.5 135.83299255371094 C137.5 135.83299255371094 132.08299255371094 127.08300018310547 129.16700744628906 125.0 C129.16700744628906 125.0 131.66700744628906 120.41699981689453 128.75 116.66699981689453 C128.75 116.66699981689453 131.25 111.66699981689453 132.08299255371094 105.41699981689453 Z M128.33299255371094 100.41699981689453 C127.91699981689453 109.16699981689453 125.41699981689453 113.75 125.41699981689453 113.75 C120.83300018310547 110.83300018310547 116.25 114.58300018310547 116.25 114.58300018310547 C105.41699981689453 107.91699981689453 93.33300018310547 107.08300018310547 93.33300018310547 107.08300018310547 C93.33300018310547 105.0 90.41699981689453 102.5 90.41699981689453 102.5 C91.66699981689453 97.91699981689453 99.58300018310547 87.08300018310547 99.58300018310547 87.08300018310547 C119.16699981689453 87.91699981689453 128.33299255371094 100.41699981689453 128.33299255371094 100.41699981689453 Z M93.33300018310547 87.91699981689453 C93.33300018310547 87.91699981689453 89.58300018310547 92.91699981689453 86.25 101.25 C86.25 101.25 79.16699981689453 100.41699981689453 77.5 107.91699981689453 C77.5 107.91699981689453 69.58300018310547 109.16699981689453 62.91699981689453 112.91699981689453 C62.91699981689453 112.91699981689453 69.58300018310547 92.08300018310547 93.33300018310547 87.91699981689453 Z M60.83300018310547 119.16699981689453 C67.08300018310547 114.58300018310547 77.08300018310547 112.5 77.08300018310547 112.5 C77.91699981689453 116.66699981689453 82.08300018310547 117.91699981689453 82.08300018310547 117.91699981689453 C81.25 129.16700744628906 85.0 139.58299255371094 85.0 139.58299255371094 C81.66699981689453 142.08299255371094 81.66699981689453 147.5 81.66699981689453 147.5 C73.33300018310547 148.33299255371094 65.0 146.66700744628906 65.0 146.66700744628906 C57.5 132.91700744628906 60.83300018310547 119.16699981689453 60.83300018310547 119.16699981689453 Z M170.83299255371094 20.83300018310547 L29.16699981689453 20.83300018310547 C24.58300018310547 20.83300018310547 20.83300018310547 24.58300018310547 20.83300018310547 29.16699981689453 L20.83300018310547 58.33300018310547 L179.16700744628906 58.33300018310547 L179.16700744628906 29.16699981689453 C179.16700744628906 24.58300018310547 175.41700744628906 20.83300018310547 170.83299255371094 20.83300018310547 Z M60.41699981689453 45.83300018310547 L43.75 45.83300018310547 C40.41699981689453 45.83300018310547 37.5 42.91699981689453 37.5 39.58300018310547 C37.5 36.25 40.41699981689453 33.33300018310547 43.75 33.33300018310547 L60.41699981689453 33.33300018310547 C63.75 33.33300018310547 66.66699981689453 36.25 66.66699981689453 39.58300018310547 C66.66699981689453 42.91699981689453 63.75 45.83300018310547 60.41699981689453 45.83300018310547 Z M156.25 45.83300018310547 L89.58300018310547 45.83300018310547 C86.25 45.83300018310547 83.33300018310547 42.91699981689453 83.33300018310547 39.58300018310547 C83.33300018310547 36.25 86.25 33.33300018310547 89.58300018310547 33.33300018310547 L156.25 33.33300018310547 C159.58299255371094 33.33300018310547 162.5 36.25 162.5 39.58300018310547 C162.5 42.91699981689453 159.58299255371094 45.83300018310547 156.25 45.83300018310547 Z""></path></svg>"
8e1fadf0ca78b939adfb003d4e011a0e,"<svg xmlns=""http://www.w3.org/2000/svg"" viewBox=""0.0 0.0 200.0 200.0"" height=""200.0px"" width=""200.0px""><path fill=""#333333"" fill-opacity=""1.0""  filling=""0"" d=""M96.33300018310547 193.33299255371094 C46.33300018310547 193.33299255371094 6.0 152.66700744628906 6.0 103.0 C6.0 53.33300018310547 46.33300018310547 12.666999816894531 96.33300018310547 12.666999816894531 C99.0 12.666999816894531 101.33300018310547 15.0 101.33300018310547 17.66699981689453 C101.33300018310547 20.33300018310547 99.0 22.66699981689453 96.33300018310547 22.66699981689453 C52.0 22.66699981689453 16.0 58.66699981689453 16.0 103.0 C16.0 147.33299255371094 52.0 183.33299255371094 96.33300018310547 183.33299255371094 C140.66700744628906 183.33299255371094 176.66700744628906 147.33299255371094 176.66700744628906 103.0 C176.66700744628906 100.33300018310547 179.0 98.0 181.66700744628906 98.0 C184.33299255371094 98.0 186.66700744628906 100.33300018310547 186.66700744628906 103.0 C186.66700744628906 152.66700744628906 146.0 193.33299255371094 96.33300018310547 193.33299255371094 Z""></path>
<path fill=""#333333"" fill-opacity=""1.0""  filling=""0"" d=""M189.0 82.66699981689453 L123.0 82.66699981689453 C120.33300018310547 82.66699981689453 118.0 80.33300018310547 118.0 77.66699981689453 L118.0 11.666999816894531 C118.0 9.0 120.33300018310547 6.666999816894531 123.0 6.666999816894531 C162.33299255371094 6.666999816894531 194.0 38.66699981689453 194.0 77.66699981689453 C194.0 80.66699981689453 192.0 82.66699981689453 189.0 82.66699981689453 Z M128.0 72.66699981689453 L184.0 72.66699981689453 C181.66700744628906 43.0 157.66700744628906 19.0 128.0 16.66699981689453 L128.0 72.66699981689453 Z""></path></svg>"
ab976da55b074a76089bd31cf654dc11,"<svg xmlns=""http://www.w3.org/2000/svg"" viewBox=""0.0 0.0 200.0 200.0"" height=""200.0px"" width=""200.0px""><path fill=""currentColor"" fill-opacity=""1.0""  filling=""0"" d=""M138.3769989013672 174.27000427246094 L56.90800094604492 174.27000427246094 C49.707000732421875 174.27000427246094 43.867000579833984 168.4320068359375 43.867000579833984 161.22900390625 L43.867000579833984 146.88499450683594 C43.867000579833984 142.26400756835938 46.520999908447266 138.11099243164062 50.4119987487793 135.79299926757812 L50.40399932861328 70.81099700927734 C50.40399932861328 58.79499816894531 55.08000183105469 47.49399948120117 63.56800079345703 38.9900016784668 C72.05699920654297 30.487998962402344 83.34600067138672 25.792999267578125 95.35900115966797 25.77099609375 L95.43900299072266 25.77099609375 C107.3010025024414 25.77099609375 118.5250015258789 30.455001831054688 127.0510025024414 38.96699905395508 C131.25 43.15800094604492 134.55099487304688 48.0369987487793 136.86500549316406 53.47100067138672 C139.26199340820312 59.099998474121094 140.47900390625 65.0530014038086 140.47900390625 71.16600036621094 L140.47900390625 79.48999786376953 C140.47900390625 79.68399810791016 140.718994140625 79.77100372314453 140.843994140625 79.625 L145.23800659179688 74.50599670410156 C147.5229949951172 72.04100036621094 151.71499633789062 69.49800109863281 156.63499450683594 69.75800323486328 C165.57200622558594 70.22899627685547 172.06100463867188 76.79100036621094 172.06100463867188 85.36299896240234 C172.06100463867188 90.40399932861328 168.76199340820312 94.95700073242188 168.76199340820312 94.95700073242188 C167.51800537109375 96.71499633789062 154.91400146484375 115.3550033569336 142.00799560546875 134.22900390625 C141.85699462890625 134.44700622558594 141.968994140625 134.75399780273438 142.2169952392578 134.85000610351562 C143.8090057373047 135.46099853515625 145.32200622558594 136.33999633789062 146.6540069580078 137.44700622558594 C149.67999267578125 139.96099853515625 151.41600036621094 143.39999389648438 151.41600036621094 146.88699340820312 L151.41600036621094 161.23199462890625 C151.41600036621094 168.4320068359375 145.5780029296875 174.27000427246094 138.3769989013672 174.27000427246094 Z M57.41999816894531 137.36099243164062 L57.417999267578125 139.4770050048828 C57.417999267578125 140.2209930419922 56.89099884033203 140.86300659179688 56.15999984741211 141.00599670410156 C53.2400016784668 141.5780029296875 50.895999908447266 144.08200073242188 50.895999908447266 146.88699340820312 L50.895999908447266 161.23199462890625 C50.895999908447266 164.55099487304688 53.58599853515625 167.24200439453125 56.90599822998047 167.24200439453125 L138.375 167.24200439453125 C141.6929931640625 167.24200439453125 144.38499450683594 164.55299377441406 144.38499450683594 161.23199462890625 L144.38499450683594 146.88699340820312 C144.38499450683594 143.64999389648438 140.3090057373047 140.8769989013672 136.9709930419922 140.8769989013672 L134.73599243164062 140.8769989013672 C133.79100036621094 140.8769989013672 133.06100463867188 140.04299926757812 133.18800354003906 139.10499572753906 L133.0449981689453 135.28500366210938 C133.0229949951172 134.53700256347656 133.88299560546875 133.9040069580078 134.7830047607422 132.5780029296875 C147.33399963378906 114.09200286865234 160.66200256347656 94.41799926757812 162.94700622558594 91.01399993896484 C163.94700622558594 89.11699676513672 165.0290069580078 86.38300323486328 165.0290069580078 85.36299896240234 C165.0290069580078 80.58000183105469 161.42599487304688 77.0510025024414 156.26600646972656 76.77899932861328 C153.94900512695312 76.65599822998047 151.6840057373047 77.9219970703125 150.43800354003906 79.24199676513672 L135.58200073242188 96.56099700927734 C134.85000610351562 97.41600036621094 133.44900512695312 96.89600372314453 133.44900512695312 95.77100372314453 L133.44900512695312 71.16600036621094 C133.44900512695312 60.92599868774414 129.41400146484375 51.257999420166016 122.08599853515625 43.94499969482422 C114.88899993896484 36.7599983215332 105.4280014038086 32.80500030517578 95.44100189208984 32.80500030517578 L95.37300109863281 32.80500030517578 C74.45500183105469 32.84199523925781 57.4370002746582 49.89099884033203 57.4370002746582 70.81099700927734 L57.44499969482422 137.36099243164062 L57.41999816894531 137.36099243164062 Z""></path>
<path fill=""#43DD9E"" fill-opacity=""1.0""  filling=""0"" d=""M124.2300033569336 141.0590057373047 L66.18599700927734 141.0590057373047 C64.24400329589844 141.0590057373047 62.66999816894531 139.48399353027344 62.66999816894531 137.54299926757812 C62.66999816894531 135.6020050048828 64.24400329589844 134.02699279785156 66.18599700927734 134.02699279785156 L124.2300033569336 134.02699279785156 C126.1719970703125 134.02699279785156 127.74600219726562 135.6020050048828 127.74600219726562 137.54299926757812 C127.74600219726562 139.48399353027344 126.1719970703125 141.0590057373047 124.2300033569336 141.0590057373047 Z""></path></svg>"
7d41f40dc025829b6c2c3f9370aa91ab,"<svg xmlns=""http://www.w3.org/2000/svg"" viewBox=""0.0 0.0 200.0 200.0"" height=""200.0px"" width=""200.0px""><path fill=""#969799"" fill-opacity=""1.0""  filling=""0"" d=""M100.0 200.0 L13.043998718261719 150.01699829101562 L13.043998718261719 49.983001708984375 L100.0 0.0 L186.95599365234375 49.983001708984375 L186.95599365234375 149.99099731445312 L100.0 200.0 Z M171.8260040283203 57.6609992980957 L100.0 15.374000549316406 L28.173995971679688 57.652000427246094 L28.173995971679688 142.24400329589844 L100.0 184.54800415039062 L171.8260040283203 142.2519989013672 L171.8260040283203 57.652000427246094 L171.8260040283203 57.6609992980957 Z M55.435001373291016 70.48699951171875 L99.98300170898438 46.09600067138672 L149.1300048828125 73.00900268554688 L149.1300048828125 126.83499908447266 L105.2699966430664 150.8699951171875 L105.2699966430664 100.43499755859375 L105.59100341796875 99.87000274658203 L55.435001373291016 70.48699951171875 Z M90.12200164794922 148.41700744628906 L50.78300094604492 126.88700103759766 L50.78300094604492 85.52999877929688 L90.10399627685547 108.5999984741211 L90.10399627685547 148.41700744628906 L90.12200164794922 148.41700744628906 Z""></path></svg>"
ec89d045d7ac2c5bba7e3a7b7f2ecfe3,"<svg xmlns=""http://www.w3.org/2000/svg"" viewBox=""0.0 0.0 200.0 200.0"" height=""200.0px"" width=""200.0px""><path fill=""#000000"" fill-opacity=""1.0""  filling=""0"" d=""M150.23300170898438 83.03299713134766 A6.25 6.25 0.0 0 0 143.98300170898438 76.78299713134766 L123.21700286865234 76.78299713134766 L123.21700286865234 56.016998291015625 A6.25 6.25 0.0 0 0 110.71700286865234 56.016998291015625 L110.71700286865234 83.03299713134766 C110.71700286865234 86.49199676513672 113.50800323486328 89.28299713134766 116.96700286865234 89.28299713134766 L143.98300170898438 89.28299713134766 A6.25 6.25 0.0 0 0 150.23300170898438 83.03299713134766 Z M116.96700286865234 150.23300170898438 A6.25 6.25 0.0 0 0 123.21700286865234 143.98300170898438 L123.21700286865234 123.21700286865234 L143.98300170898438 123.21700286865234 A6.25 6.25 0.0 1 0 143.98300170898438 110.71700286865234 L116.96700286865234 110.71700286865234 A6.25 6.25 0.0 0 0 110.71700286865234 116.96700286865234 L110.71700286865234 143.98300170898438 C110.71700286865234 147.43299865722656 113.50800323486328 150.23300170898438 116.96700286865234 150.23300170898438 Z M83.03299713134766 150.23300170898438 A6.25 6.25 0.0 0 1 76.78299713134766 143.98300170898438 L76.78299713134766 123.21700286865234 L56.016998291015625 123.21700286865234 A6.25 6.25 0.0 0 1 56.016998291015625 110.71700286865234 L83.03299713134766 110.71700286865234 A6.25 6.25 0.0 0 1 89.28299713134766 116.96700286865234 L89.28299713134766 143.98300170898438 A6.25 6.25 0.0 0 1 83.03299713134766 150.23300170898438 Z M49.766998291015625 83.03299713134766 A6.25 6.25 0.0 0 1 56.016998291015625 76.78299713134766 L76.78299713134766 76.78299713134766 L76.78299713134766 56.016998291015625 A6.25 6.25 0.0 0 1 89.28299713134766 56.016998291015625 L89.28299713134766 83.03299713134766 A6.25 6.25 0.0 0 1 83.03299713134766 89.28299713134766 L56.016998291015625 89.28299713134766 A6.25 6.25 0.0 0 1 49.766998291015625 83.03299713134766 Z""></path></svg>"
68e2e535-32c9-48fd-a9f6-9c4b2c411e58,"<svg fill=""none"" height=""128"" viewBox=""0 0 24 24"" width=""128"" xmlns=""http://www.w3.org/2000/svg""><g stroke=""#1c274c"" stroke-linecap=""round"" stroke-width=""1.5""><path d=""m9.5 14.4l1.43 1.6 3.57-4"" stroke-linejoin=""round""/><path d=""m2 12c0-4.71 0-7.07 1.46-8.54 1.25-1.24 3.13-1.43 6.54-1.46m12 10c0-4.71 0-7.07-1.46-8.54-1.25-1.24-3.13-1.43-6.54-1.46""/><path d=""m10 22c-2.8 0-4.2 0-5.27-.54-.94-.48-1.71-1.25-2.19-2.19-.54-1.07-.54-2.47-.54-5.27s0-4.2.54-5.27c.48-.94 1.25-1.71 2.19-2.19 1.07-.54 2.47-.54 5.27-.54h4c2.8 0 4.2 0 5.27.54.94.48 1.71 1.25 2.19 2.19.54 1.07.54 2.47.54 5.27s0 4.2-.54 5.27c-.48.94-1.25 1.71-2.19 2.19-1.07.54-2.47.54-5.27.54""/></g></svg>"
8c7c71f2fa98547406cb8e566921b0f0,"<svg xmlns=""http://www.w3.org/2000/svg"" viewBox=""0.0 0.0 200.0 200.0"" height=""200.0px"" width=""200.0px""><path fill=""#FFAB5F"" fill-opacity=""1.0""  filling=""0"" d=""M10.0 100.0 A90.0 90.0 0.0 1 0 190.0 100.0 A90.0 90.0 0.0 1 0 10.0 100.0 Z""></path>
<path fill=""#FFFFFF"" fill-opacity=""1.0""  filling=""0"" d=""M146.3000030517578 47.900001525878906 C142.8000030517578 47.900001525878906 140.0 50.70000076293945 140.0 54.20000076293945 C140.0 57.70000076293945 144.1999969482422 65.80000305175781 146.3000030517578 65.80000305175781 C148.39999389648438 65.80000305175781 152.60000610351562 57.70000076293945 152.60000610351562 54.20000076293945 C152.60000610351562 50.70000076293945 149.8000030517578 47.900001525878906 146.3000030517578 47.900001525878906 Z M161.89999389648438 64.5999984741211 C159.60000610351562 62.0 155.60000610351562 61.70000076293945 153.0 64.0 C150.39999389648438 66.30000305175781 147.10000610351562 74.80000305175781 148.5 76.4000015258789 C149.89999389648438 78.0 158.8000030517578 75.80000305175781 161.39999389648438 73.5 C164.0 71.19999694824219 164.1999969482422 67.19999694824219 161.89999389648438 64.5999984741211 Z M124.5999984741211 56.099998474121094 L75.4000015258789 56.099998474121094 C64.69999694824219 56.099998474121094 56.099998474121094 64.80000305175781 56.099998474121094 75.4000015258789 L56.099998474121094 124.5999984741211 C56.099998474121094 135.3000030517578 64.80000305175781 143.89999389648438 75.4000015258789 143.89999389648438 L124.5999984741211 143.89999389648438 C135.3000030517578 143.89999389648438 143.89999389648438 135.1999969482422 143.89999389648438 124.5999984741211 L143.89999389648438 75.4000015258789 C143.89999389648438 64.69999694824219 135.3000030517578 56.099998474121094 124.5999984741211 56.099998474121094 Z M126.0 85.69999694824219 L126.0 97.5999984741211 C126.0 111.69999694824219 114.5999984741211 123.0999984741211 100.5 123.0999984741211 C86.4000015258789 123.0999984741211 75.0 111.5999984741211 75.0 97.5 L75.0 85.69999694824219 C73.69999694824219 84.80000305175781 72.9000015258789 83.4000015258789 72.9000015258789 81.80000305175781 C72.9000015258789 79.19999694824219 75.0 77.0999984741211 77.5999984741211 77.0999984741211 C80.19999694824219 77.0999984741211 82.30000305175781 79.19999694824219 82.30000305175781 81.80000305175781 C82.30000305175781 83.4000015258789 81.5 84.9000015258789 80.19999694824219 85.69999694824219 L80.19999694824219 97.5999984741211 C80.19999694824219 108.69999694824219 89.30000305175781 117.80000305175781 100.4000015258789 117.80000305175781 C111.5 117.80000305175781 120.5999984741211 108.69999694824219 120.5999984741211 97.5999984741211 L120.5999984741211 85.69999694824219 C119.30000305175781 84.80000305175781 118.5 83.4000015258789 118.5 81.80000305175781 C118.5 79.19999694824219 120.5999984741211 77.0999984741211 123.19999694824219 77.0999984741211 C125.80000305175781 77.0999984741211 127.9000015258789 79.19999694824219 127.9000015258789 81.80000305175781 C128.10000610351562 83.4000015258789 127.30000305175781 84.80000305175781 126.0 85.69999694824219 Z""></path></svg>"
61b523b078eb8c534f9f61b1a98b3c59,"<svg xmlns=""http://www.w3.org/2000/svg"" viewBox=""0.0 0.0 200.0 200.0"" height=""200.0px"" width=""200.0px""><path fill="""" fill-opacity=""1.0""  filling=""0"" d=""M99.99785614013672 43.09101867675781 L65.79745483398438 8.889839172363281 L74.6880874633789 -0.00078582763671875 L99.99785614013672 25.310745239257812 L125.30937194824219 -0.00078582763671875 L134.1999969482422 8.889839172363281 L99.99785614013672 43.09101867675781 Z M125.3101577758789 199.99746704101562 L99.99785614013672 174.68690490722656 L74.6880874633789 199.99746704101562 L65.79745483398438 191.10684204101562 L99.99785614013672 156.9064483642578 L134.1999969482422 191.10684204101562 L125.3101577758789 199.99746704101562 Z M99.99785614013672 138.97421264648438 C78.5068359375 138.97421264648438 61.02226257324219 121.4906234741211 61.02226257324219 99.99882507324219 C61.02226257324219 78.50762176513672 78.5068359375 61.02324295043945 99.99785614013672 61.02324295043945 C121.4898452758789 61.02324295043945 138.9734344482422 78.50762176513672 138.9734344482422 99.99882507324219 C138.9734344482422 121.4906234741211 121.4898452758789 138.97421264648438 99.99785614013672 138.97421264648438 Z M99.99785614013672 73.59590148925781 C85.439453125 73.59590148925781 73.59512329101562 85.44023895263672 73.59512329101562 99.99882507324219 C73.59512329101562 114.5572280883789 85.439453125 126.40156555175781 99.99785614013672 126.40156555175781 C114.5562515258789 126.40156555175781 126.4007797241211 114.5572280883789 126.4007797241211 99.99882507324219 C126.4007797241211 85.44023895263672 114.5572280883789 73.59590148925781 99.99785614013672 73.59590148925781 Z M191.10684204101562 134.1999969482422 L156.9064483642578 99.99882507324219 L191.10684204101562 65.79745483398438 L199.99746704101562 74.6880874633789 L174.68690490722656 99.99882507324219 L199.99746704101562 125.30937194824219 L191.10684204101562 134.1999969482422 Z M8.890625 134.1999969482422 L0.0 125.30937194824219 L25.310745239257812 99.99882507324219 L0.0 74.6880874633789 L8.890625 65.79745483398438 L43.09101867675781 99.99882507324219 L8.890625 134.1999969482422 Z""></path></svg>"
25ed85dba28ae2d20a0d38f681d5a613,"<svg xmlns=""http://www.w3.org/2000/svg"" viewBox=""0.0 0.0 200.0 200.0"" height=""200.0px"" width=""200.0px""><path fill="""" fill-opacity=""1.0""  filling=""0"" d=""M52.127925872802734 178.52792358398438 A14.975976943969727 14.975976943969727 0.0 0 1 37.167964935302734 163.55194091796875 L37.167964935302734 83.16796875 L23.816009521484375 95.5599594116211 A4.0 4.0 0.0 0 1 18.175979614257812 95.3599624633789 A4.0 4.0 0.0 0 1 18.383987426757812 89.6958999633789 L38.44003677368164 71.08808898925781 A0.34394532442092896 0.34394532442092896 0.0 0 1 38.5439453125 71.0 L88.25605773925781 28.16796875 A13.799999237060547 13.799999237060547 0.0 0 1 106.38397979736328 28.16796875 L155.98397827148438 70.8960952758789 L156.1279296875 71.0160140991211 L156.2158203125 71.0960922241211 L176.27206420898438 89.70390319824219 A4.0 4.0 0.0 0 1 176.48007202148438 95.36796569824219 A4.0 4.0 0.0 0 1 173.5519561767578 96.63203430175781 A4.0 4.0 0.0 0 1 170.81600952148438 95.5679702758789 L157.49609375 83.19999694824219 L157.49609375 163.55996704101562 A14.991992950439453 14.991992950439453 0.0 0 1 142.51992797851562 178.5359344482422 L52.127925872802734 178.52792358398438 Z M45.15995788574219 163.55194091796875 A6.975976467132568 6.975976467132568 0.0 0 0 52.127925872802734 170.51992797851562 L142.52792358398438 170.51992797851562 A6.975976467132568 6.975976467132568 0.0 0 0 149.49609375 163.55194091796875 L149.49609375 75.84805297851562 L101.17578125 34.248046875 A5.856054782867432 5.856054782867432 0.0 0 0 93.49589538574219 34.248046875 L45.175777435302734 75.84805297851562 L45.15995788574219 163.55194091796875 Z M93.32012176513672 148.4560546875 L93.32012176513672 130.1201171875 L73.24784851074219 130.1201171875 A4.0 4.0 0.0 0 1 69.24785614013672 126.1201171875 A4.0 4.0 0.0 0 1 73.24784851074219 122.1201171875 L93.3203125 122.1201171875 L93.3203125 107.77597045898438 L73.248046875 107.77597045898438 A4.0 4.0 0.0 0 1 69.248046875 103.7759780883789 A4.0 4.0 0.0 0 1 73.248046875 99.7759780883789 L88.33613586425781 99.7759780883789 L74.2962875366211 84.11991882324219 A4.0 4.0 0.0 0 1 74.5921859741211 78.46406555175781 A4.0 4.0 0.0 0 1 80.23222351074219 78.7759780883789 L97.31230926513672 97.7919921875 L114.408203125 78.7759780883789 A4.0 4.0 0.0 0 1 120.04823303222656 78.48007202148438 A4.0 4.0 0.0 0 1 120.36016082763672 84.11991882324219 L106.2962875366211 99.77616882324219 L121.3921890258789 99.77616882324219 A4.0 4.0 0.0 0 1 125.3921890258789 103.77616882324219 A4.0 4.0 0.0 0 1 121.3921890258789 107.77617645263672 L101.3199234008789 107.77617645263672 L101.3199234008789 122.11992645263672 L121.39198303222656 122.11992645263672 A4.0 4.0 0.0 0 1 125.39199829101562 126.11991882324219 A4.0 4.0 0.0 0 1 121.39198303222656 130.1199188232422 L101.3199234008789 130.1199188232422 L101.3199234008789 148.4558563232422 A4.0 4.0 0.0 0 1 97.3199234008789 152.4558563232422 A4.0 4.0 0.0 0 1 93.32792663574219 148.4558563232422 L93.32012176513672 148.4560546875 Z""></path></svg>"
2e096cabf70630aa429df802aadee781,"<svg xmlns=""http://www.w3.org/2000/svg"" viewBox=""0.0 0.0 200.0 200.0"" height=""200.0px"" width=""200.0px""><path fill="""" fill-opacity=""1.0""  filling=""0"" d=""M108.33749389648438 8.337493896484375 L50.0 8.337493896484375 L50.0 158.33749389648438 L175.0 158.33749389648438 L175.0 75.0 L108.33749389648438 75.0 L108.33749389648438 8.337493896484375 Z M175.0 58.33749771118164 L175.0 54.875 L128.4499969482422 8.337493896484375 L125.0 8.337493896484375 L125.0 58.33749771118164 L175.0 58.33749771118164 Z M33.337493896484375 175.0 L33.337493896484375 41.66250228881836 L16.662506103515625 41.66250228881836 L16.662506103515625 191.66250610351562 L125.0 191.66250610351562 L125.0 175.0 L33.337493896484375 175.0 Z""></path></svg>"
233eefc40f52085d4f6005f113561a01,"<svg xmlns=""http://www.w3.org/2000/svg"" viewBox=""0.0 0.0 200.0 200.0"" height=""200.0px"" width=""200.0px""><path fill="""" fill-opacity=""1.0""  filling=""0"" d=""M177.0339813232422 106.47461700439453 C177.0339813232422 151.43692016601562 140.58045959472656 187.890625 95.61796569824219 187.890625 C50.655860900878906 187.890625 14.201950073242188 151.43692016601562 14.201950073242188 106.47461700439453 C14.201950073242188 61.50800704956055 50.655860900878906 25.05859375 95.61796569824219 25.05859375 L95.61796569824219 106.47461700439453 L177.0339813232422 106.47461700439453 Z M187.890625 95.61796569824219 L106.47461700439453 95.61796569824219 L106.47461700439453 14.201950073242188 C151.43692016601562 14.201950073242188 187.890625 50.655860900878906 187.890625 95.61796569824219 Z""></path></svg>"
d47c83db86be1d46ff99cbff54fc0db9,"<svg xmlns=""http://www.w3.org/2000/svg"" viewBox=""0.0 0.0 200.0 200.0"" height=""200.0px"" width=""200.0px""><path fill=""#333333"" fill-opacity=""1.0""  filling=""0"" d=""M56.71366882324219 115.013671875 A54.30917739868164 54.30917739868164 0.0 0 1 45.454490661621094 81.81816101074219 C45.454490661621094 51.69550704956055 69.8773422241211 27.27265167236328 100.0 27.27265167236328 C130.12266540527344 27.27265167236328 154.54550170898438 51.69550704956055 154.54550170898438 81.81816101074219 C154.54550170898438 91.7591781616211 151.88633728027344 101.07733917236328 147.24081420898438 109.1044921875 L147.20449829101562 109.16368103027344 C146.08184814453125 111.09999084472656 144.8408203125 112.96367645263672 143.49551391601562 114.736328125 L107.58183288574219 168.6818389892578 A9.0908203125 9.0908203125 0.0 0 1 92.44551086425781 168.6818389892578 L56.71816635131836 115.013671875 L56.71366882324219 115.013671875 Z M100.0 104.5455093383789 A22.72734260559082 22.72734260559082 0.0 1 0 100.0 59.090824127197266 A22.72734260559082 22.72734260559082 0.0 0 0 100.0 104.5455093383789 Z""></path></svg>"
thesantatitan_deepseek-svg-dataset_0003106,"<svg width=""400"" height=""200"" viewBox=""0 0 400 200"" fill=""black"">
    <!-- Bicycle Frame -->
    <path d=""M50,150 L100,180 L300,100 L350,180 L350,180 L300,100 L250,170"" stroke=""white"" stroke-width=""5"" fill=""none""/>
    
    <!-- Wheels -->
    <circle cx=""100"" cy=""180"" r=""20"" fill=""black"" stroke=""white"" stroke-width=""2""/>
    <circle cx=""300"" cy=""100"" r=""20"" fill=""black"" stroke=""white"" stroke-width=""2""/>
    
    <!-- Spokes -->
    <line x1=""100"" y1=""180"" x2=""115"" y2=""180"" stroke=""white"" stroke-width=""1"" stroke-linecap=""round""/>
    <line x1=""100"" y1=""180"" x2=""85"" y2=""180"" stroke=""white"" stroke-width=""1"" stroke-linecap=""round""/>
    <line x1=""300"" y1=""100"" x2=""315"" y2=""100"" stroke=""white"" stroke-width=""1"" stroke-linecap=""round""/>
    <line x1=""300"" y1=""100"" x2=""285"" y2=""100"" stroke=""white"" stroke-width=""1"" stroke-linecap=""round""/>
    
    <!-- Seat -->
    <rect x=""170"" y=""50"" width=""60"" height=""20"" rx=""10"" ry=""10"" fill=""yellow""/>
    
    <!-- Saddle -->
    <rect x=""175"" y=""55"" width=""50"" height=""10"" fill=""black""/>
    
    <!-- Chain -->
    <line x1=""170"" y1=""100"" x2=""350"" y2=""180"" stroke=""white"" stroke-width=""3""/>
</svg>"
a8a0ac74fb0e26c88d053271946e75f5,"<svg xmlns=""http://www.w3.org/2000/svg"" viewBox=""0.0 0.0 200.0 200.0"" height=""200.0px"" width=""200.0px""><path fill=""#465A91"" fill-opacity=""1.0""  filling=""0"" d=""M11.099998474121094 48.89004135131836 L41.080081939697266 78.86991882324219 L52.88007736206055 67.0599594116211 L28.809967041015625 42.98007583618164 L52.890037536621094 18.900001525878906 L41.080081939697266 7.099998474121094 L5.190040588378906 42.98007583618164 L11.090042114257812 48.88007736206055 L11.099998474121094 48.89004135131836 Z""></path>
<path fill=""#465A91"" fill-opacity=""1.0""  filling=""0"" d=""M117.0 174.64999389648438 L69.669921875 174.64999389648438 L69.669921875 191.35000610351562 L117.0 191.35000610351562 A78.3499984741211 78.3499984741211 0.0 1 0 117.0 34.650001525878906 L27.0 34.650001525878906 L27.0 51.349998474121094 L117.0 51.349998474121094 A61.650001525878906 61.650001525878906 0.0 0 1 117.0 174.64999389648438 Z""></path></svg>"
6ac4b137-01f0-42d6-b8c0-95de2b9dd062,"<svg height=""128"" viewBox=""0 0 64 64"" width=""128"" xmlns=""http://www.w3.org/2000/svg""><g fill=""none"" fill-rule=""evenodd"" transform=""translate(5 11)""><path d=""m26 6l2.1-1.9c5.47-5.47 14.33-5.47 19.8 0s5.47 14.33 0 19.8l-21.9 22.1-21.9-22.1c-5.47-5.47-5.47-14.33 0-19.8s14.33-5.47 19.8 0z"" fill=""#f16963""/><g stroke=""#be3a37"" stroke-linecap=""round"" stroke-linejoin=""round"" stroke-width=""2""><path d=""m26 6l2.1-1.9c5.47-5.47 14.33-5.47 19.8 0s5.47 14.33 0 19.8l-21.9 22.1-21.9-22.1c-5.47-5.47-5.47-14.33 0-19.8s14.33-5.47 19.8 0z""/><path d=""m16 24h7l3-12 5 22 4-14 2 4h15""/></g></g></svg>"
thesantatitan_deepseek-svg-dataset_0001432,"<svg width=""400"" height=""400"" viewBox=""0 0 200 200"" xmlns=""http://www.w3.org/2000/svg"">
  <title>Beer Mug with Beer and Coins</title>
  <desc>A SVG illustration of a beer mug with beer and coins inside</desc>
  
  <!-- Beer Mug Body -->
  <path fill=""#8B4513"" d=""M100 80 
                            Q 140 80 160 100 
                            Q 165 115 160 130 
                            Q 150 150 125 155 
                            Q 100 160 75 155 
                            Q 60 145 55 120 
                            Q 55 90 80 85 
                            Z""/>
  
  <!-- Handle -->
  <rect x=""70"" y=""85"" width=""60"" height=""30"" rx=""15"" fill=""#8B4513""/>
  
  <!-- Beer Inside -->
  <rect x=""85"" y=""95"" width=""30"" height=""40"" fill=""#469B58"" opacity=""0.8""/>
  
  <!-- Coins -->
  <circle cx=""120"" cy=""115"" r=""7"" fill=""url(#coinGradient)""/>
  <circle cx=""110"" cy=""105"" r=""6"" fill=""url(#coinGradient)""/>
  <circle cx=""95"" cy=""125"" r=""8"" fill=""url(#coinGradient)""/>
  
  <!-- Coin Gradient -->
  <defs>
    <radialGradient id=""coinGradient"" cx=""50%"" cy=""50%"" r=""50%"">
      <stop offset=""0%"" style=""stop-color:#ffd700;stop-opacity:1""/>
      <stop offset=""100%"" style=""stop-color:#daa520;stop-opacity:1""/>
    </radialGradient>
  </defs>
  
  <!-- Highlights -->
  <circle cx=""125"" cy=""100"" r=""3"" fill=""url(#highlightGradient)"" opacity=""0.5""/>
  <circle cx=""130"" cy=""95"" r=""3"" fill=""url(#highlightGradient)"" opacity=""0.5""/>
  
  <!-- Highlight Gradient -->
  <defs>
    <radialGradient id=""highlightGradient"" cx=""50%"" cy=""50%"" r=""50%"">
      <stop offset=""0%"" style=""stop-color:#ffffff;stop-opacity:1""/>
      <stop offset=""100%"" style=""stop-color:#ffffff;stop-opacity:0""/>
    </radialGradient>
  </defs>
  
  <!-- Accessibility Text -->
  <text x=""-100"" y=""-100"" fill=""transparent"">Beer Mug with Beer Coins SVG</text>
</svg>"
72621a2124e5b0f27cab11a405fbd9d0,"<svg xmlns=""http://www.w3.org/2000/svg"" viewBox=""0.0 0.0 200.0 200.0"" height=""200.0px"" width=""200.0px""><path fill=""#921E25"" fill-opacity=""1.0""  filling=""0"" d=""M62.15800094604492 57.097999572753906 L61.297000885009766 57.097999572753906 L61.297000885009766 178.99400329589844 L91.6449966430664 178.99400329589844 L91.6449966430664 58.224998474121094 L76.47100067138672 38.36899948120117 L62.15800094604492 57.097999572753906 Z M74.76799774169922 60.50400161743164 L74.76799774169922 107.9530029296875 L64.7030029296875 158.8070068359375 L64.7030029296875 60.50400161743164 L74.76799774169922 60.50400161743164 Z M88.24400329589844 175.58799743652344 L64.85399627685547 175.58799743652344 L78.13500213623047 108.45099639892578 L78.16600036621094 108.28700256347656 L78.16600036621094 60.50400161743164 L88.2300033569336 60.50400161743164 L88.24400329589844 175.58799743652344 Z M78.17400360107422 57.097999572753906 L66.44499969482422 57.097999572753906 L76.47100067138672 43.979000091552734 L86.49600219726562 57.097999572753906 L78.17400360107422 57.097999572753906 Z M135.12100219726562 36.327999114990234 L131.5229949951172 36.327999114990234 L131.5229949951172 32.0 L128.125 32.0 L128.125 36.327999114990234 L124.38500213623047 36.327999114990234 L112.30500030517578 55.736000061035156 L112.30500030517578 178.99400329589844 L147.33999633789062 178.99400329589844 L147.33999633789062 55.72999954223633 L135.12100219726562 36.327999114990234 Z M133.24000549316406 39.73400115966797 L142.55099487304688 54.51599884033203 L117.0739974975586 54.51599884033203 L126.2770004272461 39.73400115966797 L133.24000549316406 39.73400115966797 Z M115.73600006103516 67.4489974975586 L128.07000732421875 106.98799896240234 L115.73600006103516 161.91400146484375 L115.73600006103516 67.4489974975586 Z M143.9340057373047 175.58599853515625 L116.15399932861328 175.58599853515625 L116.16600036621094 175.53900146484375 L131.49400329589844 107.28700256347656 L131.593994140625 106.84200286865234 L116.41999816894531 58.202999114990234 L116.3280029296875 57.972999572753906 A0.49399998784065247 0.49399998784065247 0.0 0 0 116.30500030517578 57.928001403808594 L143.9340057373047 57.928001403808594 L143.9340057373047 175.58599853515625 Z""></path></svg>"
3d5d85ea2a76724290395124ef144432,"<svg xmlns=""http://www.w3.org/2000/svg"" viewBox=""0.0 0.0 200.0 200.0"" height=""200.0px"" width=""200.0px""><path fill=""#A25DEF"" fill-opacity=""1.0""  filling=""0"" d=""M141.56900024414062 118.7699966430664 A18.41699981689453 18.41699981689453 0.0 0 1 140.01400756835938 119.98500061035156 C139.77099609375 120.16799926757812 139.5229949951172 120.34100341796875 139.2779998779297 120.51899719238281 C103.91799926757812 145.51499938964844 100.32099914550781 174.69500732421875 100.01399993896484 182.4459991455078 L99.9990005493164 182.22300720214844 C97.87699890136719 150.7100067138672 72.46299743652344 129.11599731445312 63.28799819946289 122.31199645996094 A66.66200256347656 66.66200256347656 0.0 1 1 141.56900024414062 118.7699966430664 Z M99.9990005493164 184.4459991455078 C99.9990005493164 184.4459991455078 99.96299743652344 183.72799682617188 100.01399993896484 182.4459991455078 C102.5790023803711 220.57400512695312 99.9990005493164 184.4459991455078 99.9990005493164 184.4459991455078 Z""></path>
<path fill=""#FFFFFF"" fill-opacity=""1.0""  filling=""0"" d=""M99.9990005493164 0.01300048828125 A66.64900207519531 66.64900207519531 0.0 0 1 141.56900024414062 118.7699966430664 A18.41699981689453 18.41699981689453 0.0 0 1 140.01400756835938 119.98500061035156 C139.77099609375 120.16799926757812 139.5229949951172 120.34100341796875 139.2779998779297 120.51899719238281 A122.94999694824219 122.94999694824219 0.0 0 0 132.64100646972656 125.55799865722656 L53.52199935913086 18.9010009765625 A66.427001953125 66.427001953125 0.0 0 1 99.9990005493164 0.01300048828125 Z""></path>
<path fill=""#FFFFFF"" fill-opacity=""1.0""  filling=""0"" d=""M92.66600036621094 24.531997680664062 C92.66600036621094 24.531997680664062 59.97700119018555 41.52899932861328 67.86499786376953 53.667999267578125 C75.75399780273438 65.80699920654297 116.80400085449219 84.58100128173828 76.88899993896484 102.22899627685547 C78.76699829101562 101.8239974975586 121.96199798583984 102.22899627685547 121.96199798583984 102.22899627685547 C121.96199798583984 102.22899627685547 152.572998046875 76.73500061035156 101.67900085449219 56.09600067138672 C61.659000396728516 39.875 112.2509994506836 25.301002502441406 115.19999694824219 24.542999267578125 C115.41500091552734 24.4739990234375 92.66600036621094 24.531997680664062 92.66600036621094 24.531997680664062 Z""></path></svg>"
08c13c16f4d8476b993b5784da3f12a3,"<svg xmlns=""http://www.w3.org/2000/svg"" viewBox=""0.0 0.0 200.0 200.0"" height=""200.0px"" width=""200.0px""><path fill=""#020202"" fill-opacity=""1.0""  filling=""0"" d=""M162.5 87.5 L112.5 87.5 L112.5 37.5 C112.5 30.587501525878906 106.91250610351562 25.0 100.0 25.0 C93.0875015258789 25.0 87.5 30.587501525878906 87.5 37.5 L87.5 87.5 L37.5 87.5 C30.587501525878906 87.5 25.0 93.0875015258789 25.0 100.0 C25.0 106.91250610351562 30.587501525878906 112.5 37.5 112.5 L87.5 112.5 L87.5 162.5 C87.5 169.41250610351562 93.0875015258789 175.0 100.0 175.0 C106.91250610351562 175.0 112.5 169.41250610351562 112.5 162.5 L112.5 112.5 L162.5 112.5 C169.41250610351562 112.5 175.0 106.91250610351562 175.0 100.0 C175.0 93.0875015258789 169.41250610351562 87.5 162.5 87.5 Z""></path></svg>"
7b9efac1b032eb8136bc0f107f0fe6e6,"<svg xmlns=""http://www.w3.org/2000/svg"" viewBox=""0.0 0.0 200.0 200.0"" height=""200.0px"" width=""200.0px""><path fill=""#333333"" fill-opacity=""1.0""  filling=""0"" d=""M179.16700744628906 179.16700744628906 L29.16699981689453 179.16700744628906 C26.66699981689453 179.16700744628906 25.0 177.5 25.0 175.0 C25.0 172.5 26.66699981689453 170.83299255371094 29.16699981689453 170.83299255371094 L179.16700744628906 170.83299255371094 C181.66700744628906 170.83299255371094 183.33299255371094 172.5 183.33299255371094 175.0 C183.33299255371094 177.5 181.66700744628906 179.16700744628906 179.16700744628906 179.16700744628906 Z M76.25 145.83299255371094 L45.83300018310547 145.83299255371094 C43.33300018310547 145.83299255371094 41.66699981689453 144.16700744628906 41.66699981689453 141.66700744628906 L41.66699981689453 111.25 C41.66699981689453 110.0 42.08300018310547 109.16699981689453 42.91699981689453 108.33300018310547 L129.16700744628906 22.08300018310547 C130.83299255371094 20.41699981689453 133.33299255371094 20.41699981689453 135.0 22.08300018310547 L165.41700744628906 52.5 C167.08299255371094 54.16699981689453 167.08299255371094 56.66699981689453 165.41700744628906 58.33300018310547 L79.16699981689453 144.58299255371094 C78.33300018310547 145.41700744628906 77.5 145.83299255371094 76.25 145.83299255371094 Z M50.0 137.5 L74.58300018310547 137.5 L156.66700744628906 55.41699981689453 L132.08299255371094 30.83300018310547 L50.0 112.91699981689453 L50.0 137.5 Z""></path></svg>"
a802656c9b712d3db0d6beb1cb1714be,"<svg xmlns=""http://www.w3.org/2000/svg"" viewBox=""0.0 0.0 200.0 200.0"" height=""200.0px"" width=""200.0px""><path fill=""currentColor"" fill-opacity=""1.0""  filling=""0"" d=""M177.49600219726562 121.4990005493164 L157.0800018310547 45.16999816894531 C157.0800018310547 45.16999816894531 155.8300018310547 40.25299835205078 151.0800018310547 42.41999816894531 L104.41600036621094 64.08499908447266 L111.58300018310547 90.7509994506836 L120.66600036621094 124.7490005493164 L120.7490005493164 125.2490005493164 C121.16500091552734 129.1649932861328 117.33200073242188 131.83200073242188 117.33200073242188 131.83200073242188 L101.66699981689453 139.08099365234375 L105.83300018310547 154.8300018310547 L106.16600036621094 155.66400146484375 C106.75 157.0800018310547 108.5 160.66299438476562 112.91600036621094 163.2469940185547 L170.82899475097656 198.8280029296875 C170.82899475097656 198.8280029296875 176.49600219726562 202.2449951171875 175.16200256347656 197.41099548339844 L158.66299438476562 135.7480010986328 L174.16299438476562 128.58200073242188 C174.16299438476562 128.58200073242188 178.82899475097656 126.41500091552734 177.49600219726562 121.4990005493164 Z M114.66600036621094 122.2490005493164 L114.58300018310547 121.7490005493164 L105.16600036621094 86.58399963378906 L99.66699981689453 66.16899871826172 L94.08399963378906 45.41999816894531 L94.08399963378906 45.08599853515625 C94.08399963378906 45.08599853515625 92.75 40.16999816894531 87.08399963378906 36.75400161743164 L29.170997619628906 1.1719970703125 C29.170997619628906 1.1719970703125 23.503997802734375 -2.2440032958984375 24.837997436523438 2.5889968872070312 L41.41999816894531 64.41899871826172 L25.836997985839844 71.66799926757812 C25.836997985839844 71.66799926757812 21.170997619628906 73.83499908447266 22.503997802734375 78.7509994506836 L42.91999816894531 155.0800018310547 C42.91999816894531 155.0800018310547 44.25299835205078 159.9969940185547 48.91999816894531 157.8300018310547 L100.33300018310547 133.9149932861328 L111.16600036621094 128.83200073242188 C111.16600036621094 128.83200073242188 115.4990005493164 126.83200073242188 114.66600036621094 122.2490005493164 Z""></path></svg>"
349f7e64432849df0db439b6249505c2,"<svg xmlns=""http://www.w3.org/2000/svg"" viewBox=""0.0 0.0 200.0 200.0"" height=""200.0px"" width=""200.0px""><path fill=""#444444"" fill-opacity=""1.0"" filling=""0"" d=""M58.333396911621094 58.333396911621094 L175.0 58.333396911621094 L175.0 133.33340454101562 L58.333396911621094 133.33340454101562 L58.333396911621094 150.0 L175.0 150.0 L175.0 158.33340454101562 L50.0 158.33340454101562 L50.0 55.83340072631836 L33.333396911621094 39.16660690307617 L39.16660690307617 33.333396911621094 L58.333396911621094 52.499996185302734 L58.333396911621094 58.333396911621094 Z M58.333396911621094 66.6666030883789 L58.333396911621094 125.0 L166.66659545898438 125.0 L166.66659545898438 66.6666030883789 L58.333396911621094 66.6666030883789 Z M66.6666030883789 175.0 C61.666603088378906 175.0 58.333396911621094 171.66659545898438 58.333396911621094 166.66659545898438 C58.333396911621094 161.66659545898438 61.666603088378906 158.33340454101562 66.6666030883789 158.33340454101562 C71.6666030883789 158.33340454101562 75.0 161.66659545898438 75.0 166.66659545898438 C75.0 171.66659545898438 71.6666030883789 175.0 66.6666030883789 175.0 Z M158.33340454101562 175.0 C153.33340454101562 175.0 150.0 171.66659545898438 150.0 166.66659545898438 C150.0 161.66659545898438 153.33340454101562 158.33340454101562 158.33340454101562 158.33340454101562 C163.33340454101562 158.33340454101562 166.66659545898438 161.66659545898438 166.66659545898438 166.66659545898438 C166.66659545898438 171.66659545898438 163.33340454101562 175.0 158.33340454101562 175.0 Z""></path></svg>"
e578c171a54f34c07c5b55bba5d61300,"<svg xmlns=""http://www.w3.org/2000/svg"" viewBox=""0.0 0.0 200.0 200.0"" height=""200.0px"" width=""200.0px""><path fill=""#333333"" fill-opacity=""1.0""  filling=""0"" d=""M43.75 53.125 C38.4370002746582 53.125 34.375 49.0629997253418 34.375 43.75 C34.375 38.4370002746582 38.4370002746582 34.375 43.75 34.375 C49.0629997253418 34.375 53.125 38.4370002746582 53.125 43.75 C53.125 49.0629997253418 49.0629997253418 53.125 43.75 53.125 Z M156.25 53.125 C150.93800354003906 53.125 146.875 49.0629997253418 146.875 43.75 C146.875 38.4370002746582 150.93800354003906 34.375 156.25 34.375 C161.56199645996094 34.375 165.625 38.4370002746582 165.625 43.75 C165.625 49.0629997253418 161.56199645996094 53.125 156.25 53.125 Z M100.0 168.75 C64.68800354003906 168.75 32.81199645996094 147.5 19.375 115.0 C18.125 111.875 19.688003540039062 108.125 22.811996459960938 106.875 C25.938003540039062 105.625 29.688003540039062 107.18800354003906 30.938003540039062 110.31199645996094 C42.5 138.125 69.68800354003906 156.25 100.0 156.25 C130.31199645996094 156.25 157.5 138.125 169.375 110.0 C170.625 106.875 174.375 105.31199645996094 177.5 106.56199645996094 C180.625 107.81199645996094 182.18800354003906 111.56199645996094 180.93800354003906 114.68800354003906 C167.18800354003906 147.5 135.31199645996094 168.75 100.0 168.75 Z""></path></svg>"
da6187528883b34f87a786adfc557953,"<svg xmlns=""http://www.w3.org/2000/svg"" viewBox=""0.0 0.0 200.0 200.0"" height=""200.0px"" width=""200.0px""><path fill=""#00A0E9"" fill-opacity=""1.0""  filling=""0"" d=""M134.48008728027344 150.54998779296875 L70.28008270263672 150.54998779296875 C66.96991729736328 150.54998779296875 64.28008270263672 147.85997009277344 64.28008270263672 144.5500030517578 C64.28008270263672 141.2400360107422 66.96991729736328 138.54998779296875 70.28008270263672 138.54998779296875 L134.48008728027344 138.54998779296875 C137.7900390625 138.54998779296875 140.48007202148438 141.2400360107422 140.48007202148438 144.5500030517578 C140.48007202148438 147.85997009277344 137.8000030517578 150.54998779296875 134.48008728027344 150.54998779296875 Z""></path>
<path fill=""#F39800"" fill-opacity=""1.0""  filling=""0"" d=""M124.65995788574219 126.60000610351562 C123.69999694824219 126.60000610351562 122.75 126.36991882324219 121.86991882324219 125.90995788574219 L101.95000457763672 115.44003295898438 L82.03007507324219 125.90995788574219 A5.992968559265137 5.992968559265137 0.0 0 1 75.7099609375 125.45000457763672 A6.009961128234863 6.009961128234863 0.0 0 1 73.3199234008789 119.580078125 L77.13008117675781 97.3900375366211 L61.0 81.69003295898438 A6.0009765625 6.0009765625 0.0 0 1 59.48007583618164 75.5400390625 A5.986914157867432 5.986914157867432 0.0 0 1 64.31991577148438 71.4599609375 L86.5999984741211 68.21992492675781 L96.5599594116211 48.03007888793945 C97.5699234008789 45.980079650878906 99.65995788574219 44.69003677368164 101.94003295898438 44.69003677368164 C104.21992492675781 44.69003677368164 106.3099594116211 45.99003601074219 107.31993103027344 48.03007888793945 L117.28007507324219 68.21992492675781 L139.55996704101562 71.4599609375 A5.990039348602295 5.990039348602295 0.0 0 1 144.39999389648438 75.5400390625 A5.980078220367432 5.980078220367432 0.0 0 1 142.8800811767578 81.69003295898438 L126.76992797851562 97.39999389648438 L130.580078125 119.59004211425781 A5.991015434265137 5.991015434265137 0.0 0 1 124.65995788574219 126.60000610351562 Z M101.94003295898438 102.65996551513672 C102.9000015258789 102.65996551513672 103.8599624633789 102.8900375366211 104.7300796508789 103.3499984741211 L116.6900405883789 109.6400375366211 L114.40995788574219 96.330078125 C114.08008575439453 94.38008117675781 114.71992492675781 92.4000015258789 116.14004516601562 91.0199203491211 L125.80995178222656 81.59004211425781 L112.4400405883789 79.6500015258789 A6.010937213897705 6.010937213897705 0.0 0 1 107.919921875 76.36991882324219 L101.94003295898438 64.25995635986328 L95.9599609375 76.36991882324219 C95.09003448486328 78.1400375366211 93.4000015258789 79.36991882324219 91.4400405883789 79.6500015258789 L78.06991577148438 81.59004211425781 L87.74003601074219 91.0199203491211 A6.021093368530273 6.021093368530273 0.0 0 1 89.46992492675781 96.330078125 L87.1900405883789 109.6400375366211 L99.1500015258789 103.3499984741211 C100.0199203491211 102.8900375366211 100.9800796508789 102.65996551513672 101.94003295898438 102.65996551513672 Z""></path>
<path fill=""#00A0E9"" fill-opacity=""1.0""  filling=""0"" d=""M145.4499969482422 183.98008728027344 L57.99003982543945 183.98008728027344 C35.480079650878906 183.98008728027344 17.169921875 165.669921875 17.169921875 143.1599578857422 L17.169921875 54.80996322631836 C17.169921875 32.30000305175781 35.480079650878906 13.990036010742188 57.99003982543945 13.990036010742188 L145.4499969482422 13.990036010742188 C167.9599609375 13.990036010742188 186.26992797851562 32.30000305175781 186.26992797851562 54.80996322631836 L186.26992797851562 143.14999389648438 C186.26992797851562 165.65997314453125 167.9599609375 183.98008728027344 145.4499969482422 183.98008728027344 Z M57.99003982543945 25.990036010742188 C42.099998474121094 25.990036010742188 29.169921875 38.919925689697266 29.169921875 54.80996322631836 L29.169921875 143.14999389648438 C29.169921875 159.0400390625 42.099998474121094 171.9699249267578 57.99003982543945 171.9699249267578 L145.4499969482422 171.9699249267578 C161.34002685546875 171.9699249267578 174.26992797851562 159.0400390625 174.26992797851562 143.14999389648438 L174.26992797851562 54.80996322631836 C174.26992797851562 38.919925689697266 161.34002685546875 25.990036010742188 145.4499969482422 25.990036010742188 L57.99003982543945 25.990036010742188 Z""></path></svg>"
b84924bd560d42becb4bde638d5a721f,"<svg height=""128"" viewBox=""0 0 1024 1024"" width=""128"" xmlns=""http://www.w3.org/2000/svg""><path d=""m512 128l288 320h-576zm-288 448h576l-288 320z""/></svg>"
2391d53e06ffc3fb8fd335429b75ce9c,"<svg xmlns=""http://www.w3.org/2000/svg"" viewBox=""0.0 0.0 200.0 200.0"" height=""200.0px"" width=""200.0px""><path fill=""currentColor"" fill-opacity=""1.0""  filling=""0"" d=""M180.468994140625 12.5 L19.53099822998047 12.5 C8.75 12.5 0.0 21.25 0.0 32.03099822998047 L0.0 142.968994140625 C0.0 153.75 8.75 162.5 19.53099822998047 162.5 L93.75 162.5 L93.75 175.0 L43.75 175.0 C40.292999267578125 175.0 37.5 177.79299926757812 37.5 181.25 C37.5 184.70700073242188 40.292999267578125 187.5 43.75 187.5 L156.25 187.5 C159.70700073242188 187.5 162.5 184.70700073242188 162.5 181.25 C162.5 177.79299926757812 159.70700073242188 175.0 156.25 175.0 L106.25 175.0 L106.25 162.5 L180.468994140625 162.5 C191.25 162.5 200.0 153.75 200.0 142.968994140625 L200.0 32.03099822998047 C200.0 21.25 191.25 12.5 180.468994140625 12.5 Z M187.5 142.968994140625 C187.5 146.85499572753906 184.35499572753906 150.0 180.468994140625 150.0 L19.53099822998047 150.0 C15.645004272460938 150.0 12.5 146.85499572753906 12.5 142.968994140625 L12.5 32.03099822998047 C12.5 28.145004272460938 15.645004272460938 25.0 19.53099822998047 25.0 L180.468994140625 25.0 C184.35499572753906 25.0 187.5 28.145004272460938 187.5 32.03099822998047 L187.5 142.968994140625 Z""></path>
<path fill=""currentColor"" fill-opacity=""1.0""  filling=""0"" d=""M160.09800720214844 131.69900512695312 A7.421999931335449 7.421999931335449 0.0 1 0 174.9409942626953 131.69900512695312 A7.421999931335449 7.421999931335449 0.0 1 0 160.09800720214844 131.69900512695312 Z""></path></svg>"
1fb2fc7afab9adb52a5f1fb0daefa0fe,"<svg xmlns=""http://www.w3.org/2000/svg"" viewBox=""0.0 0.0 200.0 200.0"" height=""200.0px"" width=""200.0px""><path fill=""#000000"" fill-opacity=""1.0""  filling=""0"" d=""M182.91700744628906 69.16699981689453 L174.16700744628906 30.83300018310547 L166.25 32.5 L172.08299255371094 57.08300018310547 C154.16700744628906 37.5 128.33299255371094 25.0 100.0 25.0 C71.66699981689453 25.0 46.66699981689453 37.08300018310547 28.75 56.66699981689453 L34.16699981689453 32.91699981689453 L26.25 30.83300018310547 L17.5 69.16699981689453 C17.08300018310547 70.41699981689453 17.5 72.08300018310547 18.75 72.91699981689453 C19.58300018310547 73.75 21.25 74.16699981689453 22.5 74.16699981689453 L60.83300018310547 65.41699981689453 L59.16699981689453 57.5 L34.58300018310547 63.33300018310547 C50.41699981689453 44.58300018310547 73.75 33.33300018310547 100.0 33.33300018310547 C125.83300018310547 33.33300018310547 149.16700744628906 44.58300018310547 165.41700744628906 62.91699981689453 L141.66700744628906 57.08300018310547 L140.0 65.0 L178.33299255371094 73.75 C179.58299255371094 74.16699981689453 181.25 73.75 182.08299255371094 72.5 C182.91700744628906 72.08300018310547 183.33299255371094 70.41699981689453 182.91700744628906 69.16699981689453 Z M150.0 91.66699981689453 C150.0 90.41699981689453 149.16700744628906 89.16699981689453 148.33299255371094 88.33300018310547 C148.33299255371094 88.33300018310547 147.91700744628906 87.91699981689453 147.5 87.91699981689453 C147.08299255371094 87.5 145.83299255371094 87.08300018310547 145.0 86.25 C142.91700744628906 85.0 139.58299255371094 83.33300018310547 135.0 81.66699981689453 C126.66699981689453 78.33300018310547 114.58300018310547 75.0 100.41699981689453 75.0 C86.25 75.0 74.16699981689453 78.33300018310547 65.83300018310547 81.66699981689453 C61.66699981689453 83.33300018310547 58.33300018310547 85.0 55.83300018310547 86.25 C54.58300018310547 86.66699981689453 53.75 87.5 53.33300018310547 87.91699981689453 C52.91699981689453 87.91699981689453 52.91699981689453 88.33300018310547 52.5 88.33300018310547 C50.83300018310547 89.16699981689453 50.0 90.41699981689453 50.0 91.66699981689453 L50.0 145.83299255371094 L54.16699981689453 145.83299255371094 L54.16699981689453 170.83299255371094 C54.16699981689453 173.33299255371094 55.83300018310547 175.0 58.33300018310547 175.0 L141.66700744628906 175.0 C144.16700744628906 175.0 145.83299255371094 173.33299255371094 145.83299255371094 170.83299255371094 L145.83299255371094 145.83299255371094 L150.0 145.83299255371094 L150.0 91.66699981689453 Z M137.5 166.66700744628906 L62.5 166.66700744628906 L62.5 97.91699981689453 C62.91699981689453 97.91699981689453 62.91699981689453 97.5 63.33300018310547 97.5 C65.0 96.25 67.91699981689453 95.0 71.25 93.33300018310547 C78.33300018310547 90.41699981689453 87.91699981689453 87.5 100.0 87.5 C112.08300018310547 87.5 121.66699981689453 90.41699981689453 128.75 93.33300018310547 C132.08299255371094 95.0 135.0 96.25 136.66700744628906 97.5 C137.08299255371094 97.91699981689453 137.5 97.91699981689453 137.5 97.91699981689453 L137.5 166.66700744628906 Z""></path>
<path fill=""#000000"" fill-opacity=""1.0""  filling=""0"" d=""M100.0 120.83300018310547 C95.41699981689453 120.83300018310547 91.66699981689453 124.58300018310547 91.66699981689453 129.16700744628906 C91.66699981689453 133.75 95.41699981689453 137.5 100.0 137.5 C104.58300018310547 137.5 108.33300018310547 133.75 108.33300018310547 129.16700744628906 C108.33300018310547 124.58300018310547 104.58300018310547 120.83300018310547 100.0 120.83300018310547 Z M83.33300018310547 129.16700744628906 C83.33300018310547 120.0 90.83300018310547 112.5 100.0 112.5 C109.16699981689453 112.5 116.66699981689453 120.0 116.66699981689453 129.16700744628906 C116.66699981689453 138.33299255371094 109.16699981689453 145.83299255371094 100.0 145.83299255371094 C90.83300018310547 145.83299255371094 83.33300018310547 138.33299255371094 83.33300018310547 129.16700744628906 Z""></path></svg>"
bd62059c6dddc7fc2566d415cdcf6b86,"<svg xmlns=""http://www.w3.org/2000/svg"" viewBox=""0.0 0.0 200.0 200.0"" height=""200.0px"" width=""200.0px""><path fill=""currentColor"" fill-opacity=""1.0""  filling=""0"" d=""M177.86900329589844 41.393001556396484 C171.6020050048828 34.23199462890625 162.82000732421875 29.27300262451172 152.76600646972656 27.933998107910156 C135.25399780273438 25.597999572753906 117.62699890136719 24.43199920654297 100.0 24.43199920654297 C82.37300109863281 24.43199920654297 64.74600219726562 25.597999572753906 47.23400115966797 27.933998107910156 C27.126998901367188 30.61499786376953 12.109001159667969 47.768001556396484 12.109001159667969 68.0530014038086 L12.109001159667969 131.94700622558594 C12.109001159667969 142.08999633789062 15.862998962402344 151.44900512695312 22.130996704101562 158.60699462890625 C28.39800262451172 165.76800537109375 37.18000030517578 170.7270050048828 47.23400115966797 172.0659942626953 A399.2179870605469 399.2179870605469 0.0 0 0 152.76600646972656 172.0659942626953 C172.8730010986328 169.38499450683594 187.89100646972656 152.23199462890625 187.89100646972656 131.94700622558594 L187.89100646972656 68.0530014038086 C187.89100646972656 57.90999984741211 184.13699340820312 48.55099868774414 177.86900329589844 41.393001556396484 Z M119.09200286865234 140.09800720214844 C112.3030014038086 142.2480010986328 103.2770004272461 143.94500732421875 91.70500183105469 143.94500732421875 C77.06099700927734 143.94500732421875 65.13500213623047 141.2270050048828 56.56100082397461 138.31199645996094 C47.53300094604492 135.24600219726562 42.2599983215332 125.91600036621094 44.1619987487793 116.5739974975586 C49.757999420166016 89.08599853515625 56.737998962402344 61.91400146484375 72.7750015258789 61.91400146484375 C85.3949966430664 61.91400146484375 98.01599884033203 99.7750015258789 98.01599884033203 99.7750015258789 C98.01599884033203 99.7750015258789 98.01599884033203 80.84400177001953 110.63500213623047 80.84400177001953 C118.66200256347656 80.84400177001953 126.69100189208984 101.27100372314453 131.4709930419922 116.13700103759766 C134.7050018310547 126.1989974975586 129.16799926757812 136.906005859375 119.09200286865234 140.09800720214844 Z M152.73399353027344 79.49199676513672 C146.26199340820312 79.49199676513672 141.01600646972656 74.24600219726562 141.01600646972656 67.77300262451172 C141.01600646972656 61.30099868774414 146.26199340820312 56.05500030517578 152.73399353027344 56.05500030517578 C159.20700073242188 56.05500030517578 164.4530029296875 61.30099868774414 164.4530029296875 67.77300262451172 C164.4530029296875 74.24600219726562 159.20700073242188 79.49199676513672 152.73399353027344 79.49199676513672 Z""></path></svg>"
53c93380b8d336542d7d4d4fdd7e3df0,"<svg xmlns=""http://www.w3.org/2000/svg"" viewBox=""0.0 0.0 200.0 200.0"" height=""200.0px"" width=""200.0px""><path fill=""currentColor"" fill-opacity=""1.0""  filling=""0"" d=""M137.8159942626953 73.13999938964844 A4.0 4.0 0.0 0 0 137.76400756835938 66.53600311279297 L97.76399993896484 39.68000030517578 A4.007999897003174 4.007999897003174 0.0 0 0 93.6520004272461 39.46799850463867 A4.01200008392334 4.01200008392334 0.0 0 0 91.53600311279297 43.0 L91.53600311279297 95.5999984741211 L87.23600006103516 98.59200286865234 L57.84400177001953 77.8280029296875 A4.0 4.0 0.0 1 0 53.2239990234375 84.36000061035156 L80.24800109863281 103.4520034790039 L53.24800109863281 122.23600006103516 A4.007999897003174 4.007999897003174 0.0 0 0 57.81999969482422 128.80799865722656 L87.19999694824219 108.36399841308594 L91.53600311279297 111.4280014038086 L91.53600311279297 163.0 A3.992000102996826 3.992000102996826 0.0 0 0 95.53600311279297 167.0 C96.28399658203125 167.0 97.02799987792969 166.79200744628906 97.68000030517578 166.3800048828125 L137.67999267578125 140.99200439453125 A4.0 4.0 0.0 0 0 137.843994140625 134.34800720214844 L99.53600311279297 107.27999877929688 L99.53600311279297 99.7760009765625 L137.8159942626953 73.13999938964844 Z M99.53199768066406 50.50400161743164 L128.44400024414062 69.91600036621094 L99.53199768066406 90.03199768066406 L99.53199768066406 50.50400161743164 Z M128.34800720214844 137.4320068359375 L99.53199768066406 155.72000122070312 L99.53199768066406 117.08000183105469 L128.34800720214844 137.4320068359375 Z""></path></svg>"
06dac9a2b00ae93b160a9fd33ff275f1,"<svg xmlns=""http://www.w3.org/2000/svg"" viewBox=""0.0 0.0 200.0 200.0"" height=""200.0px"" width=""200.0px""><path fill=""currentColor"" fill-opacity=""1.0""  filling=""0"" d=""M100.0 182.91700744628906 L29.16699981689453 112.08300018310547 C12.5 95.41699981689453 12.5 67.91699981689453 29.16699981689453 50.83300018310547 C46.25 33.75 73.33300018310547 33.75 90.41699981689453 50.83300018310547 L100.0 60.41699981689453 L109.58300018310547 50.83300018310547 C126.66699981689453 33.75 153.75 33.75 170.83299255371094 50.83300018310547 C187.91700744628906 67.91699981689453 187.91700744628906 95.0 170.83299255371094 112.08300018310547 L100.0 182.91700744628906 Z""></path></svg>"
7dc444501e5eae3d56e2166fd6dbfdba,"<svg xmlns=""http://www.w3.org/2000/svg"" viewBox=""0.0 0.0 200.0 200.0"" height=""200.0px"" width=""200.0px""><path fill=""#E50012"" fill-opacity=""1.0""  filling=""0"" d=""M26.73125457763672 30.470123291015625 L91.82500457763672 3.4191436767578125 C97.38749694824219 1.6833953857421875 102.8499984741211 1.6833953857421875 108.4126968383789 3.4191436767578125 L173.50645446777344 30.470123291015625 C188.1806640625 37.17851638793945 191.26229858398438 45.72832107543945 190.80624389648438 60.408203125 C190.89511108398438 64.0347671508789 190.8507843017578 67.361328125 190.71737670898438 69.3861312866211 C186.7009735107422 129.25645446777344 150.11016845703125 179.1865234375 100.31367492675781 197.88241577148438 L100.1246109008789 197.8044891357422 L99.9244155883789 197.88241577148438 C50.12773132324219 179.1865234375 13.525588989257812 129.25645446777344 9.5205078125 69.3861312866211 C8.396873474121094 51.94160461425781 8.708396911621094 38.70820236206055 26.73125457763672 30.470123291015625 Z M99.7574234008789 27.338279724121094 L99.7574234008789 171.994140625 L99.94648742675781 172.0720672607422 L100.0912094116211 172.0107421875 L100.23573303222656 172.0720672607422 C136.326171875 157.15878295898438 163.04901123046875 104.6865234375 165.7080078125 77.46308898925781 C167.04296875 54.890037536621094 168.578125 54.266990661621094 154.12655639648438 48.809959411621094 L104.11836242675781 28.144920349121094 C102.126953125 27.633010864257812 100.78085327148438 27.388282775878906 99.7574234008789 27.338279724121094 Z""></path></svg>"
c9497e732d693769be0341de77468546,"<svg xmlns=""http://www.w3.org/2000/svg"" viewBox=""0.0 0.0 200.0 200.0"" height=""200.0px"" width=""200.0px""><path fill=""#41DAB2"" fill-opacity=""1.0""  filling=""0"" d=""M64.00996398925781 18.030075073242188 L136.71990966796875 18.030075073242188 C182.81991577148438 18.030075073242188 182.81991577148438 18.030075073242188 182.81991577148438 64.13008117675781 L182.81991577148438 136.84002685546875 C182.81991577148438 182.94003295898438 182.81991577148438 182.94003295898438 136.71990966796875 182.94003295898438 L64.00996398925781 182.94003295898438 C17.90996551513672 182.94003295898438 17.90996551513672 182.94003295898438 17.90996551513672 136.84002685546875 L17.90996551513672 64.13008117675781 C17.90996551513672 18.030075073242188 17.90996551513672 18.030075073242188 64.00996398925781 18.030075073242188 Z""></path>
<path fill=""#64DFBF"" fill-opacity=""1.0""  filling=""0"" d=""M59.56991958618164 63.730079650878906 A71.5400390625 71.5400390625 0.0 0 0 17.90996551513672 77.0599594116211 L17.90996551513672 136.84002685546875 A46.099998474121094 46.099998474121094 0.0 0 0 64.0 182.94003295898438 L113.60000610351562 182.94003295898438 A71.84004211425781 71.84004211425781 0.0 0 0 59.60000228881836 63.730079650878906 L59.56991958618164 63.730079650878906 Z""></path>
<path fill=""#B5EFE1"" fill-opacity=""1.0""  filling=""0"" d=""M148.89004516601562 147.19003295898438 L148.89004516601562 91.919921875 A7.199999809265137 7.199999809265137 0.0 0 0 141.69003295898438 84.71991729736328 L119.69003295898438 84.71991729736328 L119.69003295898438 147.169921875 L148.89004516601562 147.19003295898438 Z M129.76992797851562 96.84004211425781 L141.76992797851562 96.84004211425781 L141.76992797851562 107.84003448486328 L129.76992797851562 107.84003448486328 L129.76992797851562 96.84004211425781 Z M129.76992797851562 124.04999542236328 L141.76992797851562 124.04999542236328 L141.76992797851562 135.0500030517578 L129.76992797851562 135.0500030517578 L129.76992797851562 124.04999542236328 Z""></path>
<path fill=""#FFFFFF"" fill-opacity=""1.0""  filling=""0"" d=""M154.64004516601562 143.2599639892578 L120.40996551513672 143.2599639892578 L120.40996551513672 52.61992263793945 A8.0 8.0 0.0 0 0 112.40995788574219 44.61991882324219 L62.669921875 44.61991882324219 A8.0 8.0 0.0 0 0 54.669921875 52.61992263793945 L54.669921875 143.2599639892578 L47.359962463378906 143.2599639892578 A4.599999904632568 4.599999904632568 0.0 0 0 42.71992492675781 147.2599639892578 A4.4599609375 4.4599609375 0.0 0 0 47.169921875 152.169921875 L154.830078125 152.169921875 A4.4599609375 4.4599609375 0.0 0 0 159.2800750732422 147.2599639892578 A4.599999904632568 4.599999904632568 0.0 0 0 154.64004516601562 143.2599639892578 Z M82.88008117675781 127.0 L69.88008117675781 127.0 L69.88008117675781 116.0 L82.88008117675781 116.0 L82.88008117675781 127.0 Z M82.88008117675781 100.74003601074219 L69.88008117675781 100.74003601074219 L69.88008117675781 89.74003601074219 L82.88008117675781 89.74003601074219 L82.88008117675781 100.74003601074219 Z M82.88008117675781 73.5400390625 L69.88008117675781 73.5400390625 L69.88008117675781 62.540035247802734 L82.88008117675781 62.540035247802734 L82.88008117675781 73.5400390625 Z M105.24003601074219 127.0 L90.24003601074219 127.0 L90.24003601074219 116.0 L105.24003601074219 116.0 L105.24003601074219 127.0 Z M105.24003601074219 100.74003601074219 L90.24003601074219 100.74003601074219 L90.24003601074219 89.74003601074219 L105.24003601074219 89.74003601074219 L105.24003601074219 100.74003601074219 Z M105.24003601074219 73.5400390625 L90.24003601074219 73.5400390625 L90.24003601074219 62.540035247802734 L105.24003601074219 62.540035247802734 L105.24003601074219 73.5400390625 Z""></path></svg>"
066676c0-8181-4092-a6c0-29c7ce8342d5,"<svg fill=""none"" height=""128"" viewBox=""0 0 128 128"" width=""128"" xmlns=""http://www.w3.org/2000/svg"" xmlns:xlink=""http://www.w3.org/1999/xlink""><clipPath id=""a""><path d=""m0 0h128v128h-128z""/></clipPath><g clip-path=""url(#a)""><path d=""m42.93 37.01c.48-.26.91-.58 1.28-.96l15.79-16.69v56.64c0 1.01.37 2.03 1.12 2.83.8.74 1.81 1.17 2.88 1.17 1.01 0 2.03-.43 2.83-1.17.74-.8 1.17-1.82 1.17-2.83v-56.64l15.73 16.69c.75.75 1.71 1.18 2.78 1.18 1.06.05 2.08-.38 2.82-1.07.75-.75 1.23-1.71 1.23-2.77.05-1.02-.32-2.03-1.01-2.83l-22.67-24c-.37-.37-.8-.69-1.33-.91-.48-.21-1.02-.32-1.55-.32-.59 0-1.12.11-1.6.32-.53.22-.96.54-1.33.91l-22.67 24c-.37.37-.69.85-.85 1.33-.22.48-.32 1.02-.32 1.55.05.53.16 1.07.37 1.55s.53.9.91 1.28c.37.37.85.64 1.33.85.48.16 1.01.27 1.55.27.53-.06 1.06-.16 1.54-.38m-18.93 25.66c0-3.68 2.99-6.67 6.67-6.67h14.66c1.02 0 2.03-.43 2.83-1.17.75-.8 1.17-1.82 1.17-2.83 0-1.07-.42-2.08-1.17-2.88-.8-.75-1.81-1.12-2.83-1.12h-14.66c-3.9 0-7.63 1.49-10.4 4.27-2.78 2.77-4.27 6.5-4.27 10.4v45.33c0 3.84 1.49 7.57 4.27 10.35 2.77 2.77 6.5 4.32 10.4 4.32h66.66c3.84 0 7.58-1.55 10.35-4.32 2.77-2.78 4.32-6.51 4.32-10.35v-45.33c0-3.9-1.55-7.63-4.32-10.4-2.77-2.78-6.51-4.27-10.35-4.27h-14.66c-1.07 0-2.08.37-2.88 1.12-.75.8-1.12 1.81-1.12 2.88 0 1.01.37 2.03 1.12 2.83.8.74 1.81 1.17 2.88 1.17h14.66c3.63 0 6.67 2.99 6.67 6.67v45.33c0 3.63-3.04 6.67-6.67 6.67h-66.66c-3.68 0-6.67-3.04-6.67-6.67z"" fill=""#000000"" fill-rule=""evenodd""/></g></svg>"
08c4fe4b67eb5bde0560c776797a0b30,"<svg height=""128"" viewBox=""0 0 32 32"" width=""128"" xmlns=""http://www.w3.org/2000/svg""><path d=""m16.8 7.7c.9 0 1.8.4 2.4 1.1s1.5 1.1 2.5 1.1 1.9-.4 2.5-1.1.8-1.5.7-2.4c-.2-1.4-1.7-2.5-3.5-2.4-1.7.1-3.3.7-4.5 1.8l-.7.7c-.2.2-.3.5-.1.8.1.3.4.4.7.4z""/><path d=""m17.5 19.2-3.7-2.3 4.6-4 1.9 1.9c.2.2.4.3.7.3h5c.6 0 1-.4 1-1s-.4-1-1-1h-4.6l-2.9-2.9c-1.4-1.4-3.6-1.5-5.1-.2l-3.5 3c-.6.4-.9 1.2-.8 2s.5 1.5 1.2 2l5.6 3.5-1.8 5.3c-.2.5.1 1.1.6 1.3.1 0 .2.1.3.1.4 0 .8-.3.9-.7l2-6c.2-.6 0-1.1-.4-1.3z""/><path d=""m6 18c-3.3 0-6 2.7-6 6s2.7 6 6 6 6-2.7 6-6-2.7-6-6-6zm0 7c-.6 0-1-.5-1-1s.5-1 1-1 1 .5 1 1-.4 1-1 1z""/><path d=""m26 18c-3.3 0-6 2.7-6 6s2.7 6 6 6 6-2.7 6-6-2.7-6-6-6zm0 7c-.6 0-1-.5-1-1s.5-1 1-1 1 .5 1 1-.4 1-1 1z""/></svg>"
aad6f0ae0528efb062bf9b084cf8fbbe,"<svg xmlns=""http://www.w3.org/2000/svg"" viewBox=""0.0 0.0 200.0 200.0"" height=""200.0px"" width=""200.0px""><path fill=""#242424"" fill-opacity=""1.0""  filling=""0"" d=""M15.020004272460938 109.08200073242188 L38.71099853515625 109.08200073242188 C43.125 109.08200073242188 46.71900177001953 105.50800323486328 46.71900177001953 101.0739974975586 C46.71900177001953 96.66000366210938 43.14500045776367 93.06600189208984 38.71099853515625 93.06600189208984 L15.020004272460938 93.06600189208984 C10.604995727539062 93.06600189208984 7.012001037597656 96.64099884033203 7.012001037597656 101.0739974975586 C7.012001037597656 105.48799896240234 10.604995727539062 109.08200073242188 15.020004272460938 109.08200073242188 Z M183.53500366210938 31.36700439453125 L161.58200073242188 31.36700439453125 L161.58200073242188 26.48400115966797 L161.58200073242188 26.191001892089844 L161.58200073242188 25.66400146484375 C161.58200073242188 13.887001037597656 152.031005859375 4.33599853515625 140.25399780273438 4.33599853515625 C128.4770050048828 4.33599853515625 118.9260025024414 13.887001037597656 118.9260025024414 25.66400146484375 L118.9260025024414 45.89799880981445 C118.9260025024414 46.27000045776367 118.94499969482422 46.64099884033203 119.00399780273438 46.992000579833984 C119.9219970703125 57.93000030517578 129.08200073242188 66.50399780273438 140.25399780273438 66.50399780273438 C151.3090057373047 66.50399780273438 160.39100646972656 58.10499954223633 161.46499633789062 47.34400177001953 L183.53500366210938 47.34400177001953 C187.94900512695312 47.34400177001953 191.54299926757812 43.77000045776367 191.54299926757812 39.33599853515625 C191.54299926757812 34.941001892089844 187.94900512695312 31.36700439453125 183.53500366210938 31.36700439453125 Z M183.53500366210938 154.80499267578125 L161.58200073242188 154.80499267578125 L161.58200073242188 154.218994140625 L161.58200073242188 153.92599487304688 L161.58200073242188 153.3979949951172 C161.58200073242188 141.62100219726562 152.031005859375 132.07000732421875 140.25399780273438 132.07000732421875 C128.4770050048828 132.07000732421875 118.9260025024414 141.62100219726562 118.9260025024414 153.3979949951172 L118.9260025024414 173.63299560546875 C118.9260025024414 174.00399780273438 118.94499969482422 174.375 119.00399780273438 174.7270050048828 C119.9219970703125 185.66400146484375 129.08200073242188 194.23800659179688 140.25399780273438 194.23800659179688 C151.42599487304688 194.23800659179688 160.58599853515625 185.64500427246094 161.50399780273438 174.7270050048828 C161.56199645996094 174.375 161.58200073242188 174.00399780273438 161.58200073242188 173.63299560546875 L161.58200073242188 170.781005859375 L183.53500366210938 170.781005859375 C187.94900512695312 170.781005859375 191.54299926757812 167.20700073242188 191.54299926757812 162.7729949951172 C191.54299926757812 158.37899780273438 187.94900512695312 154.80499267578125 183.53500366210938 154.80499267578125 Z M98.69100189208984 154.80499267578125 L15.020004272460938 154.80499267578125 C10.604995727539062 154.80499267578125 7.012001037597656 158.37899780273438 7.012001037597656 162.81199645996094 C7.012001037597656 167.2270050048828 10.58599853515625 170.82000732421875 15.020004272460938 170.82000732421875 L98.69100189208984 170.82000732421875 C103.1050033569336 170.82000732421875 106.6989974975586 167.24600219726562 106.6989974975586 162.81199645996094 C106.6989974975586 158.37899780273438 103.1050033569336 154.80499267578125 98.69100189208984 154.80499267578125 Z M15.020004272460938 47.362998962402344 L98.69100189208984 47.362998962402344 C103.1050033569336 47.362998962402344 106.6989974975586 43.78900146484375 106.6989974975586 39.35499954223633 C106.6989974975586 34.941001892089844 103.125 31.347999572753906 98.69100189208984 31.347999572753906 L15.020004272460938 31.347999572753906 C10.604995727539062 31.347999572753906 7.012001037597656 34.9219970703125 7.012001037597656 39.35499954223633 C7.012001037597656 43.77000045776367 10.604995727539062 47.362998962402344 15.020004272460938 47.362998962402344 Z M183.53500366210938 93.08599853515625 L99.49199676513672 93.08599853515625 L99.49199676513672 92.12899780273438 L99.49199676513672 91.83599853515625 L99.49199676513672 91.30899810791016 C99.49199676513672 79.53099822998047 89.94100189208984 69.9800033569336 78.16400146484375 69.9800033569336 C66.38700103759766 69.9800033569336 56.83599853515625 79.53099822998047 56.83599853515625 91.30899810791016 L56.83599853515625 111.54299926757812 C56.83599853515625 111.91400146484375 56.85499954223633 112.28500366210938 56.91400146484375 112.63700103759766 C57.832000732421875 123.5739974975586 66.99199676513672 132.1479949951172 78.16400146484375 132.1479949951172 C89.33599853515625 132.1479949951172 98.49600219726562 123.55500030517578 99.41400146484375 112.63700103759766 C99.4729995727539 112.28500366210938 99.49199676513672 111.91400146484375 99.49199676513672 111.54299926757812 L99.49199676513672 109.06300354003906 L183.53500366210938 109.06300354003906 C187.94900512695312 109.06300354003906 191.54299926757812 105.48799896240234 191.54299926757812 101.05500030517578 C191.54299926757812 96.66000366210938 187.94900512695312 93.08599853515625 183.53500366210938 93.08599853515625 Z""></path></svg>"
bd1c691a8b93a5902b8e608009409b26,"<svg xmlns=""http://www.w3.org/2000/svg"" viewBox=""0.0 0.0 200.0 200.0"" height=""200.0px"" width=""200.0px""><path fill=""#C6C6C6"" fill-opacity=""1.0""  filling=""0"" d=""M200.0 177.35000610351562 C200.0 177.35000610351562 180.83700561523438 69.01200103759766 83.33699798583984 69.01200103759766 L83.33699798583984 27.337997436523438 L0.0 102.33799743652344 L83.33699798583984 172.33700561523438 L83.33699798583984 124.2750015258789 C136.25 124.2750015258789 172.39999389648438 128.89999389648438 200.0 177.35000610351562 L200.0 177.35000610351562 Z""></path></svg>"
68576ccc57bb97748fa1cbe13f37d971,"<svg xmlns=""http://www.w3.org/2000/svg"" viewBox=""0.0 0.0 200.0 200.0"" height=""200.0px"" width=""200.0px""><path fill=""currentColor"" fill-opacity=""1.0""  filling=""0"" d=""M45.36899948120117 100.76399993896484 C45.520999908447266 99.54199981689453 45.67399978637695 98.31999969482422 45.97999954223633 97.0979995727539 C49.49300003051758 82.12799835205078 67.36499786376953 76.322998046875 78.9749984741211 86.40499877929688 C79.89099884033203 87.16799926757812 80.50199890136719 87.16799926757812 81.41899871826172 86.70999908447266 C90.73699951171875 82.43299865722656 99.9020004272461 78.30899810791016 109.22100067138672 74.03199768066406 L110.13700103759766 73.572998046875 C106.7770004272461 59.82500076293945 116.09400177001953 50.50699996948242 124.19100189208984 48.36800003051758 C133.9669952392578 45.77199935913086 144.0489959716797 50.50699996948242 148.17300415039062 59.672000885009766 C152.29800415039062 68.83799743652344 148.93699645996094 79.53099822998047 140.53599548339844 84.87699890136719 C132.13400268554688 90.2239990234375 120.21900177001953 89.00199890136719 113.19200134277344 79.68299865722656 C103.56900024414062 84.11299896240234 93.79199981689453 88.54299926757812 84.01599884033203 92.9729995727539 C86.61299896240234 98.93099975585938 86.61299896240234 104.73500061035156 83.70999908447266 110.69300079345703 C93.48699951171875 115.12300109863281 103.11000061035156 119.5530014038086 112.73400115966797 124.13500213623047 C120.06600189208984 113.74800109863281 133.0500030517578 113.13700103759766 141.14700317382812 118.63600158691406 C149.39500427246094 124.28800201416016 152.29800415039062 135.13400268554688 147.8679962158203 144.14599609375 C143.59100341796875 153.15899658203125 133.3560028076172 157.58900451660156 123.73200225830078 154.68699645996094 C115.1780014038086 152.08999633789062 107.23500061035156 143.07699584960938 109.83200073242188 130.3990020751953 C109.37300109863281 130.09300231933594 108.76200103759766 129.94000244140625 108.30400085449219 129.63499450683594 L80.3499984741211 116.8030014038086 C79.58599853515625 116.49800109863281 79.27999877929688 116.49800109863281 78.51699829101562 116.95600128173828 C72.40599822998047 121.84400177001953 65.68499755859375 123.21900177001953 58.35300064086914 120.46900177001953 C51.020999908447266 117.72000122070312 46.74300003051758 112.22100067138672 45.36899948120117 104.43000030517578 C45.215999603271484 103.81900024414062 45.215999603271484 103.05500030517578 45.0629997253418 102.44400024414062 C45.36899948120117 101.98600006103516 45.36899948120117 101.375 45.36899948120117 100.76399993896484 Z M143.28500366210938 67.9209976196289 C143.28500366210938 60.43600082397461 137.3280029296875 54.479000091552734 129.84300231933594 54.479000091552734 C122.35800170898438 54.479000091552734 116.4000015258789 60.43600082397461 116.4000015258789 67.9209976196289 C116.4000015258789 75.40599822998047 122.51000213623047 81.51699829101562 129.84300231933594 81.51699829101562 C137.1750030517578 81.36399841308594 143.28500366210938 75.40599822998047 143.28500366210938 67.9209976196289 Z M79.12799835205078 101.52799987792969 C79.12799835205078 94.04299926757812 73.16999816894531 88.08499908447266 65.53199768066406 88.08499908447266 C58.047000885009766 88.08499908447266 52.09000015258789 94.19499969482422 52.09000015258789 101.52799987792969 C52.09000015258789 109.01300048828125 58.20000076293945 115.12300109863281 65.53199768066406 115.12300109863281 C73.16999816894531 115.12300109863281 79.12799835205078 109.01300048828125 79.12799835205078 101.52799987792969 Z M129.69000244140625 121.84400177001953 C122.20500183105469 121.84400177001953 116.09400177001953 127.9540023803711 116.24700164794922 135.28700256347656 C116.24700164794922 142.61900329589844 122.35800170898438 148.72900390625 129.69000244140625 148.72900390625 C137.1750030517578 148.72900390625 143.28500366210938 142.77200317382812 143.28500366210938 135.28700256347656 C143.28500366210938 127.9540023803711 137.3280029296875 121.84400177001953 129.69000244140625 121.84400177001953 Z""></path></svg>"
d46706e4afd71b39bf6c7715fac7ce49,"<svg xmlns=""http://www.w3.org/2000/svg"" viewBox=""0.0 0.0 200.0 200.0"" height=""200.0px"" width=""200.0px""><path fill="""" fill-opacity=""1.0""  filling=""0"" d=""M110.29296875 44.94140625 L110.29296875 156.8359375 L122.01171875 156.8359375 L126.93359375 170.78125 L147.71484375 156.8359375 L173.3984375 156.8359375 L173.3984375 44.94140625 L110.29296875 44.94140625 Z M158.671875 142.01171875 L146.97265625 142.01171875 L132.3046875 151.85546875 L128.828125 142.01171875 L125.3125 142.01171875 L125.3125 60.214839935302734 L158.65234375 60.214839935302734 L158.65234375 142.01171875 L158.671875 142.01171875 Z M102.75389862060547 95.09765625 L76.81640625 95.09765625 C77.2265625 86.328125 77.65625 74.7265625 78.10546875 61.328125 L103.671875 61.328125 L103.65234375 59.74609375 C103.65234375 59.628902435302734 103.61328125 56.875003814697266 103.20313262939453 54.062496185302734 C102.79296875 51.132808685302734 101.9140625 47.24609375 99.1015625 47.24609375 L56.210933685302734 47.24609375 C57.070316314697266 43.222652435302734 59.27734375 33.6328125 61.953128814697266 28.92578125 L63.203125 26.73828125 L60.683597564697266 26.6015625 C60.52734375 26.6015625 56.85546875 26.42578125 52.597652435302734 28.671875 C45.625 32.3828125 42.5 39.687503814697266 41.1328125 45.156253814697266 C37.539066314697266 59.433589935302734 32.421875 69.35546875 30.25390625 73.59375 C29.609375 74.84375 29.21875 75.5859375 29.04296875 76.09375 C28.69140625 77.05078125 28.88671875 78.0078125 29.58984375 78.6328125 C31.640625 80.48828125 37.050785064697266 78.06640625 37.109375 78.046875 C37.2265625 77.98828125 37.363277435302734 77.9296875 37.539066314697266 77.8515625 C40.25390625 76.62109375 48.300777435302734 72.96875 51.171875 61.34765625 L62.246097564697266 61.34765625 C62.3828125 67.63671875 62.851558685302734 88.37890625 62.8125 95.1171875 L35.2734375 95.1171875 L34.86328125 95.41015625 C30.3515625 98.7109375 28.90625 107.75390625 28.84765625 108.14453125 L28.57421875 109.94141387939453 L61.191402435302734 109.94141387939453 C58.7890625 125.234375 56.015621185302734 132.08984375 54.550777435302734 134.82421875 C53.828125 136.19140625 53.125 137.55859375 52.4609375 138.88671875 C48.300777435302734 147.12890625 43.984378814697266 155.64453125 27.79296875 168.88671875 C27.08984375 169.43359375 26.42578125 170.44921875 26.85546875 171.5625 C27.32421875 172.79296875 28.671875 173.33984375 31.66015625 173.33984375 C32.71484375 173.33984375 33.96484375 173.28125 35.44921875 173.14453125 C45.1953125 172.28515625 55.136714935302734 169.62890625 61.8359375 156.03515625 C65.15625 149.1796875 68.02734375 142.03125 70.41015625 134.765625 L97.0703125 166.015625 L98.046875 163.671875 C98.203125 163.30078125 101.7578125 154.62890625 99.04296875 144.94140625 L98.9453125 144.58984375 L77.83203125 120.56640625 L73.53515625 123.80859375 C74.78515625 118.7109375 75.60546875 114.0625 75.9765625 109.921875 L106.97265625 109.921875 L106.97265625 108.359375 C106.97265625 100.52734375 103.359375 95.87890625 103.22265625 95.68359375 L102.75389862060547 95.09765625 Z""></path></svg>"
3712aaefea588dcfcbe2c40a038c9024,"<svg xmlns=""http://www.w3.org/2000/svg"" viewBox=""0.0 0.0 200.0 200.0"" height=""200.0px"" width=""200.0px""><path fill=""#d4e1f4"" fill-opacity=""1.0""  filling=""0"" d=""M36.08700180053711 154.13900756835938 L34.074005126953125 154.13900756835938 C25.350997924804688 154.12899780273438 18.279998779296875 147.05999755859375 18.27099609375 138.3350067138672 L18.27099609375 12.946998596191406 C18.268997192382812 11.122001647949219 18.586997985839844 9.30999755859375 19.20600128173828 7.5930023193359375 C12.941001892089844 9.857002258300781 8.763999938964844 15.801002502441406 8.755996704101562 22.461997985839844 L8.755996704101562 147.85000610351562 C8.765998840332031 156.5749969482422 15.836997985839844 163.6439971923828 24.55999755859375 163.6529998779297 L26.571998596191406 163.6529998779297 C33.236000061035156 163.64599609375 39.180999755859375 159.46800231933594 41.44599914550781 153.20199584960938 C39.72700119018555 153.822998046875 37.91299819946289 154.14100646972656 36.08700180053711 154.13900756835938 Z""></path>
<path fill=""#d4e1f4"" fill-opacity=""1.0""  filling=""0"" d=""M52.0369987487793 154.13900756835938 C56.2140007019043 149.9409942626953 58.55799865722656 144.25799560546875 58.555999755859375 138.3350067138672 L58.555999755859375 58.016998291015625 C58.55400085449219 56.19200134277344 58.869998931884766 54.380001068115234 59.49100112915039 52.66299819946289 C53.22600173950195 54.928001403808594 49.04800033569336 60.87099838256836 49.04100036621094 67.53099822998047 L49.04100036621094 147.85000610351562 C49.042999267578125 153.77200317382812 46.70000076293945 159.4550018310547 42.52199935913086 163.6529998779297 L113.98200225830078 163.6529998779297 C112.98200225830078 160.5570068359375 112.28099822998047 157.3699951171875 111.88899993896484 154.13900756835938 L52.0369987487793 154.13900756835938 Z""></path>
<path fill=""#0635c9"" fill-opacity=""1.0""  filling=""0"" d=""M24.55999755859375 170.31300354003906 L114.36799621582031 170.31300354003906 L114.36799621582031 163.6529998779297 L42.52199935913086 163.6529998779297 C46.70000076293945 159.4550018310547 49.042999267578125 153.77200317382812 49.04100036621094 147.85000610351562 L49.04100036621094 67.53099822998047 C49.04999923706055 58.80799865722656 56.119998931884766 51.737998962402344 64.84400177001953 51.72800064086914 L157.55099487304688 51.72800064086914 C166.27499389648438 51.737998962402344 173.34800720214844 58.805999755859375 173.35899353027344 67.53099822998047 L173.35899353027344 115.60399627685547 L180.0189971923828 115.60399627685547 L180.0189971923828 67.53099822998047 C180.0050048828125 55.13100051879883 169.9530029296875 45.08100128173828 157.55099487304688 45.06800079345703 L156.55099487304688 45.06800079345703 L156.55099487304688 44.50299835205078 C156.5399932861328 32.10099792480469 146.49000549316406 22.048995971679688 134.08700561523438 22.03399658203125 L98.17500305175781 22.03399658203125 C97.76599884033203 22.03399658203125 97.37799835205078 21.862998962402344 97.10299682617188 21.55999755859375 L84.072998046875 7.308998107910156 C79.81300354003906 2.6569976806640625 73.7979965209961 0.0059967041015625 67.48999786376953 0.0 L24.55999755859375 0.0 C12.161003112792969 0.0149993896484375 2.1110000610351562 10.063003540039062 2.0960006713867188 22.461997985839844 L2.0960006713867188 147.85000610351562 C2.1110000610351562 160.25100708007812 12.15899658203125 170.30099487304688 24.55999755859375 170.31300354003906 Z M8.755996704101562 22.461997985839844 C8.767997741699219 13.738998413085938 15.836997985839844 6.6699981689453125 24.55999755859375 6.660003662109375 L67.48999786376953 6.660003662109375 C71.9280014038086 6.6660003662109375 76.16000366210938 8.531997680664062 79.15699768066406 11.804000854492188 L92.18000030517578 26.050003051757812 C93.71700286865234 27.736000061035156 95.89299774169922 28.695999145507812 98.17500305175781 28.695999145507812 L134.08700561523438 28.695999145507812 C142.81399536132812 28.707000732421875 149.88299560546875 35.77799987792969 149.88999938964844 44.505001068115234 L149.88999938964844 45.06999969482422 L64.84400177001953 45.06999969482422 C52.444000244140625 45.084999084472656 42.395999908447266 55.1349983215332 42.38100051879883 67.53500366210938 L42.38100051879883 147.8520050048828 C42.369998931884766 156.57899475097656 35.29899597167969 163.6479949951172 26.571998596191406 163.65699768066406 L24.55999755859375 163.65699768066406 C15.834999084472656 163.64599609375 8.763999938964844 156.5749969482422 8.755996704101562 147.85000610351562 L8.755996704101562 22.461997985839844 Z""></path>
<path fill=""#1ae5be"" fill-opacity=""1.0""  filling=""0"" d=""M115.55799865722656 200.0 C117.39700317382812 200.0 118.88800048828125 198.50999450683594 118.88800048828125 196.6699981689453 L118.88800048828125 143.48300170898438 L141.29600524902344 143.48300170898438 L141.29600524902344 155.65899658203125 C141.29600524902344 157.4980010986328 142.78599548339844 158.98899841308594 144.62600708007812 158.98899841308594 L195.0050048828125 158.98899841308594 C196.23500061035156 158.98899841308594 197.36500549316406 158.30999755859375 197.94500732421875 157.22500610351562 C198.5229949951172 156.13800048828125 198.45599365234375 154.82200622558594 197.76800537109375 153.8000030517578 L186.06100463867188 136.38999938964844 L197.8280029296875 117.58899688720703 C198.4709930419922 116.56199645996094 198.50399780273438 115.26799774169922 197.91900634765625 114.20899963378906 C197.33200073242188 113.1500015258789 196.2169952392578 112.49199676513672 195.0050048828125 112.49199676513672 L167.30999755859375 112.49199676513672 L167.30999755859375 99.23799896240234 C167.30999755859375 97.39800262451172 165.82000732421875 95.90799713134766 163.97999572753906 95.90799713134766 L115.55799865722656 95.90799713134766 C113.71800231933594 95.90799713134766 112.22799682617188 97.39800262451172 112.22799682617188 99.23799896240234 L112.22799682617188 196.66600036621094 C112.22599792480469 198.50799560546875 113.71800231933594 200.0 115.55799865722656 200.0 Z M188.99099731445312 119.1520004272461 L179.2689971923828 134.68699645996094 C178.57200622558594 135.80099487304688 178.5959930419922 137.2220001220703 179.3280029296875 138.31100463867188 L188.7530059814453 152.3280029296875 L147.95599365234375 152.3280029296875 L147.95599365234375 143.48300170898438 L163.98199462890625 143.48300170898438 C165.82200622558594 143.48300170898438 167.31199645996094 141.9929962158203 167.31199645996094 140.1529998779297 L167.31199645996094 119.1520004272461 L188.99099731445312 119.1520004272461 Z M118.88800048828125 102.56800079345703 L160.64999389648438 102.56800079345703 L160.64999389648438 136.8209991455078 L118.88800048828125 136.8209991455078 L118.88800048828125 102.56800079345703 Z""></path></svg>"
4c16131d4cc415d991a52a9bcfe32b8d,"<svg xmlns=""http://www.w3.org/2000/svg"" viewBox=""0.0 0.0 200.0 200.0"" height=""200.0px"" width=""200.0px""><path fill="""" fill-opacity=""1.0""  filling=""0"" d=""M100.0 175.0 C99.0999984741211 175.0 98.29999542236328 174.8000030517578 97.5 174.3000030517578 L36.899993896484375 139.3000030517578 A5.0400390625 5.0400390625 0.0 0 1 34.400001525878906 135.0 L34.400001525878906 65.0 C34.400001525878906 63.20000457763672 35.399993896484375 61.599998474121094 36.899993896484375 60.70000076293945 L97.5 25.699996948242188 C99.0 24.800003051757812 101.0 24.800003051757812 102.5 25.699996948242188 L163.10000610351562 60.70000076293945 C164.60000610351562 61.599998474121094 165.60000610351562 63.20000457763672 165.60000610351562 65.0 L165.60000610351562 135.0 C165.60000610351562 136.8000030517578 164.60000610351562 138.39999389648438 163.10000610351562 139.3000030517578 L102.5 174.3000030517578 C101.69999694824219 174.8000030517578 100.89999389648438 175.0 100.0 175.0 Z M44.400001525878906 132.10000610351562 L100.0 164.1999969482422 L155.60000610351562 132.10000610351562 L155.60000610351562 67.9000015258789 L100.0 35.80000305175781 L44.400001525878906 67.9000015258789 L44.400001525878906 132.10000610351562 Z M100.0 143.10000610351562 C99.0999984741211 143.10000610351562 98.29999542236328 142.89999389648438 97.5 142.39999389648438 L64.5 123.39999389648438 A5.200000286102295 5.200000286102295 0.0 0 1 62.0 119.00000762939453 L62.0 81.0 C62.0 79.19999694824219 63.0 77.60000610351562 64.5 76.70000457763672 L97.5 57.70000076293945 C99.0 56.80000305175781 101.0 56.80000305175781 102.5 57.70000076293945 L135.5 76.70000457763672 C137.0 77.5 138.0 79.19999694824219 138.0 81.0 L138.0 119.0999984741211 C138.0 120.9000015258789 137.0 122.5 135.5 123.39999389648438 L102.5 142.39999389648438 C101.69999694824219 142.89999389648438 100.89999389648438 143.10000610351562 100.0 143.10000610351562 Z M72.0 116.19999694824219 L100.0 132.39999389648438 L128.0 116.19999694824219 L128.0 83.80000305175781 L100.0 67.69999694824219 L72.0 83.80000305175781 L72.0 116.19999694824219 Z""></path></svg>"
c673cfef632658ba00e3ce635f562901,"<svg xmlns=""http://www.w3.org/2000/svg"" viewBox=""0.0 0.0 200.0 200.0"" height=""200.0px"" width=""200.0px""><path fill=""#979797"" fill-opacity=""1.0""  filling=""0"" d=""M52.5390625 160.546875 C49.843753814697266 160.546875 47.65625 158.359375 47.65625 155.6640625 L47.65625 73.6328125 C47.65625 70.9375 49.843753814697266 68.75 52.5390625 68.75 L147.4609375 68.75 C150.15625 68.75 152.34375 70.9375 152.34375 73.6328125 L152.34375 155.6640625 C152.34375 158.359375 150.15625 160.546875 147.4609375 160.546875 L52.5390625 160.546875 Z M57.421875 150.78125 L142.578125 150.78125 L142.578125 78.515625 L57.421875 78.515625 L57.421875 150.78125 Z""></path>
<path fill=""#979797"" fill-opacity=""1.0""  filling=""0"" d=""M56.8359375 150.41015625 C58.125 152.7734375 57.2265625 155.7421875 54.86328125 157.03125 C52.499996185302734 158.3203125 49.53125 157.421875 48.2421875 155.05859375 L17.578125 98.30078125 C16.26953125 95.859375 17.2265625 92.83203125 19.70703125 91.6015625 L50.37109375 76.484375 C52.792964935302734 75.29296875 55.722652435302734 76.2890625 56.9140625 78.7109375 C58.10546875 81.1328125 57.109375 84.0625 54.6875 85.25390625 L28.57421875 98.125 L56.8359375 150.41015625 Z M171.42578125 98.125 L152.34375 133.41796875 L152.34375 88.7109375 L171.42578125 98.125 Z M142.578125 80.859375 L142.578125 152.734375 C142.578125 157.8125 149.35546875 159.51171875 151.7578125 155.05859375 L182.421875 98.30078125 C183.73046875 95.859375 182.7734375 92.83203125 180.29296875 91.6015625 L149.62890625 76.484375 C146.3671875 74.8828125 142.578125 77.24609375 142.578125 80.859375 Z M81.4453125 100.1953125 C81.4453125 102.890625 79.2578125 105.078125 76.5625 105.078125 C73.8671875 105.078125 71.6796875 102.890625 71.6796875 100.1953125 L71.6796875 68.9453125 C71.6796875 53.30078125 84.35546875 40.625 100.0 40.625 C115.64452362060547 40.625 128.3203125 53.30078125 128.3203125 68.9453125 L128.3203125 100.1953125 C128.3203125 102.890625 126.1328125 105.078125 123.4375 105.078125 C120.7421875 105.078125 118.5546875 102.890625 118.5546875 100.1953125 L118.5546875 68.9453125 C118.5546875 58.69140625 110.25390625 50.390625 100.0 50.390625 C89.74609375 50.390625 81.4453125 58.69140625 81.4453125 68.9453125 L81.4453125 100.1953125 Z""></path></svg>"
26994bd1171078b92a9957f977eed87c,"<svg xmlns=""http://www.w3.org/2000/svg"" viewBox=""0.0 0.0 200.0 200.0"" height=""200.0px"" width=""200.0px""><path fill="""" fill-opacity=""1.0""  filling=""0"" d=""M100.0 187.265625 C51.875 187.265625 12.734375 148.125 12.734375 100.0 C12.734375 51.875 51.875 12.734375 100.0 12.734375 C148.125 12.734375 187.265625 51.875 187.265625 100.0 C187.265625 148.125 148.125 187.265625 100.0 187.265625 Z M100.0 24.765625 C58.515625 24.765625 24.765625 58.515625 24.765625 100.0 C24.765625 141.484375 58.515625 175.234375 100.0 175.234375 C141.484375 175.234375 175.234375 141.484375 175.234375 100.0 C175.234375 58.515625 141.484375 24.765625 100.0 24.765625 Z M142.12890625 94.7265625 L106.015625 94.7265625 L106.015625 58.632816314697266 L93.984375 58.632816314697266 L93.984375 94.7265625 L57.871089935302734 94.7265625 L57.871089935302734 106.77734375 L93.984375 106.77734375 L93.984375 142.87109375 L106.015625 142.87109375 L106.015625 106.77734375 L142.12890625 106.77734375 L142.12890625 94.7265625 Z""></path></svg>"
b964937ebec4f76d545638387655b38f,"<svg xmlns=""http://www.w3.org/2000/svg"" viewBox=""0.0 0.0 200.0 200.0"" height=""200.0px"" width=""200.0px""><path fill=""#3A3A3A"" fill-opacity=""1.0""  filling=""0"" d=""M169.94842529296875 149.2492218017578 C169.99609375 148.19003295898438 170.1072235107422 147.14688110351562 170.1072235107422 146.07168579101562 L170.1072235107422 69.94570922851562 C170.1072235107422 31.31464385986328 138.72109985351562 0.0 100.00273132324219 0.0 C61.2841796875 0.0 29.890037536621094 31.31464385986328 29.890037536621094 69.94570922851562 L29.890037536621094 146.0771484375 C29.890037536621094 147.13632202148438 30.00390625 148.19549560546875 30.05156707763672 149.25469970703125 L169.94842529296875 149.2492218017578 Z""></path>
<path fill=""#3A3A3A"" fill-opacity=""1.0""  filling=""0"" d=""M10.814254760742188 147.83535766601562 L189.177734375 147.83535766601562 C199.9919891357422 147.83535766601562 199.9919891357422 147.83535766601562 199.9919891357422 158.6496124267578 L199.9919891357422 159.5021514892578 C199.9919891357422 170.31640625 199.9919891357422 170.31640625 189.177734375 170.31640625 L10.814254760742188 170.31640625 C0.0 170.31640625 0.0 170.31640625 0.0 159.5021514892578 L0.0 158.6496124267578 C0.0 147.83535766601562 0.0 147.83535766601562 10.814254760742188 147.83535766601562 Z""></path>
<path fill=""#EEEEEE"" fill-opacity=""1.0""  filling=""0"" d=""M91.47090148925781 181.8005828857422 C91.47090148925781 181.93026733398438 91.45233917236328 182.0654296875 91.45233917236328 182.18731689453125 L91.45233917236328 191.455078125 A8.544921875 8.544921875 0.0 0 0 108.5423812866211 191.455078125 L108.5423812866211 182.18731689453125 C108.5423812866211 182.0574188232422 108.52909851074219 181.92245483398438 108.52383422851562 181.8005828857422 L91.47090148925781 181.8005828857422 Z""></path></svg>"
3aeea789ed0e181f35968bafa8dded49,"<svg xmlns=""http://www.w3.org/2000/svg"" viewBox=""0.0 0.0 200.0 200.0"" height=""200.0px"" width=""200.0px""><path fill="""" fill-opacity=""1.0""  filling=""0"" d=""M134.80624389648438 30.118751525878906 C124.0625 21.956253051757812 111.95625305175781 19.14374542236328 96.5999984741211 19.14374542236328 C84.95625305175781 19.14374542236328 75.0 21.525001525878906 67.10625457763672 26.837501525878906 C55.46249771118164 34.76874542236328 49.993751525878906 48.087501525878906 49.993751525878906 69.14375305175781 L79.99374389648438 69.14375305175781 C79.99374389648438 63.51874923706055 79.44375610351562 57.462501525878906 82.73125457763672 52.26874923706055 C86.01874542236328 47.07499694824219 90.58125305175781 43.087501525878906 98.43124389648438 43.087501525878906 C106.4000015258789 43.087501525878906 110.5 45.39375305175781 114.3687515258789 50.156246185302734 C117.64999389648438 54.21875 118.9000015258789 59.0625 118.9000015258789 64.21875 C118.9000015258789 68.67500305175781 116.63124084472656 72.7750015258789 113.9375 76.48750305175781 A26.124998092651367 26.124998092651367 0.0 0 1 108.0374984741211 82.50625610351562 C108.0374984741211 82.50625610351562 91.82500457763672 92.15625 86.125 101.29375457763672 C81.8687515258789 108.0875015258789 80.34375 116.60624694824219 79.99374389648438 126.80000305175781 C79.95625305175781 127.54374694824219 80.22500610351562 129.06874084472656 82.80624389648438 129.06874084472656 L106.9437484741211 129.06874084472656 C109.20624542236328 129.06874084472656 109.6812515258789 127.3499984741211 109.71875 126.6500015258789 C109.875 122.9375 110.34375 117.23749542236328 111.0062484741211 115.08749389648438 C112.29374694824219 111.0250015258789 114.79375457763672 107.46875 118.70000457763672 104.42500305175781 L126.78749084472656 98.8375015258789 C134.09375 93.13750457763672 139.91250610351562 88.48750305175781 142.4875030517578 84.8125 C146.89999389648438 78.79375457763672 149.98748779296875 71.375 149.98748779296875 62.587501525878906 C149.98748779296875 48.249996185302734 144.71249389648438 37.66875457763672 134.7937469482422 30.125 L134.80624389648438 30.118751525878906 Z M94.53125 144.6062469482422 C84.4124984741211 144.2937469482422 76.05624389648438 151.3249969482422 75.70625305175781 162.3000030517578 C75.39375305175781 173.3125 83.32499694824219 180.5437469482422 93.48124694824219 180.85626220703125 C104.03125 181.1687469482422 112.1937484741211 174.36874389648438 112.5062484741211 163.3937530517578 C112.81875610351562 152.4187469482422 105.08124542236328 144.9187469482422 94.53750610351562 144.6062469482422 L94.53125 144.6062469482422 Z""></path></svg>"
c499d6062b8a598d6b5838d4792d7a41,"<svg xmlns=""http://www.w3.org/2000/svg"" viewBox=""0.0 0.0 200.0 200.0"" height=""200.0px"" width=""200.0px""><path fill="""" fill-opacity=""1.0""  filling=""0"" d=""M0.0 121.875 L200.0 121.875 L200.0 128.125 L0.0 128.125 L0.0 121.875 Z M0.0 96.875 L200.0 96.875 L200.0 103.125 L0.0 103.125 L0.0 96.875 Z M0.0 71.875 L200.0 71.875 L200.0 78.125 L0.0 78.125 L0.0 71.875 Z""></path></svg>"
e7fa87cc7182de4add86460c905587df,"<svg xmlns=""http://www.w3.org/2000/svg"" viewBox=""0.0 0.0 200.0 200.0"" height=""200.0px"" width=""200.0px""><path fill="""" fill-opacity=""1.0""  filling=""0"" d=""M100.0 0.0 L80.0 33.333396911621094 L80.0 126.6666030883789 L120.0 126.6666030883789 L120.0 33.333396911621094 L100.0 0.0 Z M39.999996185302734 153.33340454101562 L39.999996185302734 200.0 L160.0 200.0 L160.0 153.33340454101562 L140.0 133.33340454101562 L60.000003814697266 133.33340454101562 L39.999996185302734 153.33340454101562 Z""></path></svg>"
8f4cfa5a-fb08-4eb1-aea3-e3601a18be4f,"<svg fill=""none"" height=""128"" viewBox=""0 0 24 24"" width=""128"" xmlns=""http://www.w3.org/2000/svg""><path d=""m9 16h-2.75c-.23 0-.35 0-.45.01-.95.09-1.7.84-1.79 1.79-.01.1-.01.22-.01.45 0 .28 0 .42.01.53.12 1.08 1.08 1.87 2.16 1.77.11-.01.25-.03.52-.09l.3-.06c.38-.07.57-.11.73-.17.66-.26 1.13-.84 1.25-1.53.03-.17.03-.36.03-.75v-8.67c0-1.57 0-2.36.45-2.91.46-.55 1.23-.71 2.77-1.01l2-.4c2.21-.45 3.32-.67 4.05-.07s.73 1.73.73 3.99v.12m0 5v1.95c0 .39 0 .58-.03.75-.12.69-.59 1.27-1.25 1.53-.16.06-.35.1-.73.17l-.3.06c-.27.06-.41.08-.52.09-1.08.1-2.04-.69-2.16-1.77-.01-.11-.01-.25-.01-.53 0-.23 0-.35.01-.45.09-.95.84-1.7 1.79-1.79.1-.01.22-.01.45-.01zm0 0v-5m0 0-10 2"" stroke=""#222222""/></svg>"
012864599f873514017c173770026982,"<svg xmlns=""http://www.w3.org/2000/svg"" viewBox=""0.0 0.0 200.0 200.0"" height=""200.0px"" width=""200.0px""><path fill=""#272636"" fill-opacity=""1.0""  filling=""0"" d=""M200.0 78.1500015258789 L200.0 50.0 C200.0 43.09600067138672 194.4040069580078 37.5 187.5 37.5 L37.417999267578125 37.5 C37.417999267578125 40.95199966430664 34.6199951171875 43.75 31.167999267578125 43.75 C27.71600341796875 43.75 24.917999267578125 40.95199966430664 24.917999267578125 37.5 L12.5 37.5 C5.596000671386719 37.5 0.0 43.09600067138672 0.0 50.0 L0.0 150.0 C0.0 156.9040069580078 5.596000671386719 162.5 12.5 162.5 L24.917999267578125 162.5 C24.917999267578125 159.04800415039062 27.71600341796875 156.25 31.167999267578125 156.25 C34.6199951171875 156.25 37.417999267578125 159.04800415039062 37.417999267578125 162.5 L187.5 162.5 C194.4040069580078 162.5 200.0 156.9040069580078 200.0 150.0 L200.0 121.45899963378906 C192.5279998779297 117.13700103759766 187.5 109.05799865722656 187.5 99.80500030517578 C187.5 90.5510025024414 192.5279998779297 82.4729995727539 200.0 78.1500015258789 Z M31.167999267578125 143.75 C27.71600341796875 143.75 24.917999267578125 140.95199584960938 24.917999267578125 137.5 C24.917999267578125 134.04800415039062 27.71600341796875 131.25 31.167999267578125 131.25 C34.6199951171875 131.25 37.417999267578125 134.04800415039062 37.417999267578125 137.5 C37.417999267578125 140.95199584960938 34.6199951171875 143.75 31.167999267578125 143.75 Z M31.167999267578125 118.75 C27.71600341796875 118.75 24.917999267578125 115.9520034790039 24.917999267578125 112.5 C24.917999267578125 109.0479965209961 27.71600341796875 106.25 31.167999267578125 106.25 C34.6199951171875 106.25 37.417999267578125 109.0479965209961 37.417999267578125 112.5 C37.417999267578125 115.9520034790039 34.6199951171875 118.75 31.167999267578125 118.75 Z M31.167999267578125 93.75 C27.71600341796875 93.75 24.917999267578125 90.9520034790039 24.917999267578125 87.5 C24.917999267578125 84.0479965209961 27.71600341796875 81.25 31.167999267578125 81.25 C34.6199951171875 81.25 37.417999267578125 84.0479965209961 37.417999267578125 87.5 C37.417999267578125 90.9520034790039 34.6199951171875 93.75 31.167999267578125 93.75 Z M31.167999267578125 68.75 C27.71600341796875 68.75 24.917999267578125 65.9520034790039 24.917999267578125 62.5 C24.917999267578125 59.04800033569336 27.71600341796875 56.25 31.167999267578125 56.25 C34.6199951171875 56.25 37.417999267578125 59.04800033569336 37.417999267578125 62.5 C37.417999267578125 65.9520034790039 34.6199951171875 68.75 31.167999267578125 68.75 Z M140.531005859375 70.75599670410156 L124.28600311279297 96.68000030517578 L136.3489990234375 96.68000030517578 C138.43600463867188 96.68000030517578 140.1280059814453 98.4020004272461 140.1280059814453 100.48799896240234 C140.1280059814453 102.57499694824219 138.43699645996094 104.2969970703125 136.3489990234375 104.2969970703125 L121.68000030517578 104.2969970703125 L121.68000030517578 114.64900207519531 L136.3489990234375 114.64900207519531 C138.43600463867188 114.64900207519531 140.03900146484375 116.3740005493164 140.03900146484375 118.46099853515625 L140.03900146484375 118.55799865722656 C140.03900146484375 120.6449966430664 138.43699645996094 122.26599884033203 136.3489990234375 122.26599884033203 L121.68000030517578 122.26599884033203 L121.68000030517578 132.7519989013672 C121.68000030517578 135.37399291992188 119.51699829101562 137.5 116.8949966430664 137.5 C114.27200317382812 137.5 112.10900115966797 135.375 112.10900115966797 132.7519989013672 L112.10900115966797 122.26599884033203 L96.81700134277344 122.26599884033203 C94.7300033569336 122.26599884033203 92.96900177001953 120.6449966430664 92.96900177001953 118.55799865722656 L92.96900177001953 118.46099853515625 C92.96900177001953 116.3740005493164 94.7300033569336 114.64900207519531 96.81700134277344 114.64900207519531 L112.10900115966797 114.64900207519531 L112.10900115966797 104.2969970703125 L96.81700134277344 104.2969970703125 C94.7300033569336 104.2969970703125 93.03800201416016 102.57499694824219 93.03800201416016 100.48799896240234 C93.03800201416016 98.4020004272461 94.7300033569336 96.68000030517578 96.81700134277344 96.68000030517578 L109.36499786376953 96.68000030517578 L94.43499755859375 70.6969985961914 C93.21499633789062 68.572998046875 94.03399658203125 65.86699676513672 96.2249984741211 64.77100372314453 L96.2959976196289 64.73899841308594 C98.35800170898438 63.70800018310547 100.86699676513672 64.50599670410156 101.95600128173828 66.53900146484375 L117.5780029296875 94.14099884033203 L133.20799255371094 66.41600036621094 C134.32400512695312 64.44100189208984 136.718994140625 63.6870002746582 138.86700439453125 64.7020034790039 L138.86700439453125 64.69499969482422 C141.01600646972656 65.81800079345703 141.86199951171875 68.625 140.531005859375 70.75599670410156 Z""></path></svg>"
beed40817d966fca026c732b444c508e,"<svg xmlns=""http://www.w3.org/2000/svg"" viewBox=""0.0 0.0 200.0 200.0"" height=""200.0px"" width=""200.0px""><path fill=""#999999"" fill-opacity=""1.0""  filling=""0"" d=""M12.5 25.0 L12.5 175.0 L187.5 175.0 L187.5 25.0 L12.5 25.0 Z M175.0 162.5 L25.0 162.5 L25.0 37.5 L175.0 37.5 L175.0 162.5 Z""></path>
<path fill=""#999999"" fill-opacity=""1.0""  filling=""0"" d=""M43.75 81.25 L62.5 81.25 L62.5 93.75 L43.75 93.75 L43.75 81.25 Z M75.0 81.25 L93.75 81.25 L93.75 93.75 L75.0 93.75 L75.0 81.25 Z M106.25 81.25 L125.0 81.25 L125.0 93.75 L106.25 93.75 L106.25 81.25 Z M137.5 81.25 L156.25 81.25 L156.25 93.75 L137.5 93.75 L137.5 81.25 Z M43.75 56.25 L156.25 56.25 L156.25 68.75 L43.75 68.75 L43.75 56.25 Z M43.75 106.25 L156.25 106.25 L156.25 118.75 L43.75 118.75 L43.75 106.25 Z M43.75 131.25 L156.25 131.25 L156.25 143.75 L43.75 143.75 L43.75 131.25 Z""></path></svg>"
487f11a6f680d71ed8e1a90cf6e3e943,"<svg xmlns=""http://www.w3.org/2000/svg"" viewBox=""0.0 0.0 200.0 200.0"" height=""200.0px"" width=""200.0px""><path fill="""" fill-opacity=""1.0""  filling=""0"" d=""M110.29296875 44.94140625 L110.29296875 156.8359375 L122.01171875 156.8359375 L126.93359375 170.78125 L147.71484375 156.8359375 L173.3984375 156.8359375 L173.3984375 44.94140625 L110.29296875 44.94140625 Z M158.671875 142.01171875 L146.97265625 142.01171875 L132.3046875 151.85546875 L128.828125 142.01171875 L125.3125 142.01171875 L125.3125 60.214839935302734 L158.65234375 60.214839935302734 L158.65234375 142.01171875 L158.671875 142.01171875 Z M102.75389862060547 95.09765625 L76.81640625 95.09765625 C77.2265625 86.328125 77.65625 74.7265625 78.10546875 61.328125 L103.671875 61.328125 L103.65234375 59.74609375 C103.65234375 59.628902435302734 103.61328125 56.875003814697266 103.20313262939453 54.062496185302734 C102.79296875 51.132808685302734 101.9140625 47.24609375 99.1015625 47.24609375 L56.210933685302734 47.24609375 C57.070316314697266 43.222652435302734 59.27734375 33.6328125 61.953128814697266 28.92578125 L63.203125 26.73828125 L60.683597564697266 26.6015625 C60.52734375 26.6015625 56.85546875 26.42578125 52.597652435302734 28.671875 C45.625 32.3828125 42.5 39.687503814697266 41.1328125 45.156253814697266 C37.539066314697266 59.433589935302734 32.421875 69.35546875 30.25390625 73.59375 C29.609375 74.84375 29.21875 75.5859375 29.04296875 76.09375 C28.69140625 77.05078125 28.88671875 78.0078125 29.58984375 78.6328125 C31.640625 80.48828125 37.050785064697266 78.06640625 37.109375 78.046875 C37.2265625 77.98828125 37.363277435302734 77.9296875 37.539066314697266 77.8515625 C40.25390625 76.62109375 48.300777435302734 72.96875 51.171875 61.34765625 L62.246097564697266 61.34765625 C62.3828125 67.63671875 62.851558685302734 88.37890625 62.8125 95.1171875 L35.2734375 95.1171875 L34.86328125 95.41015625 C30.3515625 98.7109375 28.90625 107.75390625 28.84765625 108.14453125 L28.57421875 109.94141387939453 L61.191402435302734 109.94141387939453 C58.7890625 125.234375 56.015621185302734 132.08984375 54.550777435302734 134.82421875 C53.828125 136.19140625 53.125 137.55859375 52.4609375 138.88671875 C48.300777435302734 147.12890625 43.984378814697266 155.64453125 27.79296875 168.88671875 C27.08984375 169.43359375 26.42578125 170.44921875 26.85546875 171.5625 C27.32421875 172.79296875 28.671875 173.33984375 31.66015625 173.33984375 C32.71484375 173.33984375 33.96484375 173.28125 35.44921875 173.14453125 C45.1953125 172.28515625 55.136714935302734 169.62890625 61.8359375 156.03515625 C65.15625 149.1796875 68.02734375 142.03125 70.41015625 134.765625 L97.0703125 166.015625 L98.046875 163.671875 C98.203125 163.30078125 101.7578125 154.62890625 99.04296875 144.94140625 L98.9453125 144.58984375 L77.83203125 120.56640625 L73.53515625 123.80859375 C74.78515625 118.7109375 75.60546875 114.0625 75.9765625 109.921875 L106.97265625 109.921875 L106.97265625 108.359375 C106.97265625 100.52734375 103.359375 95.87890625 103.22265625 95.68359375 L102.75389862060547 95.09765625 Z""></path></svg>"
thesantatitan_deepseek-svg-dataset_0004275,"<svg width=""300px"" height=""300px"" viewBox=""0 0 300 300"" xmlns=""http://www.w3.org/2000/svg"">
  <g>
    <!-- Company Logo Shape -->
    <rect x=""20"" y=""20"" width=""260"" height=""260"" rx=""30"" fill=""url(#logoGradient)"">
    </rect>
    
    <!-- Gradient Definition -->
    <defs>
      <linearGradient id=""logoGradient"">
        <stop offset=""0%"" style=""stop-color:#1a365d;stop-opacity:1"" />
        <stop offset=""50%"" style=""stop-color:#00ffd8;stop-opacity:1"" />
        <stop offset=""100%"" style=""stop-color:#8c43ff;stop-opacity:1"" />
      </linearGradient>
    </defs>

    <!-- Center Circle -->
    <circle cx=""150"" cy=""120"" r=""30"" fill=""#ffffff"" />
    
    <!-- Text -->
    <text x=""50%"" y=""70%"" dominant-baseline=""middle"" text-anchor=""middle"" font-family=""Arial, sans-serif"" font-size=""28"" font-weight=""bold"" fill=""url(#textGradient)"">
      ExampleCorp
    </text>
    
    <!-- Text Gradient -->
    <defs>
      <linearGradient id=""textGradient"">
        <stop offset=""0%"" style=""stop-color:#1a365d;stop-opacity:1"" />
        <stop offset=""100%"" style=""stop-color:#8c43ff;stop-opacity:1"" />
      </linearGradient>
    </defs>
  </g>
</svg>"
15816e0ecf760d38536ed9d1c1043ea8,"<svg xmlns=""http://www.w3.org/2000/svg"" viewBox=""0.0 0.0 200.0 200.0"" height=""200.0px"" width=""200.0px""><path fill="""" fill-opacity=""1.0""  filling=""0"" d=""M82.8125 17.1875 A17.1875 17.1875 0.0 1 0 117.1875 17.1875 A17.1875 17.1875 0.0 1 0 82.8125 17.1875 Z M145.48828125 121.015625 C141.328125 122.12890625 137.03125 119.6484375 135.91796875 115.48828125 L123.3984375 68.80859375 C123.1640625 67.9296875 121.85546875 68.10546875 121.85546875 69.00390625 L121.85546875 94.78515625 C121.85546875 98.57421875 122.421875 102.32422637939453 123.5546875 105.93750762939453 L133.0859375 136.5625 C133.7109375 138.57421875 132.20703125 140.625 130.09765625 140.625 L122.65625 140.625 C122.2265625 140.625 121.875 140.9765625 121.875 141.40625 L121.875 196.875 C121.875 198.59375 120.46875 200.0 118.75 200.0 L106.25 200.0 C104.53125 200.0 103.125 198.59375 103.125 196.875 L103.125 141.40625 C103.125 140.9765625 102.7734375 140.625 102.34375 140.625 L97.65625 140.625 C97.2265625 140.625 96.875 140.9765625 96.875 141.40625 L96.875 196.875 C96.875 198.59375 95.46875 200.0 93.75 200.0 L81.25 200.0 C79.53125 200.0 78.125 198.59375 78.125 196.875 L78.125 141.40625 C78.125 140.9765625 77.7734375 140.625 77.34375 140.625 L69.86328125 140.625 C67.75390625 140.625 66.25 138.57421875 66.875 136.5625 L76.40625 105.93750762939453 C77.5390625 102.32422637939453 78.10546875 98.57421875 78.10546875 94.78515625 L78.10546875 69.00390625 C78.10546875 68.0859375 76.796875 67.9296875 76.5625 68.80859375 L64.04296875 115.48828125 C62.929691314697266 119.6484375 58.632816314697266 122.12890625 54.47265625 121.015625 C50.9765625 120.078125 48.671878814697266 116.9140625 48.671878814697266 113.4765625 C48.671878814697266 112.81249237060547 48.75 112.12889862060547 48.9453125 111.44530487060547 L62.51953125 60.6640625 C66.2109375 47.011722564697266 78.59375 37.5 92.734375 37.5 L107.24608612060547 37.5 C121.38671875 37.5 133.7890625 47.011722564697266 137.44140625 60.683597564697266 L151.015625 111.46484375 C152.12890625 115.625 149.66796875 119.90234375 145.48828125 121.015625 Z""></path></svg>"
4155430a-4529-49e0-aff0-19bc632a770a,"<svg height=""128"" viewBox=""0 0 8.47 8.47"" width=""128"" xmlns=""http://www.w3.org/2000/svg""><path d=""m16 1c-4.41 0-7.99 3.58-7.99 7.99v2.01h-3.01c-.55 0-1 .45-1 1v3c0 6.24 4.89 11.43 11 11.95v2.06h-3c-.03 0-.07 0-.1 0-1.3.1-1.2 2.04.1 2h7.99c1.36.03 1.36-2.03 0-2h-2.99v-2.06c6.11-.52 11-5.71 11-11.95v-3c0-.55-.45-1-1-1h-3v-2c0-4.41-3.59-7.99-8-7.99zm0 1.99c3.34 0 6 2.66 6 6v6.01c0 3.34-2.66 6-6 6s-5.99-2.66-5.99-6v-6c0-3.34 2.65-6 5.99-6zm-10 10.01h2v2c0 4.41 3.58 8 7.99 8s8-3.59 8-8v-2h2.01v2c0 5.48-4.53 10-10.01 10-5.47 0-10-4.53-10-10z"" transform=""scale(.26458333)""/></svg>"
25b3fc6e871febfd8a5aabf7dd75f3ea,"<svg xmlns=""http://www.w3.org/2000/svg"" viewBox=""0.0 0.0 200.0 200.0"" height=""200.0px"" width=""200.0px""><path fill=""#567794"" fill-opacity=""1.0""  filling=""0"" d=""M186.78900146484375 189.90199279785156 L13.802001953125 189.90199279785156 C6.21099853515625 189.90199279785156 0.0 183.69000244140625 0.0 176.10000610351562 L0.0 53.70199966430664 C0.0 46.11000061035156 6.21099853515625 39.89899826049805 13.802001953125 39.89899826049805 L186.78900146484375 39.89899826049805""></path>
<path fill=""#F06262"" fill-opacity=""1.0""  filling=""0"" d=""M200.1320037841797 141.62399291992188 L143.73599243164062 141.62399291992188 C129.3090057373047 141.62399291992188 117.50399780273438 129.8209991455078 117.50399780273438 115.39299774169922 L117.50399780273438 114.41000366210938 C117.50399780273438 99.98300170898438 129.3090057373047 88.17900085449219 143.73599243164062 88.17900085449219 L200.1320037841797 88.17900085449219""></path>
<path fill=""#FFFFFF"" fill-opacity=""1.0""  filling=""0"" d=""M132.58799743652344 114.9000015258789 A13.114999771118164 13.114999771118164 0.0 1 0 158.8179931640625 114.9000015258789 A13.114999771118164 13.114999771118164 0.0 1 0 132.58799743652344 114.9000015258789 Z""></path>
<path fill=""#00CCC6"" fill-opacity=""1.0""  filling=""0"" d=""M26.683998107910156 10.097000122070312 L170.2270050048828 10.097000122070312 L170.2270050048828 39.89899826049805 L26.683998107910156 39.89899826049805 L26.683998107910156 10.097000122070312 Z""></path>
<path fill=""currentColor"" fill-opacity=""1.0""  filling=""0"" d=""M26.683998107910156 30.954002380371094 L170.2270050048828 30.954002380371094 L170.2270050048828 39.89899826049805 L26.683998107910156 39.89899826049805 L26.683998107910156 30.954002380371094 Z M0.0 169.28199768066406 L0.0 176.10000610351562 C0.0 183.69000244140625 6.21099853515625 189.90199279785156 13.802001953125 189.90199279785156 L186.78900146484375 189.90199279785156 L186.78900146484375 169.28199768066406 L0.0 169.28199768066406 Z""></path></svg>"
b3c9803cc62fa3a5074a40332ed1914b,"<svg xmlns=""http://www.w3.org/2000/svg"" viewBox=""0.0 0.0 200.0 200.0"" height=""200.0px"" width=""200.0px""><path fill="""" fill-opacity=""1.0""  filling=""0"" d=""M102.4312515258789 37.51250076293945 C97.57500457763672 37.51250076293945 96.15625 44.26249694824219 90.3187484741211 44.26249694824219 C84.6624984741211 44.26249694824219 80.5562515258789 39.19999694824219 75.26875305175781 39.19999694824219 C70.2249984741211 39.19999694824219 66.95625305175781 42.900001525878906 64.4437484741211 50.51249694824219 C55.837501525878906 76.53125 56.212501525878906 75.42500305175781 56.27499771118164 76.79374694824219 C56.27499771118164 85.1187515258789 86.7562484741211 112.4375 127.5625 112.4375 L127.5625 112.5 C138.06875610351562 112.5 153.25 110.15625 153.25 96.6875 C153.375 94.41875457763672 153.5625 96.11250305175781 146.74374389648438 64.375 C145.3312530517578 57.937503814697266 144.03125 55.006248474121094 133.58123779296875 49.41250228881836 C125.40625 44.91875076293945 107.65625 37.51250076293945 102.4312515258789 37.51250076293945 Z M51.681251525878906 81.49374389648438 C37.312496185302734 82.1875 18.75 84.8125 18.75 101.5 C18.75 128.8125 82.4375 162.5 132.875 162.5 C171.5 162.5 181.25 144.75 181.25 130.6875 C181.25 119.625 171.875 107.125 154.9375 99.625 C156.375 107.35624694824219 156.25 109.7437515258789 156.25 110.75 C156.25 123.92499542236328 142.78125 131.25 125.04999542236328 131.25 C85.08125305175781 131.31875610351562 50.0 105.45624542236328 50.0 88.42499542236328 C50.0 86.04999542236328 50.8125 83.67499542236328 51.687503814697266 81.49374389648438 L51.681251525878906 81.49374389648438 Z""></path></svg>"
4b3c3ff3dcac0299c4c7c83307487357,"<svg xmlns=""http://www.w3.org/2000/svg"" viewBox=""0.0 0.0 200.0 200.0"" height=""200.0px"" width=""200.0px""><path fill=""currentColor"" fill-opacity=""1.0""  filling=""0"" d=""M40.16699981689453 143.95799255371094 C34.46699523925781 143.95799255371094 29.300003051757812 139.29200744628906 29.300003051757812 133.625 C29.300003051757812 127.95800018310547 33.96699523925781 123.26699829101562 40.17499923706055 123.26699829101562 C46.40800094604492 123.26699829101562 51.09199905395508 127.93299865722656 51.09199905395508 133.61700439453125 C51.09199905395508 139.3000030517578 45.90800094604492 143.9499969482422 40.21699905395508 143.9499969482422 L40.16699981689453 143.95799255371094 Z M173.60000610351562 87.5999984741211 C172.47500610351562 79.33300018310547 167.35000610351562 72.5999984741211 160.60000610351562 67.43299865722656 L157.97500610351562 65.3499984741211 L155.85800170898438 67.93299865722656 C151.74200439453125 72.5999984741211 150.10800170898438 80.875 150.60800170898438 87.05799865722656 C151.10800170898438 91.74199676513672 152.60800170898438 96.39199829101562 155.22500610351562 100.00800323486328 C153.10800170898438 101.09200286865234 150.49200439453125 102.09200286865234 148.47500610351562 103.1500015258789 A44.08300018310547 44.08300018310547 0.0 0 1 134.47500610351562 105.23300170898438 L0.8079986572265625 105.23300170898438 L0.3079986572265625 108.31700134277344 A58.16699981689453 58.16699981689453 0.0 0 0 4.991996765136719 137.81700134277344 L7.025001525878906 141.44200134277344 L7.025001525878906 141.94200134277344 C19.525001525878906 162.63299560546875 41.775001525878906 171.94200134277344 66.00800323486328 171.94200134277344 C112.625 171.94200134277344 150.85800170898438 151.77499389648438 168.98300170898438 108.33300018310547 C180.85800170898438 108.8499984741211 192.85000610351562 105.75 198.48300170898438 94.36699676513672 L199.98300170898438 91.78299713134766 L197.48300170898438 90.2249984741211 C190.73300170898438 86.10800170898438 181.48300170898438 85.55799865722656 173.73300170898438 87.64199829101562 L173.58299255371094 87.65799713134766 L173.60000610351562 87.5999984741211 Z M106.86699676513672 79.33300018310547 L86.63300323486328 79.33300018310547 L86.63300323486328 99.5 L106.88300323486328 99.5 L106.88300323486328 79.31700134277344 L106.86699676513672 79.34200286865234 L106.86699676513672 79.33300018310547 Z M106.86699676513672 53.974998474121094 L86.63300323486328 53.974998474121094 L86.63300323486328 74.14199829101562 L106.88300323486328 74.14199829101562 L106.88300323486328 54.0 L106.86699676513672 53.974998474121094 Z M106.86699676513672 28.108001708984375 L86.63300323486328 28.108001708984375 L86.63300323486328 48.275001525878906 L106.88300323486328 48.275001525878906 L106.88300323486328 28.108001708984375 L106.86699676513672 28.108001708984375 Z M131.61700439453125 79.33300018310547 L111.5 79.33300018310547 L111.5 99.5 L131.66700744628906 99.5 L131.66700744628906 79.31700134277344 L131.60800170898438 79.34200286865234 L131.61700439453125 79.33300018310547 Z M56.632999420166016 79.33300018310547 L36.525001525878906 79.33300018310547 L36.525001525878906 99.5 L56.70800018310547 99.5 L56.70800018310547 79.31700134277344 L56.625 79.34200286865234 L56.632999420166016 79.33300018310547 Z M81.88300323486328 79.33300018310547 L61.882999420166016 79.33300018310547 L61.882999420166016 99.5 L82.0 99.5 L82.0 79.31700134277344 L81.875 79.34200286865234 L81.88300323486328 79.33300018310547 Z M31.63299560546875 79.33300018310547 L11.666999816894531 79.33300018310547 L11.666999816894531 99.5 L31.900001525878906 99.5 L31.900001525878906 79.31700134277344 L31.650001525878906 79.34200286865234 L31.63299560546875 79.33300018310547 Z M81.88300323486328 53.974998474121094 L61.882999420166016 53.974998474121094 L61.882999420166016 74.14199829101562 L82.0 74.14199829101562 L82.0 54.0 L81.875 53.974998474121094 L81.88300323486328 53.974998474121094 Z M56.507999420166016 53.974998474121094 L36.55799865722656 53.974998474121094 L36.55799865722656 74.14199829101562 L56.66699981689453 74.14199829101562 L56.66699981689453 54.0 L56.53300094604492 53.974998474121094 L56.507999420166016 53.974998474121094 Z""></path></svg>"
20986efd4f1d0ec5b9b56785d47d965e,"<svg xmlns=""http://www.w3.org/2000/svg"" viewBox=""0.0 0.0 200.0 200.0"" height=""200.0px"" width=""200.0px""><path fill=""#67686A"" fill-opacity=""1.0""  filling=""0"" d=""M34.4530029296875 122.03099822998047 L165.5469970703125 122.03099822998047 C167.26600646972656 122.03099822998047 168.6719970703125 123.43800354003906 168.6719970703125 125.15599822998047 L168.6719970703125 128.281005859375 C168.6719970703125 130.0 167.26600646972656 131.406005859375 165.5469970703125 131.406005859375 L34.4530029296875 131.406005859375 C32.73400115966797 131.406005859375 31.3280029296875 130.0 31.3280029296875 128.281005859375 L31.3280029296875 125.15599822998047 C31.36700439453125 123.43800354003906 32.73400115966797 122.03099822998047 34.4530029296875 122.03099822998047 Z M34.4530029296875 146.99200439453125 L165.5469970703125 146.99200439453125 C167.26600646972656 146.99200439453125 168.6719970703125 148.3979949951172 168.6719970703125 150.11700439453125 L168.6719970703125 153.24200439453125 C168.6719970703125 154.96099853515625 167.26600646972656 156.36700439453125 165.5469970703125 156.36700439453125 L34.4530029296875 156.36700439453125 C32.73400115966797 156.36700439453125 31.3280029296875 154.96099853515625 31.3280029296875 153.24200439453125 L31.3280029296875 150.11700439453125 C31.36700439453125 148.3979949951172 32.73400115966797 146.99200439453125 34.4530029296875 146.99200439453125 Z M27.85199737548828 116.28900146484375 C24.061996459960938 110.15599822998047 21.875 103.00800323486328 21.875 95.35199737548828 L21.875 89.21900177001953 C21.875 69.21900177001953 39.72700119018555 51.52299880981445 60.9379997253418 49.56999969482422 C66.64099884033203 33.2030029296875 82.30500030517578 21.83599853515625 100.0 21.83599853515625 C117.81199645996094 21.83599853515625 133.3979949951172 33.31999969482422 139.06199645996094 49.56999969482422 C160.23399353027344 51.48400115966797 178.125 69.21900177001953 178.125 89.21900177001953 L178.125 95.35199737548828 C178.125 103.00800323486328 175.93800354003906 110.19499969482422 172.1479949951172 116.28900146484375 L164.2969970703125 111.56199645996094 C167.2270050048828 106.875 168.906005859375 101.3280029296875 168.906005859375 95.39099884033203 L168.906005859375 89.25800323486328 C168.906005859375 73.59400177001953 153.593994140625 59.33599853515625 136.48399353027344 58.632999420166016 L132.656005859375 58.47700119018555 L129.2969970703125 49.96099853515625 C124.18000030517578 38.71099853515625 112.85199737548828 31.05500030517578 99.96099853515625 31.05500030517578 C84.72699737548828 31.05500030517578 71.68000030517578 41.875 68.43800354003906 56.71900177001953 C68.28099822998047 57.34400177001953 68.31999969482422 57.14799880981445 68.24199676513672 57.69499969482422 L60.85900115966797 58.90599822998047 C44.80500030517578 60.81999969482422 30.97699737548828 74.4530029296875 30.97699737548828 89.33599853515625 L30.97699737548828 95.46900177001953 C30.97699737548828 101.40599822998047 32.69499969482422 106.9530029296875 35.58599853515625 111.64099884033203""></path></svg>"
2851c25b3ceb6e15363bd1e8e6b0b8e8,"<svg xmlns=""http://www.w3.org/2000/svg"" viewBox=""0.0 0.0 200.0 200.0"" height=""200.0px"" width=""200.0px""><path fill=""#E0EBFE"" fill-opacity=""1.0""  filling=""0"" d=""M172.42999267578125 181.25 C163.86700439453125 181.18800354003906 149.80499267578125 181.06199645996094 141.86700439453125 181.0 L141.86700439453125 180.93800354003906 C139.74200439453125 180.93800354003906 137.61700439453125 180.93800354003906 135.42999267578125 180.875 C132.92999267578125 169.31199645996094 134.11700439453125 157.125 141.74200439453125 139.875 C148.30499267578125 124.93800354003906 170.80499267578125 118.875 186.55499267578125 116.5 C187.11700439453125 124.375 187.61700439453125 130.75 187.92999267578125 133.375 C191.17999267578125 155.375 193.86700439453125 181.43800354003906 172.42999267578125 181.25 Z""></path>
<path fill=""#5465CF"" fill-opacity=""1.0""  filling=""0"" d=""M179.5229949951172 12.505996704101562 C175.0229949951172 12.505996704101562 170.05499267578125 13.356002807617188 164.79800415039062 14.255996704101562 C158.84800720214844 15.268997192382812 152.697998046875 16.319000244140625 146.4980010986328 16.319000244140625 L145.7550048828125 16.311996459960938 C138.34800720214844 16.224998474121094 130.9669952392578 15.48699951171875 123.83000183105469 14.768997192382812 C117.02999877929688 14.081001281738281 110.5979995727539 13.444000244140625 104.81099700927734 13.444000244140625 C99.27300262451172 13.444000244140625 94.99199676513672 14.025001525878906 91.39199829101562 15.255996704101562 C77.3550033569336 19.944000244140625 76.08599853515625 42.724998474121094 82.01699829101562 61.78099822998047 C83.91699981689453 67.93099975585938 87.44200134277344 71.61299896240234 92.9229965209961 73.08100128173828 C92.89800262451172 86.19999694824219 91.77300262451172 99.25599670410156 91.44200134277344 100.91200256347656 C87.62999725341797 110.4000015258789 70.37999725341797 113.81900024414062 39.986000061035156 110.71900177001953 C21.641998291015625 108.90599822998047 11.916999816894531 116.41899871826172 7.230003356933594 122.6500015258789 C-1.552001953125 134.33700561523438 -0.983001708984375 151.21200561523438 2.1729965209960938 162.11300659179688 C8.298004150390625 183.26300048828125 23.548004150390625 187.51300048828125 46.1609992980957 187.51300048828125 L48.323001861572266 187.5 C83.08599853515625 187.06199645996094 112.1729965209961 187.0 135.2480010986328 187.125 C137.19200134277344 187.18099975585938 139.09800720214844 187.18800354003906 140.98599243164062 187.18800354003906 C141.26100158691406 187.22500610351562 141.53599548339844 187.25 141.81700134277344 187.25 L172.66099548339844 187.5 C179.8730010986328 187.5 185.60499572753906 185.10000610351562 189.69200134277344 180.36199951171875 C198.7550048828125 169.86199951171875 196.8419952392578 150.94400024414062 194.1300048828125 132.63099670410156 C193.822998046875 130.05599975585938 193.3419952392578 123.78700256347656 192.79200744628906 116.09400177001953 C191.86099243164062 101.76899719238281 190.8979949951172 83.53099822998047 190.6230010986328 74.0 C195.52999877929688 72.3499984741211 198.4669952392578 68.56900024414062 198.91099548339844 63.025001525878906 C200.5800018310547 40.82500076293945 201.78599548339844 24.775001525878906 193.1230010986328 16.987998962402344 C189.78599548339844 13.974998474121094 185.3419952392578 12.505996704101562 179.5229949951172 12.505996704101562 Z M156.30499267578125 28.175003051757812 C160.01100158691406 27.73699951171875 163.5800018310547 27.143997192382812 166.8979949951172 26.574996948242188 C167.54200744628906 26.462997436523438 168.17300415039062 26.369003295898438 168.80499267578125 26.262001037597656 L168.80499267578125 62.03099822998047 L156.30499267578125 61.875 L156.30499267578125 28.175003051757812 Z M137.55499267578125 28.425003051757812 C140.2169952392578 28.586997985839844 142.86700439453125 28.775001525878906 145.5919952392578 28.811996459960938 L146.4980010986328 28.811996459960938 C147.697998046875 28.811996459960938 148.8730010986328 28.744003295898438 150.05499267578125 28.688003540039062 L150.05499267578125 61.7869987487793 L137.55499267578125 61.63100051879883 L137.55499267578125 28.425003051757812 Z M118.80500030517578 26.84400177001953 C120.05500030517578 26.95600128173828 121.30500030517578 27.08100128173828 122.58599853515625 27.20600128173828 C125.44200134277344 27.494003295898438 128.3730010986328 27.755996704101562 131.30499267578125 28.01300048828125 L131.30499267578125 61.54999923706055 L118.80500030517578 61.387001037597656 L118.80500030517578 26.84400177001953 Z M95.39199829101562 27.099998474121094 C99.00499725341797 25.862998962402344 105.20500183105469 25.849998474121094 112.55500030517578 26.349998474121094 L112.55500030517578 61.305999755859375 L99.19200134277344 61.13100051879883 C98.93000030517578 61.13100051879883 98.69200134277344 61.25600051879883 98.43000030517578 61.29399871826172 C94.96700286865234 61.20600128173828 94.68000030517578 60.41299819946289 93.95500183105469 58.07500076293945 C89.33000183105469 43.20000076293945 90.8479995727539 28.619003295898438 95.39199829101562 27.099998474121094 Z M130.9550018310547 174.60000610351562 A4970.2060546875 4970.2060546875 0.0 0 0 48.16699981689453 175.0 L46.16699981689453 175.01300048828125 C22.71099853515625 175.01300048828125 17.52300262451172 170.18099975585938 14.180000305175781 158.63699340820312 C11.641998291015625 149.8560028076172 11.597999572753906 137.6439971923828 17.222999572753906 130.16299438476562 C20.830001831054688 125.36299896240234 26.61700439453125 122.93099975585938 34.43000030517578 122.93099975585938 C35.80500030517578 122.93099975585938 37.242000579833984 123.00599670410156 38.736000061035156 123.15599822998047 C46.34199905395508 123.93099975585938 53.29800033569336 124.31900024414062 59.41699981689453 124.31900024414062 C83.697998046875 124.31900024414062 97.96700286865234 118.19400024414062 103.08000183105469 105.46900177001953 C104.24800109863281 102.4000015258789 105.31700134277344 87.10600280761719 105.41100311279297 74.10600280761719 L178.15499877929688 75.04399871826172 C178.46099853515625 84.9749984741211 179.3730010986328 101.98100280761719 180.16099548339844 114.50599670410156 C152.28599548339844 116.75599670410156 130.30499267578125 139.281005859375 130.30499267578125 166.69400024414062 C130.30499267578125 169.3560028076172 130.54200744628906 171.99400329589844 130.9550018310547 174.6060028076172 L130.9550018310547 174.60000610351562 Z M180.22999572753906 172.19400024414062 C179.19200134277344 173.39999389648438 177.2729949951172 175.0 172.47999572753906 175.0 L142.79200744628906 174.75 A6.638000011444092 6.638000011444092 0.0 0 0 141.86700439453125 174.68800354003906 C140.42300415039062 174.73800659179688 138.88600158691406 174.68800354003906 137.35499572753906 174.6439971923828 A44.474998474121094 44.474998474121094 0.0 0 1 136.55499267578125 166.69400024414062 C136.55499267578125 142.58099365234375 155.9669952392578 122.75599670410156 180.59800720214844 120.73799896240234 C181.05499267578125 126.94400024414062 181.46099853515625 131.91900634765625 181.7480010986328 134.28799438476562 C183.3419952392578 145.0749969482422 186.31100463867188 165.156005859375 180.22999572753906 172.19400024414062 Z M186.41700744628906 62.224998474121094 C186.16700744628906 62.2869987487793 185.7169952392578 62.349998474121094 185.15499877929688 62.39400100708008 C184.8979949951172 62.36199951171875 184.67300415039062 62.237998962402344 184.40499877929688 62.237998962402344 L175.05499267578125 62.11199951171875 L175.05499267578125 25.400001525878906 C179.67999267578125 24.912002563476562 183.31700134277344 24.974998474121094 184.7480010986328 26.275001525878906 C188.822998046875 29.930999755859375 187.59800720214844 46.73099899291992 186.41700744628906 62.224998474121094 Z""></path></svg>"
bf12a0c8-379b-4661-af84-94a26b15a80e,"<svg fill=""none"" height=""128"" viewBox=""0 0 128 128"" width=""128"" xmlns=""http://www.w3.org/2000/svg"" xmlns:xlink=""http://www.w3.org/1999/xlink""><clipPath id=""a""><path d=""m.5.5h122.67v122.67h-122.67z""/></clipPath><g clip-path=""url(#a)"" stroke=""#13193a"" stroke-linecap=""round"" stroke-width=""1.5""><path d=""m48 90.67l-23.47-19.68c-4.32-3.63-4.32-10.4 0-14.03l23.47-19.63"" stroke-linejoin=""round""/><path d=""m106.67 64h-85.34""/></g></svg>"
93bac8b8e5cfb84cfd53f337293f9775,"<svg xmlns=""http://www.w3.org/2000/svg"" viewBox=""0.0 0.0 200.0 200.0"" height=""200.0px"" width=""200.0px""><path fill=""#333333"" fill-opacity=""1.0""  filling=""0"" d=""M199.89199829101562 82.81199645996094 L185.5030059814453 178.125 A9.404999732971191 9.404999732971191 0.0 0 1 176.53399658203125 185.93800354003906 L7.8119964599609375 185.93800354003906 A7.811999797821045 7.811999797821045 0.0 0 1 0.0 178.125 L0.0 21.875 A7.811999797821045 7.811999797821045 0.0 0 1 7.8119964599609375 14.061996459960938 L104.68800354003906 14.061996459960938 A6.25 6.25 0.0 0 1 110.93800354003906 20.311996459960938 L110.93800354003906 45.3120002746582 L178.125 45.3120002746582 A6.25 6.25 0.0 0 1 184.375 51.5620002746582 L184.375 75.0 L193.281005859375 75.0 A6.546999931335449 6.546999931335449 0.0 0 1 199.89199829101562 82.81199645996094 Z M171.875 57.8120002746582 L104.68800354003906 57.8120002746582 A6.25 6.25 0.0 0 1 98.43800354003906 51.5620002746582 L98.43800354003906 26.561996459960938 L15.625 26.561996459960938 A3.125 3.125 0.0 0 0 12.5 29.688003540039062 L12.5 106.39099884033203 L16.058998107910156 82.81199645996094 A9.404999732971191 9.404999732971191 0.0 0 1 25.027999877929688 75.0 L171.875 75.0 L171.875 57.8120002746582 Z M183.60499572753906 87.5 L30.938003540039062 87.5 A3.760999917984009 3.760999917984009 0.0 0 0 27.34400177001953 90.625 L15.311996459960938 170.31199645996094 A2.61899995803833 2.61899995803833 0.0 0 0 17.95600128173828 173.43800354003906 L170.625 173.43800354003906 A3.759000062942505 3.759000062942505 0.0 0 0 174.218994140625 170.31199645996094 L186.25 90.625 A2.617000102996826 2.617000102996826 0.0 0 0 183.60499572753906 87.5 Z""></path></svg>"
ce54df39bd2cc3f034d0e9ad37b57e54,"<svg xmlns=""http://www.w3.org/2000/svg"" viewBox=""0.0 0.0 200.0 200.0"" height=""200.0px"" width=""200.0px""><path fill="""" fill-opacity=""1.0""  filling=""0"" d=""M100.0 15.9091796875 C50.0 15.9091796875 9.0908203125 50.454490661621094 9.0908203125 93.18183898925781 C9.0908203125 103.18183898925781 11.363670349121094 113.18183898925781 15.9091796875 122.72734832763672 C16.81816864013672 125.0 19.545509338378906 125.90918731689453 21.818161010742188 125.0 C24.0908203125 124.09081268310547 25.0 121.36367797851562 24.0908203125 119.0908203125 C20.0 110.4544906616211 18.181838989257812 101.81816864013672 18.181838989257812 93.18183898925781 C18.181838989257812 55.454490661621094 55.0 25.0 100.0 25.0 C145.0 25.0 181.8181610107422 55.454490661621094 181.8181610107422 93.18183898925781 C181.8181610107422 130.9091796875 145.0 161.36367797851562 100.0 161.36367797851562 C91.36367797851562 161.36367797851562 83.18183898925781 160.45448303222656 75.0 158.1818389892578 C74.0908203125 157.72735595703125 73.18183898925781 158.1818389892578 72.27265930175781 158.1818389892578 L33.18183135986328 172.72735595703125 L38.63632583618164 140.9091796875 C39.090824127197266 138.63632202148438 37.27265548706055 135.9091796875 35.0 135.45448303222656 C32.72734069824219 135.0 30.0 136.8181610107422 29.545509338378906 139.0908203125 L22.72734832763672 178.63632202148438 C22.72734832763672 180.45449829101562 23.181838989257812 181.8181610107422 24.545509338378906 183.18182373046875 C25.454490661621094 184.0908203125 26.363670349121094 184.0908203125 27.27265167236328 184.0908203125 C27.727340698242188 184.0908203125 28.181838989257812 184.0908203125 28.636322021484375 183.63632202148438 L73.6363296508789 167.27264404296875 C82.27265930175781 169.54550170898438 90.9091796875 170.45449829101562 99.5455093383789 170.45449829101562 C149.54550170898438 170.45449829101562 190.45449829101562 135.9091796875 190.45449829101562 93.18183898925781 C190.9091796875 50.454490661621094 150.0 15.9091796875 100.0 15.9091796875 Z""></path>
<path fill="""" fill-opacity=""1.0""  filling=""0"" d=""M117.72734069824219 95.4544906616211 C117.72734069824219 85.9091796875 110.0 78.6363296508789 100.90918731689453 78.6363296508789 C91.36367797851562 78.6363296508789 84.0908203125 86.3636703491211 84.0908203125 95.4544906616211 C84.0908203125 104.99999237060547 91.81816864013672 112.27265930175781 100.90918731689453 112.27265930175781 C110.4544906616211 112.27265930175781 117.72734069824219 104.99999237060547 117.72734069824219 95.4544906616211 Z M93.18183898925781 95.4544906616211 C93.18183898925781 90.9091796875 96.81816864013672 87.72734069824219 100.90918731689453 87.72734069824219 C104.99999237060547 87.72734069824219 108.6363296508789 91.36367797851562 108.6363296508789 95.4544906616211 C108.6363296508789 100.0 104.99999237060547 103.18183898925781 100.90918731689453 103.18183898925781 C96.81816864013672 103.18183898925781 93.18183898925781 100.0 93.18183898925781 95.4544906616211 Z M159.0908203125 95.4544906616211 C159.0908203125 85.9091796875 151.36367797851562 78.6363296508789 142.27264404296875 78.6363296508789 C133.1818389892578 78.6363296508789 125.45449829101562 86.3636703491211 125.45449829101562 95.4544906616211 C125.45449829101562 104.99999237060547 133.1818389892578 112.27265930175781 142.27264404296875 112.27265930175781 C151.36367797851562 112.27265930175781 159.0908203125 104.99999237060547 159.0908203125 95.4544906616211 Z M134.0908203125 95.4544906616211 C134.0908203125 90.9091796875 137.7273406982422 87.72734069824219 141.8181610107422 87.72734069824219 C145.9091796875 87.72734069824219 150.0 90.9091796875 150.0 95.4544906616211 C150.0 100.0 146.36367797851562 103.18183898925781 142.27264404296875 103.18183898925781 C138.1818389892578 103.18183898925781 134.0908203125 100.0 134.0908203125 95.4544906616211 Z M76.81816101074219 95.4544906616211 C76.81816101074219 85.9091796875 69.0908203125 78.6363296508789 60.000003814697266 78.6363296508789 C50.9091796875 78.6363296508789 42.72734451293945 85.9091796875 42.72734451293945 95.4544906616211 C42.72734451293945 104.99999237060547 50.454490661621094 112.27265930175781 59.54550552368164 112.27265930175781 C68.6363296508789 112.27265930175781 76.81816101074219 104.99999237060547 76.81816101074219 95.4544906616211 Z M51.81816101074219 95.4544906616211 C51.81816101074219 90.9091796875 55.454490661621094 87.72734069824219 59.54550552368164 87.72734069824219 C63.63632583618164 87.72734069824219 67.27265930175781 91.36367797851562 67.27265930175781 95.4544906616211 C67.27265930175781 100.0 63.63632583618164 103.18183898925781 59.54550552368164 103.18183898925781 C55.454490661621094 103.18183898925781 51.81816101074219 100.0 51.81816101074219 95.4544906616211 Z""></path></svg>"
363d477f8036ac66e42ead865d12c9e8,"<svg xmlns=""http://www.w3.org/2000/svg"" viewBox=""0.0 0.0 200.0 200.0"" height=""200.0px"" width=""200.0px""><path fill=""#000000"" fill-opacity=""1.0""  filling=""0"" d=""M168.3769989013672 63.30699920654297 C162.43800354003906 52.55799865722656 153.93600463867188 43.540000915527344 143.79600524902344 37.23099899291992 C142.76199340820312 36.573001861572266 141.84300231933594 36.13600158691406 140.71200561523438 36.13600158691406 C137.8560028076172 36.13600158691406 135.531005859375 38.59400177001953 135.531005859375 41.61600112915039 C135.531005859375 43.66699981689453 136.59800720214844 45.45800018310547 138.44700622558594 46.52199935913086 C156.322998046875 57.58599853515625 167.4290008544922 78.06800079345703 167.4290008544922 99.9749984741211 C167.4290008544922 121.86100006103516 156.33399963378906 142.33399963378906 138.48500061035156 153.39700317382812 C137.0070037841797 154.2570037841797 135.4290008544922 156.0189971923828 135.4290008544922 158.38400268554688 C135.4290008544922 161.406005859375 137.7570037841797 163.86399841308594 140.61900329589844 163.86399841308594 C141.8249969482422 163.86399841308594 142.77699279785156 163.343994140625 143.6510009765625 162.8090057373047 C153.83599853515625 156.50599670410156 162.3719940185547 147.48199462890625 168.33799743652344 136.71299743652344 C174.48500061035156 125.61799621582031 177.73399353027344 112.91400146484375 177.73399353027344 99.9739990234375 C177.73399353027344 87.06500244140625 174.49899291992188 74.38600158691406 168.3769989013672 63.30799865722656 L168.3769989013672 63.30699920654297 Z M149.52999877929688 100.09600067138672 C149.52999877929688 92.47200012207031 147.61599731445312 84.98600006103516 143.99400329589844 78.447998046875 C140.47900390625 72.10199737548828 135.4499969482422 66.78700256347656 129.45199584960938 63.07699966430664 L129.4340057373047 63.066001892089844 C129.25900268554688 62.970001220703125 127.69499969482422 62.125 126.53299713134766 62.125 C123.65699768066406 62.125 121.31600189208984 64.59400177001953 121.31600189208984 67.62899780273438 C121.31600189208984 69.61799621582031 122.30500030517578 71.45999908447266 123.89900207519531 72.43900299072266 C133.25599670410156 78.08000183105469 139.0679931640625 88.6780014038086 139.0679931640625 100.09600067138672 C139.0679931640625 111.75299835205078 133.0760040283203 122.46299743652344 123.42900085449219 128.04800415039062 L123.41300201416016 128.05799865722656 C121.85399627685547 129.05799865722656 120.92400360107422 130.81700134277344 120.92400360107422 132.76400756835938 C120.92400360107422 135.80499267578125 123.26000213623047 138.2779998779297 126.12699890136719 138.2779998779297 L126.15499877929688 138.2779998779297 C127.36499786376953 138.2779998779297 128.73300170898438 137.56700134277344 128.7899932861328 137.53700256347656 L128.80999755859375 137.5260009765625 C141.59100341796875 129.95199584960938 149.52999877929688 115.61000061035156 149.52999877929688 100.09600067138672 Z M106.51899719238281 23.900001525878906 A5.98799991607666 5.98799991607666 0.0 0 0 103.80400085449219 23.24200439453125 C102.39700317382812 23.24200439453125 101.01699829101562 23.751998901367188 99.91899871826172 24.677001953125 L99.89399719238281 24.696998596191406 C98.99700164794922 25.4530029296875 90.875 32.28099822998047 82.03099822998047 39.19200134277344 C66.052001953125 51.6870002746582 61.207000732421875 53.917999267578125 60.25400161743164 54.27799987792969 L39.959999084472656 54.27799987792969 C39.82699966430664 54.27799987792969 39.707000732421875 54.2869987487793 39.595001220703125 54.29600143432617 L29.208999633789062 54.29600143432617 C26.349998474121094 54.29600143432617 24.02300262451172 56.75199890136719 24.02300262451172 59.770999908447266 L24.02300262451172 140.24600219726562 C24.02300262451172 143.26199340820312 26.349998474121094 145.71600341796875 29.208999633789062 145.71600341796875 L64.0270004272461 145.7259979248047 C64.9520034790039 146.11099243164062 69.51300048828125 148.41299438476562 83.67500305175781 160.67100524902344 C88.50900268554688 164.85299682617188 94.09500122070312 169.88299560546875 99.40399932861328 174.83700561523438 C99.54499816894531 174.968994140625 99.63600158691406 175.0540008544922 99.67500305175781 175.08900451660156 L99.67500305175781 175.08999633789062 C100.81099700927734 176.1649932861328 102.2760009765625 176.75799560546875 103.8010025024414 176.75799560546875 C104.66999816894531 176.75799560546875 105.55500030517578 176.55599975585938 106.35900115966797 176.1739959716797 C108.65399932861328 175.0780029296875 110.1969985961914 172.6719970703125 110.1969985961914 170.18699645996094 C110.1969985961914 169.91900634765625 110.24600219726562 143.33299255371094 110.24600219726562 142.80299377441406 C110.24600219726562 142.26199340820312 110.0250015258789 30.936004638671875 110.02200317382812 29.811996459960938 C110.02200317382812 27.275001525878906 108.68000030517578 25.01000213623047 106.51899719238281 23.900001525878906 L106.51899719238281 23.900001525878906 L106.51899719238281 23.900001525878906 Z M99.97200012207031 141.8939971923828 L99.89299774169922 159.4320068359375 C97.24700164794922 157.0590057373047 94.68800354003906 154.80999755859375 92.27300262451172 152.73699951171875 C72.88899993896484 136.0679931640625 68.02999877929688 134.67300415039062 64.71499633789062 134.67300415039062 A0.9810000061988831 0.9810000061988831 0.0 0 0 64.53299713134766 134.69200134277344 C64.52200317382812 134.6909942626953 64.51200103759766 134.68899536132812 64.5009994506836 134.68699645996094 A0.996999979019165 0.996999979019165 0.0 0 0 64.34200286865234 134.67300415039062 L38.1609992980957 134.67300415039062 C35.14900207519531 134.67300415039062 34.499000549316406 133.9429931640625 34.499000549316406 130.56199645996094 L34.499000549316406 68.76899719238281 C34.499000549316406 66.39700317382812 34.75299835205078 65.27999877929688 37.069000244140625 65.27999877929688 L60.654998779296875 65.27999877929688 C63.88199996948242 65.27999877929688 68.80500030517578 63.9010009765625 89.98799896240234 47.42599868774414 A632.114013671875 632.114013671875 0.0 0 0 99.88899993896484 39.56100082397461 C99.89700317382812 49.7760009765625 99.97200012207031 141.48899841308594 99.97200012207031 141.8939971923828 L99.97200012207031 141.8939971923828 Z""></path></svg>"
afda3458e088c1f3d2bf6ade3d448fa6,"<svg xmlns=""http://www.w3.org/2000/svg"" viewBox=""0.0 0.0 200.0 200.0"" height=""200.0px"" width=""200.0px""><path fill=""#231F20"" fill-opacity=""1.0""  filling=""0"" d=""M188.0 110.9375 L125.5 70.75 L124.625 70.3125 L128.125 33.375 A30.125001907348633 30.125001907348633 0.0 0 0 128.125 28.0 A28.25 28.25 0.0 1 0 71.875 33.375 L75.375 70.3125 L74.5 70.75 L12.0 110.9375 A12.5 12.5 0.0 0 0 6.25 121.5 L6.25 134.4375 A12.5 12.5 0.0 0 0 22.9375 146.1875 L80.625 125.5625 L84.0625 161.8125 L70.5625 175.3125 C67.9375 177.9375 68.75 181.25 68.75 187.5 A6.25 6.25 0.0 0 0 76.8125 193.75 L98.25 187.5 A6.25 6.25 0.0 0 1 101.81250762939453 187.5 L123.25 193.75 A6.25 6.25 0.0 0 0 131.25 187.5 C131.25 181.25 132.0625 177.9375 129.4375 175.3125 L115.93749237060547 161.8125 L119.375 125.5625 L177.0625 146.1875 A12.5 12.5 0.0 0 0 193.75 134.4375 L193.75 121.5 A12.5 12.5 0.0 0 0 188.0 110.9375 Z""></path></svg>"
f79a5b0b-ca8a-492f-9edd-4c09fe80ad34,"<svg height=""128"" viewBox=""0 0 32 32"" width=""128"" xmlns=""http://www.w3.org/2000/svg""><g fill=""none"" fill-rule=""evenodd""><path d=""m0 0h32v32h-32z""/><path d=""m24 1v12h-3v18h-10v-18h-3v-12zm-5 12h-6v16h6zm-2 2v5h-2v-5zm5-12h-12v8h12zm-3 2v2h-6v-2z"" fill=""#000000"" fill-rule=""nonzero""/></g></svg>"
eeb810ad1f6d55ae95bd61cb3cf9d54b,"<svg xmlns=""http://www.w3.org/2000/svg"" viewBox=""0.0 0.0 200.0 200.0"" height=""200.0px"" width=""200.0px""><path fill=""#4C7FFE"" fill-opacity=""1.0""  filling=""0"" d=""M86.4000015258789 101.19999694824219 C83.60000610351562 101.60000610351562 81.19999694824219 99.5999984741211 80.80000305175781 96.80000305175781 L76.80000305175781 65.19999694824219 C76.4000015258789 62.400001525878906 78.39999389648438 60.000003814697266 81.19999694824219 59.60000228881836 C84.0 59.20000076293945 86.4000015258789 61.19999694824219 86.79999542236328 64.0 L90.80000305175781 95.5999984741211 C91.19999694824219 98.4000015258789 89.20000457763672 100.80000305175781 86.4000015258789 101.19999694824219 Z""></path>
<path fill=""#231815"" fill-opacity=""1.0""  filling=""0"" d=""M145.60000610351562 22.0 C140.8000030517578 19.20000457763672 135.1999969482422 19.20000457763672 130.0 21.599998474121094 L77.19999694824219 46.79999923706055 L51.20000076293945 50.0 C41.999996185302734 51.20000076293945 35.19999694824219 59.60000228881836 36.39999771118164 68.80000305175781 L40.79999923706055 102.80000305175781 C41.999996185302734 112.0 50.400001525878906 118.79999542236328 59.60000228881836 117.5999984741211 L60.000003814697266 117.5999984741211 L66.39999389648438 168.39999389648438 C67.19999694824219 175.60000610351562 73.5999984741211 180.39999389648438 80.80000305175781 179.60000610351562 C84.39999389648438 179.20001220703125 87.19999694824219 177.60000610351562 89.60000610351562 174.8000030517578 C91.5999984741211 172.0 92.79999542236328 168.79998779296875 92.4000015258789 165.1999969482422 L86.0 114.40000915527344 L142.79998779296875 126.0 C144.79998779296875 126.40000915527344 146.39999389648438 126.40000915527344 148.39999389648438 126.40000915527344 C152.0 126.0 155.20001220703125 124.39999389648438 158.0 122.0 C162.0 118.4000015258789 164.0 112.80000305175781 163.1999969482422 107.5999984741211 L154.39999389648438 34.79999542236328 C153.60000610351562 29.599998474121094 150.39999389648438 24.800003051757812 145.60000610351562 22.0 Z M82.0 168.79998779296875 C81.5999984741211 169.60000610351562 80.80000305175781 170.0 80.0 170.0 C78.39999389648438 170.0 76.80000305175781 169.20001220703125 76.80000305175781 167.60000610351562 L70.4000015258789 116.80000305175781 L76.0 116.0 L82.4000015258789 166.79998779296875 C82.4000015258789 167.60000610351562 82.4000015258789 168.39999389648438 82.0 168.79998779296875 Z M153.1999969482422 108.80000305175781 C153.60000610351562 111.19999694824219 152.8000030517578 113.19999694824219 151.1999969482422 114.80000305175781 C149.60000610351562 116.4000015258789 147.1999969482422 116.80000305175781 145.1999969482422 116.4000015258789 L87.19999694824219 104.79999542236328 L85.5999984741211 104.79999542236328 L58.79999923706055 108.0 C54.79999923706055 108.4000015258789 51.599998474121094 105.5999984741211 50.80000305175781 102.0 L46.39999771118164 68.0 C46.000003814697266 64.0 48.80000305175781 60.79999923706055 52.39999771118164 60.000003814697266 L79.19999694824219 56.80000305175781 C79.5999984741211 56.80000305175781 79.5999984741211 56.80000305175781 80.0 56.400001525878906 L80.80000305175781 56.400001525878906 L134.0 30.79999542236328 C136.0 30.0 138.39999389648438 30.0 140.40000915527344 30.79999542236328 C142.79998779296875 32.0 144.0 34.0 144.39999389648438 36.0 L153.1999969482422 108.80000305175781 Z""></path></svg>"
9eff1981af2d3adfdfa60004557b43a4,"<svg xmlns=""http://www.w3.org/2000/svg"" viewBox=""0.0 0.0 200.0 200.0"" height=""200.0px"" width=""200.0px""><path fill=""#666666"" fill-opacity=""1.0""  filling=""0"" d=""M60.900001525878906 164.26699829101562 L116.44999694824219 30.932998657226562 L127.99199676513672 35.733001708984375 L72.43299865722656 169.06700134277344 L60.900001525878906 164.26699829101562 Z""></path></svg>"
30d5bc926cf885da954cfe2ed9bca5e0,"<svg xmlns=""http://www.w3.org/2000/svg"" viewBox=""0.0 0.0 200.0 200.0"" height=""200.0px"" width=""200.0px""><path fill=""#272636"" fill-opacity=""1.0""  filling=""0"" d=""M170.7333984375 29.341407775878906 C131.61172485351562 -9.780464172363281 68.53788757324219 -9.780464172363281 29.416015625 29.341407775878906 C-9.705665588378906 68.46308898925781 -9.705665588378906 131.5369110107422 29.416015625 170.65858459472656 C68.53788757324219 209.78048706054688 131.61172485351562 209.78048706054688 170.7333984375 170.65858459472656 C209.8552703857422 131.5369110107422 209.4560546875 68.46308898925781 170.7333984375 29.341407775878906 Z M144.38613891601562 141.51699829101562 C145.1845703125 142.3154296875 145.1845703125 143.5128936767578 144.38613891601562 144.31134033203125 C143.98690795898438 144.71055603027344 143.5876922607422 144.71055603027344 142.7892608642578 144.71055603027344 C141.99102783203125 144.71055603027344 141.591796875 144.71055603027344 141.1925811767578 144.31134033203125 L100.0748062133789 102.7943344116211 L58.55781555175781 144.31134033203125 C58.15859603881836 144.71055603027344 57.75937271118164 144.71055603027344 56.960941314697266 144.71055603027344 C56.162498474121094 144.71055603027344 55.76327896118164 144.71055603027344 55.3642578125 144.31134033203125 C54.56582260131836 143.5128936767578 54.56582260131836 142.3154296875 55.3642578125 141.51699829101562 L97.2802734375 100.0 L55.76327896118164 58.483009338378906 C54.96503829956055 57.6845703125 54.96503829956055 56.48710632324219 55.76327896118164 55.68867492675781 C56.56172180175781 54.89023208618164 57.75937271118164 54.89023208618164 58.55781555175781 55.68867492675781 L100.0748062133789 97.2056655883789 L141.591796875 55.68867492675781 C142.39004516601562 54.89023208618164 143.5876922607422 54.89023208618164 144.38613891601562 55.68867492675781 C145.1845703125 56.48710632324219 145.1845703125 57.6845703125 144.38613891601562 58.483009338378906 L102.869140625 100.0 L144.38613891601562 141.51699829101562 Z""></path></svg>"
87fc9ad6d0953f556f3f0d36a9e6abee,"<svg xmlns=""http://www.w3.org/2000/svg"" viewBox=""0.0 0.0 200.0 200.0"" height=""200.0px"" width=""200.0px""><path fill=""#707070"" fill-opacity=""1.0""  filling=""0"" d=""M106.8154296875 93.1845703125 L106.8154296875 52.278709411621094 A6.8154296875 6.8154296875 0.0 0 0 100.01386260986328 45.44941329956055 A6.801562786102295 6.801562786102295 0.0 0 0 93.19844055175781 52.23711013793945 L93.19844055175781 93.1845703125 L52.278709411621094 93.1845703125 A6.8154296875 6.8154296875 0.0 0 0 45.44941329956055 99.98612976074219 A6.801562786102295 6.801562786102295 0.0 0 0 52.278709411621094 106.80155944824219 L93.1845703125 106.80155944824219 L93.1845703125 147.70742797851562 A6.8154296875 6.8154296875 0.0 0 0 106.8154296875 147.70742797851562 L106.8154296875 106.8154296875 L147.72128295898438 106.8154296875 A6.8154296875 6.8154296875 0.0 0 0 147.72128295898438 93.1845703125 L106.8154296875 93.1845703125 Z M100.0 200.0 A100.0 100.0 0.0 1 1 200.0 100.0 A100.0 100.0 0.0 0 1 100.0 200.0 Z""></path></svg>"
068efa43794f885e51025d7fd682f50e,"<svg xmlns=""http://www.w3.org/2000/svg"" viewBox=""0.0 0.0 200.0 200.0"" height=""200.0px"" width=""200.0px""><path fill=""#000000"" fill-opacity=""1.0""  filling=""0"" d=""M100.0 0.0 C155.2312469482422 0.0 200.0 44.76874923706055 200.0 100.0 C200.0 155.2312469482422 155.2312469482422 200.0 100.0 200.0 C44.76874923706055 200.0 0.0 155.2312469482422 0.0 100.0 C0.0 44.76874923706055 44.76874923706055 0.0 100.0 0.0 Z M100.0 181.25 C144.875 181.25 181.25 144.875 181.25 100.0 C181.25 55.125 144.875 18.75 100.0 18.75 C55.125 18.75 18.75 55.125 18.75 100.0 C18.75 144.875 55.125 181.25 100.0 181.25 Z M125.0 50.0 C131.90625 50.0 137.5 55.593753814697266 137.5 62.5 C137.5 69.40625 131.90625 75.0 125.0 75.0 L92.6812515258789 75.0 L146.33749389648438 128.66250610351562 C151.21875 133.54376220703125 151.21875 141.45623779296875 146.33749389648438 146.34375 C143.89999389648438 148.78125 140.6999969482422 150.0 137.5 150.0 C134.3000030517578 150.0 131.10000610351562 148.78125 128.66250610351562 146.33749389648438 L75.0 92.67500305175781 L75.0 125.0 C75.0 131.90625 69.40625 137.5 62.5 137.5 C55.593753814697266 137.5 50.0 131.90625 50.0 125.0 L50.0 50.0 L125.0 50.0 Z""></path></svg>"
fe163c205f88c88bd83c9eeefb5cf5f7,"<svg xmlns=""http://www.w3.org/2000/svg"" viewBox=""0.0 0.0 200.0 200.0"" height=""200.0px"" width=""200.0px""><path fill="""" fill-opacity=""1.0""  filling=""0"" d=""M130.27362060546875 198.3533172607422 L130.27362060546875 0.7392578125 L107.5591812133789 0.7392578125 L69.2281265258789 35.94609832763672 L84.27676391601562 52.413475036621094 L107.8423843383789 30.835357666015625 L107.8423843383789 198.3533172607422 L130.27362060546875 198.3533172607422 Z""></path></svg>"
592e346300a900eac1eb0fa0b32ae657,"<svg xmlns=""http://www.w3.org/2000/svg"" viewBox=""0.0 0.0 200.0 200.0"" height=""200.0px"" width=""200.0px""><path fill=""#515151"" fill-opacity=""1.0""  filling=""0"" d=""M108.63700103759766 20.487998962402344 L170.55099487304688 52.62099838256836 C176.76499938964844 55.84600067138672 180.66400146484375 62.263999938964844 180.66400146484375 69.26399993896484 L180.66400146484375 100.0 C180.66400146484375 103.4520034790039 177.86599731445312 106.25 174.41400146484375 106.25 C170.96200561523438 106.25 168.16400146484375 103.4520034790039 168.16400146484375 100.0 L168.16400146484375 69.26399993896484 A6.25 6.25 0.0 0 0 164.79299926757812 63.715999603271484 L102.87899780273438 31.58300018310547 A6.25 6.25 0.0 0 0 97.12100219726562 31.58300018310547 L35.207000732421875 63.715999603271484 A6.25 6.25 0.0 0 0 31.83599853515625 69.26399993896484 L31.83599853515625 145.11700439453125 C31.83599853515625 154.61000061035156 39.53099822998047 162.30499267578125 49.02299880981445 162.30499267578125 L93.75 162.30499267578125 C97.2020034790039 162.30499267578125 100.0 165.10299682617188 100.0 168.55499267578125 C100.0 172.00599670410156 97.2020034790039 174.80499267578125 93.75 174.80499267578125 L49.02299880981445 174.80499267578125 C32.62799835205078 174.80499267578125 19.33599853515625 161.51300048828125 19.33599853515625 145.11700439453125 L19.33599853515625 69.26399993896484 C19.33599853515625 62.26300048828125 23.235000610351562 55.84600067138672 29.448997497558594 52.62099838256836 L91.36299896240234 20.487998962402344 A18.75 18.75 0.0 0 1 108.63700103759766 20.487998962402344 Z M182.031005859375 113.08599853515625 C185.48300170898438 113.08599853515625 188.281005859375 115.88400268554688 188.281005859375 119.33599853515625 L188.281005859375 168.55499267578125 C188.281005859375 172.00599670410156 185.48300170898438 174.80499267578125 182.031005859375 174.80499267578125 L112.5 174.80499267578125 C109.0479965209961 174.80499267578125 106.25 172.00599670410156 106.25 168.55499267578125 L106.25 119.33599853515625 C106.25 115.88400268554688 109.0479965209961 113.08599853515625 112.5 113.08599853515625 L182.031005859375 113.08599853515625 Z M126.0739974975586 123.63300323486328 L116.7969970703125 123.63300323486328 L116.7969970703125 164.25799560546875 L126.0739974975586 164.25799560546875 L126.0739974975586 143.9459991455078 C123.81199645996094 142.7779998779297 122.26599884033203 140.41700744628906 122.26599884033203 137.69500732421875 C122.26599884033203 134.97300720214844 123.81199645996094 132.61300659179688 126.0739974975586 131.44400024414062 L126.0739974975586 123.63300323486328 Z M144.04299926757812 123.63300323486328 L132.32400512695312 123.63300323486328 L132.32400512695312 131.3470001220703 C134.69200134277344 132.47900390625 136.3280029296875 134.89599609375 136.3280029296875 137.69500732421875 C136.3280029296875 140.4949951171875 134.69200134277344 142.91200256347656 132.32400512695312 144.04299926757812 L132.32400512695312 164.25799560546875 L144.04299926757812 164.25799560546875 L144.04299926757812 156.25100708007812 C141.781005859375 155.08200073242188 140.23399353027344 152.7220001220703 140.23399353027344 150.0 C140.23399353027344 147.2779998779297 141.781005859375 144.91799926757812 144.04299926757812 143.74899291992188 L144.04299926757812 123.63300323486328 Z M162.40199279785156 123.63300323486328 L150.29299926757812 123.63300323486328 L150.29299926757812 143.65199279785156 C152.66099548339844 144.7830047607422 154.2969970703125 147.2010040283203 154.2969970703125 150.0 C154.2969970703125 152.7989959716797 152.66099548339844 155.2169952392578 150.29299926757812 156.34800720214844 L150.29299926757812 164.25799560546875 L162.40199279785156 164.25799560546875 L162.40199279785156 149.22000122070312 C160.13999938964844 148.05099487304688 158.593994140625 145.69000244140625 158.593994140625 142.968994140625 C158.593994140625 140.2469940185547 160.13999938964844 137.88600158691406 162.40199279785156 136.71800231933594 L162.40199279785156 123.63300323486328 Z M177.73399353027344 123.63300323486328 L168.65199279785156 123.63300323486328 L168.65199279785156 136.62100219726562 C171.02099609375 137.7519989013672 172.656005859375 140.16900634765625 172.656005859375 142.968994140625 C172.656005859375 145.76800537109375 171.02000427246094 148.18499755859375 168.65199279785156 149.31700134277344 L168.65199279785156 164.25799560546875 L177.73399353027344 164.25799560546875 L177.73399353027344 123.63300323486328 Z M87.5 132.32400512695312 C90.9520034790039 132.32400512695312 93.75 135.1219940185547 93.75 138.57400512695312 C93.75 142.0260009765625 90.9520034790039 144.82400512695312 87.5 144.82400512695312 L49.41400146484375 144.82400512695312 C45.96200180053711 144.82400512695312 43.16400146484375 142.0260009765625 43.16400146484375 138.57400512695312 C43.16400146484375 135.1219940185547 45.96200180053711 132.32400512695312 49.41400146484375 132.32400512695312 L87.5 132.32400512695312 Z M87.5 105.76200103759766 C90.9520034790039 105.76200103759766 93.75 108.55999755859375 93.75 112.01200103759766 C93.75 115.46299743652344 90.9520034790039 118.26200103759766 87.5 118.26200103759766 L49.41400146484375 118.26200103759766 C45.96200180053711 118.26200103759766 43.16400146484375 115.46299743652344 43.16400146484375 112.01200103759766 C43.16400146484375 108.55999755859375 45.96200180053711 105.76200103759766 49.41400146484375 105.76200103759766 L87.5 105.76200103759766 Z M49.42300033569336 79.1989974975586 L114.65799713134766 79.2969970703125 C118.11000061035156 79.302001953125 120.90399932861328 82.10399627685547 120.89800262451172 85.55599975585938 C120.89299774169922 89.00800323486328 118.09100341796875 91.802001953125 114.63899993896484 91.7969970703125 L49.404998779296875 91.6989974975586 C45.952999114990234 91.69400024414062 43.159000396728516 88.89199829101562 43.16400146484375 85.44000244140625 C43.16899871826172 81.98799896240234 45.97200012207031 79.19400024414062 49.42300033569336 79.1989974975586 Z""></path></svg>"
1cb3f7c5409a7bc41be0c8192a60cb97,"<svg xmlns=""http://www.w3.org/2000/svg"" viewBox=""0.0 0.0 200.0 200.0"" height=""200.0px"" width=""200.0px""><path fill=""#444444"" fill-opacity=""1.0""  filling=""0"" d=""M143.017578125 166.50390625 L60.59765625 166.50390625 C53.597660064697266 166.50390625 47.90234375 160.80859375 47.90234375 153.80859375 L47.90234375 50.09765625 C47.90234375 43.09765625 53.597660064697266 37.40234375 60.59765625 37.40234375 L116.048828125 37.40234375 C120.4921875 37.40234375 124.669921875 39.132808685302734 127.810546875 42.275394439697266 L150.83984375 65.3046875 C153.982421875 68.447265625 155.712890625 72.623046875 155.712890625 77.06640625 L155.712890625 153.806640625 C155.712890625 160.806640625 150.017578125 166.501953125 143.017578125 166.501953125 L143.017578125 166.50390625 Z M60.595703125 44.23828125 C57.365234375 44.23828125 54.736328125 46.867191314697266 54.736328125 50.09765625 L54.736328125 153.806640625 C54.736328125 157.037109375 57.365234375 159.666015625 60.595703125 159.666015625 L143.015625 159.666015625 C146.24609375 159.666015625 148.875 157.037109375 148.875 153.806640625 L148.875 77.06640625 C148.875 74.44921875 147.85546875 71.98828125 146.005859375 70.13671875 L122.9765625 47.107421875 C121.12499237060547 45.255863189697266 118.666015625 44.23828125 116.04686737060547 44.23828125 L60.595703125 44.23828125 Z""></path>
<path fill=""#F9C5A2"" fill-opacity=""1.0""  filling=""0"" d=""M73.25 124.0234375 L129.37109375 124.0234375 C134.00390625 124.0234375 134.00390625 124.0234375 134.00390625 128.65625 L134.00390625 141.546875 C134.00390625 146.1796875 134.00390625 146.1796875 129.37109375 146.1796875 L73.25 146.1796875 C68.6171875 146.1796875 68.6171875 146.1796875 68.6171875 141.546875 L68.6171875 128.65625 C68.6171875 124.0234375 68.6171875 124.0234375 73.25 124.0234375 Z""></path>
<path fill=""#444444"" fill-opacity=""1.0""  filling=""0"" d=""M95.3359375 105.40625 C93.447265625 105.40625 91.91796875 103.87694549560547 91.91796875 101.98828125 L91.91796875 77.47265625 L87.376953125 82.013671875 C86.04296875 83.34765625 83.87890625 83.34765625 82.54296875 82.013671875 C81.208984375 80.6796875 81.208984375 78.515625 82.54296875 77.1796875 L89.515625 70.20703125 A5.396484375 5.396484375 0.0 0 1 95.412109375 69.033203125 C97.44140625 69.873046875 98.751953125 71.8359375 98.751953125 74.033203125 L98.751953125 101.98828125 C98.751953125 103.87694549560547 97.22265625 105.40625 95.333984375 105.40625 L95.3359375 105.40625 Z M110.103515625 105.404296875 C109.40624237060547 105.404296875 108.701171875 105.26953125 108.02733612060547 104.990234375 C105.99805450439453 104.150390625 104.6875 102.1875 104.6875 99.990234375 L104.6875 72.03515625 C104.6875 70.146484375 106.21875762939453 68.6171875 108.10546875 68.6171875 C109.99217987060547 68.6171875 111.5234375 70.146484375 111.5234375 72.03515625 L111.5234375 96.55078125 L116.064453125 92.009765625 C117.3984375 90.67578125 119.56249237060547 90.67578125 120.8984375 92.009765625 C122.232421875 93.34375 122.232421875 95.5078125 120.8984375 96.84375 L113.92578125 103.81639862060547 A5.398633003234863 5.398633003234863 0.0 0 1 110.10546875 105.404296875 L110.103515625 105.404296875 Z""></path></svg>"
afe06d3bbc251bbd6aaeb0ebedf1191c,"<svg xmlns=""http://www.w3.org/2000/svg"" viewBox=""0.0 0.0 200.0 200.0"" height=""200.0px"" width=""200.0px""><path fill="""" fill-opacity=""1.0""  filling=""0"" d=""M156.7111358642578 26.7666015625 L140.57772827148438 26.7666015625 L140.57772827148438 18.70000457763672 C140.57772827148438 14.2333984375 136.95545959472656 10.633399963378906 132.51112365722656 10.633399963378906 C128.0666046142578 10.633399963378906 124.44453430175781 14.255470275878906 124.44453430175781 18.70000457763672 L124.44453430175781 26.7666015625 L76.0 26.7666015625 L76.0 18.70000457763672 C76.0 14.2333984375 72.37773132324219 10.633399963378906 67.93339538574219 10.633399963378906 C63.46660232543945 10.633399963378906 59.866600036621094 14.255470275878906 59.866600036621094 18.70000457763672 L59.866600036621094 26.7666015625 L43.733394622802734 26.7666015625 C30.35546875 26.7666015625 19.53339385986328 37.61113357543945 19.53339385986328 50.96660232543945 L19.53339385986328 163.9445343017578 C19.53339385986328 177.322265625 30.377731323242188 188.14453125 43.733394622802734 188.14453125 L156.7111358642578 188.14453125 C170.0888671875 188.14453125 180.9111328125 177.3000030517578 180.9111328125 163.9445343017578 L180.9111328125 50.98886489868164 C180.93341064453125 37.61113357543945 170.0888671875 26.7666015625 156.7111358642578 26.7666015625 Z M164.77774047851562 163.9665985107422 C164.77774047851562 168.43341064453125 161.1554718017578 172.03338623046875 156.7111358642578 172.03338623046875 L43.733394622802734 172.03338623046875 C39.266597747802734 172.03338623046875 35.666603088378906 168.4111328125 35.666603088378906 163.9665985107422 L35.666603088378906 83.2777328491211 L164.8000030517578 83.2777328491211 L164.8000030517578 163.9665985107422 L164.77774047851562 163.9665985107422 Z M164.77774047851562 67.12226104736328 L35.666603088378906 67.12226104736328 L35.666603088378906 50.98886489868164 C35.666603088378906 46.52226638793945 39.28886795043945 42.922264099121094 43.733394622802734 42.922264099121094 L59.866600036621094 42.922264099121094 L59.866600036621094 50.98886489868164 C59.866600036621094 55.45547103881836 63.48886489868164 59.05547332763672 67.93339538574219 59.05547332763672 C72.39999389648438 59.05547332763672 76.0 55.43339920043945 76.0 50.98886489868164 L76.0 42.922264099121094 L124.4222640991211 42.922264099121094 L124.4222640991211 50.98886489868164 C124.4222640991211 55.45547103881836 128.04452514648438 59.05547332763672 132.48886108398438 59.05547332763672 C136.9333953857422 59.05547332763672 140.5554656982422 55.43339920043945 140.5554656982422 50.98886489868164 L140.5554656982422 42.922264099121094 L156.68887329101562 42.922264099121094 C161.1554718017578 42.922264099121094 164.75546264648438 46.54452896118164 164.75546264648438 50.98886489868164 L164.75546264648438 67.12226104736328 L164.77774047851562 67.12226104736328 Z M126.81640625 114.90234375 C129.39453125 111.953125 129.08203125 107.4609375 126.1328125 104.90233612060547 C123.18359375 102.32422637939453 118.69140625 102.63671875 116.1328125 105.58592987060547 L90.52734375 134.921875 L84.2578125 127.734375 C81.6796875 124.78515625 77.20703125 124.47265625 74.2578125 127.05078125 C71.30859375 129.62890625 70.99609375 134.1015625 73.57421875 137.05078125 L85.17578125 150.3515625 C86.5234375 151.89453125 88.4765625 152.7734375 90.52734375 152.7734375 C92.578125 152.7734375 94.53125 151.89453125 95.87890625 150.3515625 L126.81640625 114.90234375 Z""></path></svg>"
992e35eb052c94802ca82064711a49c9,"<svg xmlns=""http://www.w3.org/2000/svg"" viewBox=""0.0 0.0 200.0 200.0"" height=""200.0px"" width=""200.0px""><path fill="""" fill-opacity=""1.0""  filling=""0"" d=""M200.8962860107422 75.00057983398438 C214.25527954101562 75.00057983398438 237.4970703125 86.32852172851562 237.4970703125 100.0 C237.4970703125 114.06210327148438 214.25527954101562 124.99942016601562 200.8962860107422 124.99942016601562 L172.06875610351562 124.99942016601562 L246.4031219482422 183.24041748046875 C250.46543884277344 186.443359375 251.20761108398438 192.341796875 248.00448608398438 196.4040985107422 C244.80157470703125 200.46661376953125 238.9031219482422 201.2087860107422 234.8408203125 198.0056610107422 L3.5959014892578125 16.759567260742188 C-0.4665985107421875 13.556640625 -1.2087936401367188 7.658203125 1.9943389892578125 3.5959014892578125 C5.197456359863281 -0.4665985107421875 11.095703125 -1.2087936401367188 15.158203125 1.9943389892578125 L93.00800323486328 63.00859451293945 L77.2662124633789 7.970703125 C76.1333999633789 3.9865264892578125 79.1410140991211 0.00214385986328125 83.28164672851562 0.00214385986328125 L105.23418426513672 0.00214385986328125 C109.72637176513672 0.00214385986328125 113.86679077148438 2.4240264892578125 116.0933609008789 6.2912139892578125 L155.3503875732422 75.00057983398438 L200.8962860107422 75.00057983398438 Z M16.212692260742188 50.27461242675781 L141.6005859375 149.0613250732422 L116.0933609008789 193.7087860107422 C113.86679077148438 197.6150360107422 109.72637176513672 199.99786376953125 105.23418426513672 199.99786376953125 L83.28164672851562 199.99786376953125 C79.1410140991211 199.99786376953125 76.1333999633789 196.0134735107422 77.2662124633789 192.029296875 L96.40625 124.99942016601562 L56.2509765625 124.99942016601562 L39.376365661621094 147.4990234375 C38.204490661621094 149.0613250732422 36.32949447631836 149.99884033203125 34.376373291015625 149.99884033203125 L17.970504760742188 149.99884033203125 C14.923828125 149.99884033203125 12.501953125 147.5380859375 12.501953125 144.5302734375 C12.501953125 144.0224609375 12.580078125 143.5146484375 12.697265625 143.0068359375 L25.001564025878906 100.0 L12.697265625 56.9931640625 C12.541015625 56.485347747802734 12.501953125 55.977542877197266 12.501953125 55.4697265625 C12.501953125 53.047855377197266 14.064453125 51.01679611206055 16.212692260742188 50.27461242675781 Z""></path></svg>"
24b34f9251b33158b5fbb94a430cedaf,"<svg xmlns=""http://www.w3.org/2000/svg"" viewBox=""0.0 0.0 200.0 200.0"" height=""200.0px"" width=""200.0px""><path fill="""" fill-opacity=""1.0""  filling=""0"" d=""M12.534965515136719 187.4250030517578 C4.1982421875 179.72811889648438 0.0400390625 169.81210327148438 0.0400390625 157.6369171142578 C0.0400390625 145.4617156982422 4.1982421875 135.52578735351562 12.534965515136719 127.84883117675781 L133.16680908203125 10.116020202636719 C139.8839874267578 3.3585891723632812 148.06072998046875 0.0 157.6769561767578 0.0 C167.2931671142578 0.0 175.44979858398438 3.3585891723632812 182.18710327148438 10.095901489257812 C188.90447998046875 16.813278198242188 192.26309204101562 24.99004364013672 192.26309204101562 34.60625457763672 C192.26309204101562 43.582618713378906 188.90447998046875 51.7392578125 182.16717529296875 59.11640548706055 L91.8232421875 146.1015625 C86.70527648925781 151.21954345703125 80.4478530883789 153.7785186767578 73.0908203125 153.7785186767578 C66.03359985351562 153.7785186767578 59.63613510131836 151.21954345703125 53.8583984375 146.08163452148438 C48.74042892456055 140.32382202148438 46.18144607543945 133.92636108398438 46.18144607543945 126.86933135986328 C46.18144607543945 119.83203125 48.74042892456055 113.41464233398438 53.878517150878906 107.63691711425781 L116.353515625 47.08124923706055 C118.59257507324219 45.48183822631836 120.51171875 45.48183822631836 122.11112976074219 47.08124923706055 C123.7105484008789 49.320316314697266 123.7105484008789 51.23945617675781 122.11112976074219 52.858787536621094 L59.63613510131836 113.41464233398438 C55.79765319824219 116.61328125 53.878517150878906 121.11152648925781 53.878517150878906 126.86933135986328 C53.878517150878906 132.626953125 55.79765319824219 137.1251983642578 59.63613510131836 140.32382202148438 C62.8349609375 144.1623077392578 67.3330078125 146.1015625 73.0908203125 146.1015625 C78.84844207763672 146.1015625 83.3466796875 144.1824188232422 86.5453109741211 140.32382202148438 L176.88925170898438 53.81855392456055 C182.00723266601562 48.04081726074219 184.58612060546875 41.64335632324219 184.58612060546875 34.58612823486328 C184.58612060546875 27.54901885986328 182.0271453857422 21.131637573242188 176.88925170898438 15.353904724121094 C171.1316375732422 10.255859375 164.7140655517578 7.696876525878906 157.6769561767578 7.696876525878906 C150.61972045898438 7.696876525878906 144.22227478027344 10.275978088378906 138.4445343017578 15.393753051757812 L17.812889099121094 133.1267547607422 C11.095504760742188 139.84414672851562 7.736915588378906 148.0207061767578 7.736915588378906 157.6369171142578 C7.736915588378906 167.2531280517578 11.095504760742188 175.40975952148438 17.83281707763672 182.14706420898438 C24.57012176513672 188.88436889648438 32.726959228515625 192.2431640625 42.34297180175781 192.2431640625 C51.31953430175781 192.2431640625 59.476173400878906 188.88436889648438 66.85331726074219 182.14706420898438 L162.4949188232422 89.404296875 C164.73419189453125 87.80488586425781 166.6533203125 87.80488586425781 168.2527313232422 89.404296875 C169.85214233398438 91.64335632324219 169.85214233398438 93.5625 168.2527313232422 95.18183135986328 L72.13105773925781 187.4250030517578 C64.4341812133789 195.76171875 54.49824523925781 199.9201202392578 42.32304763793945 199.9201202392578 C30.147850036621094 199.9201202392578 20.231834411621094 195.76171875 12.534965515136719 187.4250030517578 Z""></path></svg>"
f5195281cbde1f30eb5a15aa0fd70bbe,"<svg xmlns=""http://www.w3.org/2000/svg"" viewBox=""0.0 0.0 200.0 200.0"" height=""200.0px"" width=""200.0px""><path fill="""" fill-opacity=""1.0""  filling=""0"" d=""M187.3046875 156.693359375 L187.3046875 59.765625 C187.3046875 54.013668060302734 184.728515625 48.978519439697266 180.095703125 45.59375 C175.0703125 41.923828125 168.603515625 42.611324310302734 162.736328125 42.595703125 L138.158203125 42.53515625 L110.546875 42.458988189697266 L94.982421875 42.419921875 L81.734375 32.294921875 L73.591796875 26.072265625 C73.0859375 25.681640625 72.591796875 25.263671875 72.064453125 24.900390625 C70.892578125 24.107421875 69.525390625 24.095703125 68.197265625 24.08984375 L48.080074310302734 23.990234375 C41.953121185302734 23.9609375 35.82421875 23.916015625 29.697265625 23.900390625 C23.630859375 23.884765625 17.716796875 27.080078125 14.796875 32.494140625 C13.298828125 35.25390625 12.6953125 38.23828125 12.6953125 41.341793060302734 L12.6953125 159.27734375 A16.9921875 16.9921875 0.0 0 0 20.736328125 173.69921875 C24.642578125 176.107421875 28.8046875 176.10546875 33.1328125 176.10546875 L170.623046875 176.10546875 C170.73828125 176.10546875 170.853515625 176.10546875 170.966796875 176.09375 C175.3046875 175.955078125 179.572265625 174.203125 182.591796875 171.041015625 A17.033203125 17.033203125 0.0 0 0 187.3046875 159.41796875 L187.3046875 156.693359375 Z M26.3515625 36.58984375 L26.42578125 36.541015625 A10.26171875 10.26171875 0.0 0 1 27.40234375 35.97852325439453 A11.14453125 11.14453125 0.0 0 1 28.732421875 35.6171875 C30.099609375 35.529296875 31.50194549560547 35.60546875 32.86913299560547 35.6171875 L42.244136810302734 35.6640625 L64.0 35.771484375 L67.1640625 35.78515625 L85.0390625 49.447261810302734 L89.111328125 52.560543060302734 C90.365234375 53.517578125 91.2421875 54.062496185302734 93.11328125 54.11328125 C94.7421875 54.158203125 96.37890625 54.11328125 98.0078125 54.125 L123.41015625 54.189456939697266 L153.951171875 54.265625 C159.453125 54.279296875 164.95703125 54.275394439697266 170.458984375 54.30859375 C170.849609375 54.30859375 170.849609375 54.30859375 171.240234375 54.33203125 A11.607421875 11.607421875 0.0 0 1 172.5625 54.691402435302734 A10.92578125 10.92578125 0.0 0 1 173.5390625 55.25390625 C173.56640625 55.2734375 173.591796875 55.289058685302734 173.615234375 55.302734375 C173.78515625 55.455078125 173.955078125 55.605472564697266 174.1171875 55.767578125 C174.279296875 55.929683685302734 174.431640625 56.099613189697266 174.58203125 56.26953125 L174.630859375 56.345703125 A10.47265625 10.47265625 0.0 0 1 175.193359375 57.322265625 A11.427734375 11.427734375 0.0 0 1 175.55078125 58.640625 C175.611328125 59.66015625 175.576171875 60.69140625 175.576171875 61.708988189697266 L175.576171875 76.3203125 L172.951171875 76.3203125 L161.623046875 76.333984375 L144.806640625 76.35546875 L124.4140625 76.38671875 L102.041015625 76.4140625 L79.361328125 76.443359375 L58.30078125 76.46875 L40.423828125 76.490234375 L27.623046875 76.5078125 L24.388671875 76.5078125 L24.388671875 54.865234375 C24.388671875 50.14453125 24.369140625 45.421875 24.388671875 40.701175689697266 C24.388671875 40.447265625 24.388671875 40.193355560302734 24.412109375 39.94140625 A12.38671875 12.38671875 0.0 0 1 24.771484375 38.6171875 A10.6796875 10.6796875 0.0 0 1 25.3359375 37.640625 L25.384765625 37.564456939697266 C25.53515625 37.394535064697266 25.6875 37.224609375 25.849609375 37.0625 C26.01171875 36.900390625 26.171875 36.740230560302734 26.3515625 36.58984375 Z M156.4453125 164.404296875 L29.529296875 164.404296875 C29.263671875 164.404296875 28.998046875 164.404296875 28.734375 164.37890625 A11.90234375 11.90234375 0.0 0 1 27.412109375 164.021484375 A10.712890625 10.712890625 0.0 0 1 26.435546875 163.45703125 L26.361328125 163.408203125 C26.189453125 163.2578125 26.01953125 163.10546875 25.859375 162.943359375 C25.69921875 162.78125 25.54491424560547 162.61328125 25.39453125 162.44140625 L25.345703125 162.365234375 A10.6796875 10.6796875 0.0 0 1 24.78125 161.388671875 A11.828125 11.828125 0.0 0 1 24.421875 160.064453125 C24.34765625 158.873046875 24.3984375 157.662109375 24.3984375 156.474609375 L24.3984375 88.203125 L25.46484375 88.203125 L36.79296875 88.189453125 L53.607421875 88.16796875 L74.0234375 88.140625 L96.396484375 88.11328125 L119.078125 88.0859375 L140.138671875 88.05859375 L158.013671875 88.037109375 L170.81640625 88.01953125 C172.412109375 88.01953125 174.01171875 88.03125 175.607421875 88.01953125 L175.607421875 147.4921875 C175.607421875 151.435546875 175.63671875 155.37890625 175.607421875 159.322265625 C175.607421875 159.568359375 175.59765625 159.8125 175.583984375 160.056640625 A11.5234375 11.5234375 0.0 0 1 175.224609375 161.380859375 A10.23046875 10.23046875 0.0 0 1 174.662109375 162.357421875 L174.61328125 162.43359375 C174.462890625 162.60546875 174.310546875 162.7734375 174.1484375 162.935546875 C173.986328125 163.09765625 173.81640625 163.25 173.646484375 163.400390625 L173.5703125 163.44921875 A10.9375 10.9375 0.0 0 1 172.59375 164.013671875 A11.671875 11.671875 0.0 0 1 171.267578125 164.373046875 C171.0546875 164.384765625 170.84375 164.392578125 170.630859375 164.396484375 L156.4453125 164.396484375 L156.4453125 164.404296875 Z""></path></svg>"
af1e68518f76d8d893cd2eee9415c11d,"<svg xmlns=""http://www.w3.org/2000/svg"" viewBox=""0.0 0.0 200.0 200.0"" height=""200.0px"" width=""200.0px""><path fill=""#005CFF"" fill-opacity=""1.0""  filling=""0"" d=""M46.66659927368164 134.66659545898438 L153.33340454101562 134.66659545898438 C162.0 134.66659545898438 162.0 148.0 153.33340454101562 148.0 L46.66659927368164 148.0 C38.0 148.0 38.0 134.66659545898438 46.66659927368164 134.66659545898438 Z""></path>
<path fill=""#2D3545"" fill-opacity=""1.0""  filling=""0"" d=""M59.333396911621094 68.0 L48.666603088378906 154.0 L48.666603088378906 154.66659545898438 C48.666603088378906 158.66659545898438 51.333396911621094 161.33338928222656 55.33340072631836 161.33338928222656 L146.0 161.33338928222656 C149.33338928222656 160.66659545898438 152.0 157.33340454101562 152.0 154.0 L144.0 90.0 C143.33340454101562 86.6666030883789 146.0 83.3333969116211 150.0 82.66659545898438 C153.33340454101562 82.0 156.66659545898438 84.6666030883789 157.33340454101562 88.6666030883789 L165.33340454101562 152.66659545898438 C166.66659545898438 163.33340454101562 158.66659545898438 173.33340454101562 148.0 174.66661071777344 L55.33340072631836 174.66661071777344 C44.0 174.66661071777344 35.333396911621094 166.0 35.333396911621094 154.66659545898438 L35.333396911621094 152.0 L46.66659927368164 60.666603088378906 C47.333396911621094 57.333396911621094 50.0 54.666603088378906 53.333396911621094 54.666603088378906 L146.66659545898438 54.666603088378906 C150.66661071777344 54.666603088378906 153.33340454101562 57.333396911621094 153.33340454101562 61.33340072631836 C153.33340454101562 65.3333969116211 150.66661071777344 68.0 146.66659545898438 68.0 L59.333396911621094 68.0 Z""></path>
<path fill=""#2D3545"" fill-opacity=""1.0""  filling=""0"" d=""M80.0 81.3333969116211 C80.0 85.33340454101562 77.3333969116211 88.0 73.33340454101562 88.0 C69.3333969116211 88.0 66.6666030883789 85.33340454101562 66.6666030883789 81.3333969116211 L66.6666030883789 48.0 C66.6666030883789 36.666603088378906 75.3333969116211 28.0 86.6666030883789 28.0 L113.33340454101562 28.0 C124.66661071777344 28.0 133.33340454101562 36.666603088378906 133.33340454101562 48.0 L133.33340454101562 81.3333969116211 C133.33340454101562 85.33340454101562 130.66659545898438 88.0 126.6666030883789 88.0 C122.66659545898438 88.0 120.0 85.33340454101562 120.0 81.3333969116211 L120.0 48.0 C120.0 44.0 117.33340454101562 41.33340072631836 113.33340454101562 41.33340072631836 L86.6666030883789 41.33340072631836 C82.66659545898438 41.33340072631836 80.0 44.0 80.0 48.0 L80.0 81.3333969116211 Z""></path></svg>"
3966e08c3d5f49f093bcf2c55a03afa0,"<svg xmlns=""http://www.w3.org/2000/svg"" viewBox=""0.0 0.0 200.0 200.0"" height=""200.0px"" width=""200.0px""><path fill=""#040000"" fill-opacity=""1.0""  filling=""0"" d=""M84.48300170898438 67.99800109863281 A14.880999565124512 14.880999565124512 0.0 0 1 80.52100372314453 71.93099975585938 L108.34300231933594 99.49199676513672 A15.04800033569336 15.04800033569336 0.0 0 1 112.31900024414062 95.56400299072266 L84.48300170898438 67.99800109863281 Z M156.36500549316406 66.26699829101562 L128.63999938964844 95.3489990234375 A14.980999946594238 14.980999946594238 0.0 0 1 132.7239990234375 99.1729965209961 L160.46499633789062 70.072998046875 A15.053999900817871 15.053999900817871 0.0 0 1 156.36599731445312 66.26499938964844 L156.36599731445312 66.26699829101562 L156.36500549316406 66.26699829101562 Z M59.13100051879883 66.73400115966797 L42.47800064086914 80.28800201416016 A14.706000328063965 14.706000328063965 0.0 0 1 45.90299987792969 84.69999694824219 L62.70199966430664 71.02300262451172 A14.859999656677246 14.859999656677246 0.0 0 1 59.13199996948242 66.73200225830078 L59.13199996948242 66.73400115966797 L59.13100051879883 66.73400115966797 Z M72.16100311279297 50.52899932861328 A9.239999771118164 9.239999771118164 0.0 0 0 62.87900161743164 59.722999572753906 A9.218999862670898 9.218999862670898 0.0 0 0 76.4000015258789 67.86399841308594 A9.170000076293945 9.170000076293945 0.0 0 0 80.35700225830078 63.926998138427734 A8.918000221252441 8.918000221252441 0.0 0 0 81.43099975585938 59.72700119018555 A9.229999542236328 9.229999542236328 0.0 0 0 72.16500091552734 50.53300094604492 L72.16100311279297 50.52899932861328 Z M124.68099975585938 99.50700378417969 A9.154999732971191 9.154999732971191 0.0 0 0 112.49700164794922 103.88899993896484 C110.34200286865234 108.46399688720703 112.30500030517578 113.91999816894531 116.87999725341797 116.0739974975586 C121.4540023803711 118.22899627685547 126.90899658203125 116.26599884033203 129.06399536132812 111.69100189208984 C129.64300537109375 110.46399688720703 129.94000244140625 109.12200164794922 129.93600463867188 107.76300048828125 A9.281999588012695 9.281999588012695 0.0 0 0 124.6729965209961 99.50599670410156 L124.68099975585938 99.50599670410156 L124.68099975585938 99.50700378417969 Z M168.37600708007812 48.42399978637695 C163.2760009765625 48.40399932861328 159.12399291992188 52.52199935913086 159.10499572753906 57.62200164794922 C159.06300354003906 62.74399948120117 163.18099975585938 66.93099975585938 168.3040008544922 66.9729995727539 C173.427001953125 67.01399993896484 177.61300659179688 62.895999908447266 177.65499877929688 57.77399826049805 C177.69700622558594 52.652000427246094 173.57899475097656 48.465999603271484 168.45599365234375 48.42399978637695 L168.37600708007812 48.42399978637695 Z M38.090999603271484 83.86599731445312 A9.170999526977539 9.170999526977539 0.0 0 0 25.298004150390625 86.00599670410156 A9.17199993133545 9.17199993133545 0.0 0 0 27.438003540039062 98.79900360107422 A9.170000076293945 9.170000076293945 0.0 0 0 41.93600082397461 91.28800201416016 A8.954000473022461 8.954000473022461 0.0 0 0 41.40800094604492 88.35600280761719 A9.170999526977539 9.170999526977539 0.0 0 0 38.090999603271484 83.86599731445312 Z""></path>
<path fill=""#040000"" fill-opacity=""1.0""  filling=""0"" d=""M169.24600219726562 15.432998657226562 L30.738998413085938 15.432998657226562 C18.673995971679688 15.432998657226562 8.846000671386719 25.26300048828125 8.846000671386719 37.32600021362305 L8.846000671386719 135.6219940185547 C8.846000671386719 147.68600463867188 18.673995971679688 157.51699829101562 30.738998413085938 157.51699829101562 L169.24600219726562 157.51699829101562 C181.30999755859375 157.51699829101562 191.14100646972656 147.68600463867188 191.14100646972656 135.6219940185547 L191.14100646972656 37.32600021362305 C191.58700561523438 25.26300048828125 181.75599670410156 15.432998657226562 169.24600219726562 15.432998657226562 Z M182.00999450683594 137.45599365234375 C182.00999450683594 143.01800537109375 177.375 147.18899536132812 172.27699279785156 147.18899536132812 L28.600997924804688 147.18899536132812 C23.041000366210938 147.18899536132812 18.867996215820312 142.5540008544922 18.867996215820312 137.45599365234375 L18.867996215820312 35.49299621582031 C18.867996215820312 29.930999755859375 23.50299835205078 25.76000213623047 28.600997924804688 25.76000213623047 L172.2779998779297 25.76000213623047 C177.83999633789062 25.76000213623047 182.01100158691406 30.395004272460938 182.01100158691406 35.49299621582031 L182.01100158691406 137.45599365234375 L182.00999450683594 137.45599365234375 Z M163.43899536132812 180.50100708007812 L128.58700561523438 180.50100708007812 L128.58700561523438 176.927001953125 C128.58700561523438 173.8000030517578 126.35399627685547 171.56500244140625 123.22599792480469 171.56500244140625 L73.18399810791016 171.56500244140625 C70.05599975585938 171.56500244140625 67.822998046875 173.8000030517578 67.822998046875 176.927001953125 L67.822998046875 180.50100708007812 L33.41999816894531 180.50100708007812 C29.845001220703125 180.50100708007812 27.16400146484375 183.1840057373047 27.16400146484375 186.75799560546875 C27.16400146484375 190.33299255371094 29.845001220703125 193.01199340820312 33.41999816894531 193.01199340820312 L163.43899536132812 193.01199340820312 C167.01300048828125 193.01199340820312 169.69400024414062 190.33299255371094 169.69400024414062 186.75799560546875 C169.6929931640625 183.1840057373047 167.01300048828125 180.50100708007812 163.43899536132812 180.50100708007812 Z""></path></svg>"
thesantatitan_deepseek-svg-dataset_0000625,"<svg width=""100"" height=""100"" viewBox=""0 0 100 100"" xmlns=""http://www.w3.org/2000/svg"">
  <rect width=""100"" height=""100"" fill=""#000000""/>
  <defs>
    <linearGradient id=""petalGradient"" x1=""0%"" y1=""0%"" x2=""100%"" y2=""100%"">
      <stop offset=""0%"" style=""stop-color:#FFFFFF;stop-opacity:1""/>
      <stop offset=""100%"" style=""stop-color:#FF0000;stop-opacity:1""/>
    </linearGradient>
  </defs>
  <path d=""M50,50m-18,0a18,18 0 1,1 36,0a18,18 0 1,1-36,0"" fill=""url(#petalGradient)""/>
  <path d=""M50,50m-25,0a25,25 0 1,1 50,0a25,25 0 1,1-50,0"" fill=""url(#petalGradient)""/>
  <circle cx=""50"" cy=""50"" r=""18"" fill=""#FF0000""/>
  <path d=""M50,50m-28,0a28,28 0 1,1 56,0a28,28 0 1,1-56,0"" fill=""url(#petalGradient)""/>
</svg>"
0c4c70a3672a69359fc35986cec3a40e,"<svg xmlns=""http://www.w3.org/2000/svg"" viewBox=""0.0 0.0 200.0 200.0"" height=""200.0px"" width=""200.0px""><path fill=""#5D5D5D"" fill-opacity=""1.0""  filling=""0"" d=""M184.3489990234375 162.68499755859375 C184.3489990234375 172.29299926757812 176.5590057373047 180.08700561523438 166.94700622558594 180.08700561523438 L32.08300018310547 180.08700561523438 C22.47100067138672 180.08700561523438 14.680999755859375 172.29299926757812 14.680999755859375 162.68499755859375 L14.680999755859375 35.06700134277344 C14.680999755859375 25.458999633789062 22.47100067138672 17.665000915527344 32.08300018310547 17.665000915527344 L166.9459991455078 17.665000915527344 C176.55799865722656 17.665000915527344 184.34800720214844 25.45800018310547 184.34800720214844 35.06700134277344 L184.34800720214844 162.68499755859375 L184.3489990234375 162.68499755859375 Z""></path>
<path fill=""#FFFFFF"" fill-opacity=""1.0""  filling=""0"" d=""M158.92599487304688 79.96499633789062 L147.83200073242188 79.96499633789062 C146.0919952392578 79.96499633789062 144.4340057373047 80.37999725341797 142.6929931640625 81.7020034790039 C141.36700439453125 80.8759994506836 139.3000030517578 79.96499633789062 137.55999755859375 79.96499633789062 L133.6649932861328 79.96499633789062 L133.6649932861328 74.00399780273438 C133.6649932861328 69.28299713134766 129.7689971923828 64.9729995727539 124.63800048828125 64.9729995727539 L104.59200286865234 64.9729995727539 L104.59200286865234 55.94599914550781 L126.04499816894531 55.94599914550781 C128.61399841308594 55.94599914550781 130.35499572753906 54.20600128173828 130.35499572753906 51.63999938964844 C130.35499572753906 49.06999969482422 128.61500549316406 47.33700180053711 126.04499816894531 47.33700180053711 L74.62200164794922 47.33700180053711 C72.0530014038086 47.33700180053711 70.31199645996094 49.06999969482422 70.31199645996094 51.63999938964844 C70.31199645996094 54.20600128173828 72.052001953125 55.94599914550781 74.62200164794922 55.94599914550781 L96.06800079345703 55.94599914550781 L96.06800079345703 65.38800048828125 L75.85900115966797 65.38800048828125 C72.46700286865234 65.38800048828125 69.4010009765625 67.53900146484375 67.74299621582031 70.52300262451172 L64.35099792480469 76.48400115966797 L57.05699920654297 76.48400115966797 C51.93199920654297 76.48400115966797 48.029998779296875 80.37899780273438 48.029998779296875 85.51100158691406 L48.029998779296875 99.66999816894531 L39.41699981689453 99.66999816894531 L39.41699981689453 84.18699645996094 C39.41699981689453 81.62100219726562 37.676998138427734 79.88099670410156 35.11399841308594 79.88099670410156 C32.54499816894531 79.88099670410156 30.886001586914062 81.62100219726562 30.886001586914062 84.18699645996094 L30.886001586914062 127.00499725341797 C30.886001586914062 129.57000732421875 32.625999450683594 131.31500244140625 35.19599914550781 131.31500244140625 C37.75899887084961 131.31500244140625 39.50600051879883 129.5709991455078 39.50600051879883 127.00499725341797 L39.50600051879883 108.61699676513672 L48.029998779296875 108.61699676513672 L48.029998779296875 126.17500305175781 C48.029998779296875 130.89999389648438 51.93199920654297 135.20599365234375 57.05699920654297 135.20599365234375 L64.75900268554688 135.20599365234375 L77.5999984741211 148.03900146484375 C79.33999633789062 149.7830047607422 81.49500274658203 150.60499572753906 84.06400299072266 150.60499572753906 L137.56100463867188 150.60499572753906 C139.30099487304688 150.60499572753906 140.9600067138672 150.19400024414062 142.69400024414062 148.8719940185547 C144.0189971923828 149.7010040283203 146.0919952392578 150.60499572753906 147.83299255371094 150.60499572753906 L158.927001953125 150.60499572753906 C163.6510009765625 150.60499572753906 167.95399475097656 146.7169952392578 167.95399475097656 141.5780029296875 L167.95399475097656 88.90799713134766 C167.9530029296875 84.18699645996094 164.05799865722656 79.96499633789062 158.92599487304688 79.96499633789062 Z M159.4219970703125 141.16400146484375 C159.4219970703125 141.5780029296875 159.4219970703125 141.5780029296875 159.4219970703125 141.16400146484375 L147.83200073242188 141.5780029296875 C147.83200073242188 141.5780029296875 147.41700744628906 141.5780029296875 147.41700744628906 141.16400146484375 L147.41700744628906 134.70599365234375 C147.41700744628906 132.13699340820312 145.677001953125 130.3990020751953 143.10699462890625 130.3990020751953 L142.2779998779297 130.3990020751953 C139.71499633789062 130.3990020751953 137.97500610351562 132.13600158691406 137.97500610351562 134.70599365234375 L137.97500610351562 141.16400146484375 C137.97500610351562 141.16400146484375 137.97500610351562 141.5780029296875 137.55999755859375 141.5780029296875 L83.55999755859375 141.5780029296875 L69.4010009765625 127.00499725341797 C68.57099914550781 126.17500305175781 67.66100311279297 125.67900085449219 66.41699981689453 125.67900085449219 L56.974998474121094 125.67900085449219 C56.560001373291016 125.67900085449219 56.560001373291016 125.67900085449219 56.560001373291016 125.26499938964844 L56.560001373291016 85.0979995727539 C56.560001373291016 85.0979995727539 56.560001373291016 84.68299865722656 56.974998474121094 84.68299865722656 L66.83100128173828 84.68299865722656 C68.57099914550781 84.68299865722656 69.81500244140625 83.85700225830078 70.72599792480469 82.53199768066406 L75.44400024414062 74.00499725341797 L75.85900115966797 73.58699798583984 L124.72599792480469 73.58699798583984 L125.13400268554688 74.00499725341797 L125.13400268554688 84.26899719238281 C125.13400268554688 86.83899688720703 126.8740005493164 88.5790023803711 129.44400024414062 88.5790023803711 L137.55999755859375 88.5790023803711 C137.55999755859375 88.5790023803711 137.97500610351562 88.5790023803711 137.97500610351562 88.99400329589844 L137.97500610351562 95.4520034790039 C137.97500610351562 98.02100372314453 139.71499633789062 99.76200103759766 142.2779998779297 99.76200103759766 L143.10699462890625 99.76200103759766 C145.67599487304688 99.76200103759766 147.41700744628906 98.02200317382812 147.41700744628906 95.4520034790039 L147.41700744628906 88.99400329589844 C147.41700744628906 88.99400329589844 147.41700744628906 88.5790023803711 147.83200073242188 88.5790023803711 L158.92599487304688 88.5790023803711 C158.92599487304688 88.5790023803711 159.33999633789062 88.5790023803711 159.33999633789062 88.99400329589844 C159.4219970703125 88.90799713134766 159.4219970703125 141.16400146484375 159.4219970703125 141.16400146484375 Z""></path></svg>"
c34bc238145cb0dcdd1ec8101ec219e0,"<svg xmlns=""http://www.w3.org/2000/svg"" viewBox=""0.0 0.0 200.0 200.0"" height=""200.0px"" width=""200.0px""><path fill=""#272636"" fill-opacity=""1.0""  filling=""0"" d=""M99.91200256347656 112.47899627685547 L62.38800048828125 112.47899627685547 L62.38800048828125 124.96700286865234 L110.5260009765625 124.96700286865234 L110.5260009765625 124.91000366210938 L112.28399658203125 124.91000366210938 L112.28399658203125 74.96700286865234 L99.91200256347656 74.96700286865234 L99.91200256347656 112.47899627685547 Z M99.91200256347656 34.19499969482422 C56.57500076293945 34.19499969482422 21.444000244140625 69.33799743652344 21.444000244140625 112.677001953125 C21.444000244140625 133.91099548339844 29.878997802734375 153.17599487304688 43.57899856567383 167.30499267578125 L25.03399658203125 185.85000610351562 L34.24400329589844 195.05999755859375 L53.4109992980957 175.89300537109375 C66.42500305175781 185.48399353027344 82.50700378417969 191.1540069580078 99.91200256347656 191.1540069580078 C117.17400360107422 191.1540069580078 133.13400268554688 185.57899475097656 146.08999633789062 176.13299560546875 L165.70199584960938 195.7449951171875 L174.91200256347656 186.53500366210938 L155.968994140625 167.59100341796875 C169.83399963378906 153.43699645996094 178.3820037841797 134.05499267578125 178.3820037841797 112.677001953125 C178.3820037841797 69.33899688720703 143.25100708007812 34.19499969482422 99.91200256347656 34.19499969482422 Z M99.91200256347656 178.6490020751953 C63.64500045776367 178.6490020751953 34.24400329589844 149.17999267578125 34.24400329589844 112.83200073242188 C34.24400329589844 76.48300170898438 63.64500045776367 47.013999938964844 99.91200256347656 47.013999938964844 C136.18099975585938 47.013999938964844 165.58099365234375 76.48300170898438 165.58099365234375 112.83200073242188 C165.58099365234375 149.17999267578125 136.18099975585938 178.6490020751953 99.91200256347656 178.6490020751953 Z M45.5369987487793 4.4850006103515625 C35.92100524902344 4.4850006103515625 26.23400115966797 7.553001403808594 18.03900146484375 13.890998840332031 C-1.6190032958984375 29.095001220703125 -5.230003356933594 57.356998443603516 9.9739990234375 77.01499938964844 L81.16400146484375 21.95600128173828 C72.2969970703125 10.491996765136719 58.987998962402344 4.4850006103515625 45.5369987487793 4.4850006103515625 Z M14.177001953125 57.96200180053711 C13.083999633789062 53.91400146484375 12.785003662109375 49.6510009765625 13.333000183105469 45.367000579833984 C14.432998657226562 36.75600051879883 18.81999969482422 29.089004516601562 25.686996459960938 23.77899932861328 C31.432998657226562 19.333999633789062 38.297000885009766 16.985000610351562 45.5369987487793 16.985000610351562 C50.40599822998047 16.985000610351562 55.290000915527344 18.09400177001953 59.66299819946289 20.191001892089844 C60.34400177001953 20.51799774169922 61.0099983215332 20.86700439453125 61.6619987487793 21.23699951171875 L14.177001953125 57.96200180053711 Z M182.13800048828125 14.287002563476562 C173.94400024414062 7.948997497558594 164.2570037841797 4.8809967041015625 154.64100646972656 4.8809967041015625 C141.18899536132812 4.8809967041015625 127.87999725341797 10.88800048828125 119.01399993896484 22.35199737548828 L190.2030029296875 77.41100311279297 C205.4080047607422 57.75299835205078 201.7969970703125 29.490997314453125 182.13800048828125 14.287002563476562 Z M186.00100708007812 58.358001708984375 L138.51600646972656 21.63299560546875 C139.16700744628906 21.26300048828125 139.83399963378906 20.91400146484375 140.51499938964844 20.587997436523438 C144.88699340820312 18.48999786376953 149.77200317382812 17.380996704101562 154.64100646972656 17.380996704101562 C161.8800048828125 17.380996704101562 168.74400329589844 19.729995727539062 174.49099731445312 24.175003051757812 C181.35800170898438 29.485000610351562 185.7449951171875 37.152000427246094 186.84500122070312 45.76300048828125 C187.39300537109375 50.047000885009766 187.093994140625 54.310001373291016 186.00100708007812 58.358001708984375 Z""></path></svg>"
a76155e15411f7f5fd94bc02a4ab6941,"<svg xmlns=""http://www.w3.org/2000/svg"" viewBox=""0.0 0.0 200.0 200.0"" height=""200.0px"" width=""200.0px""><path fill=""#000000"" fill-opacity=""1.0""  filling=""0"" d=""M100.0 0.0 C155.2312469482422 0.0 200.0 44.76874923706055 200.0 100.0 C200.0 155.2312469482422 155.2312469482422 200.0 100.0 200.0 C44.76874923706055 200.0 0.0 155.2312469482422 0.0 100.0 C0.0 44.76874923706055 44.76874923706055 0.0 100.0 0.0 Z M100.0 181.25 C144.875 181.25 181.25 144.875 181.25 100.0 C181.25 55.125 144.875 18.75 100.0 18.75 C55.125 18.75 18.75 55.125 18.75 100.0 C18.75 144.875 55.125 181.25 100.0 181.25 Z M125.0 50.0 C131.90625 50.0 137.5 55.593753814697266 137.5 62.5 C137.5 69.40625 131.90625 75.0 125.0 75.0 L92.6812515258789 75.0 L146.33749389648438 128.66250610351562 C151.21875 133.54376220703125 151.21875 141.45623779296875 146.33749389648438 146.34375 C143.89999389648438 148.78125 140.6999969482422 150.0 137.5 150.0 C134.3000030517578 150.0 131.10000610351562 148.78125 128.66250610351562 146.33749389648438 L75.0 92.67500305175781 L75.0 125.0 C75.0 131.90625 69.40625 137.5 62.5 137.5 C55.593753814697266 137.5 50.0 131.90625 50.0 125.0 L50.0 50.0 L125.0 50.0 Z""></path></svg>"
ac2b7fa7392fe4da83562436461a28ca,"<svg xmlns=""http://www.w3.org/2000/svg"" viewBox=""0.0 0.0 200.0 200.0"" height=""200.0px"" width=""200.0px""><path fill=""#707070"" fill-opacity=""1.0""  filling=""0"" d=""M103.123046875 197.26522827148438 C50.94902420043945 197.26522827148438 8.65234375 154.1941375732422 8.65234375 101.0654296875 C8.245506286621094 51.24882888793945 46.22480773925781 9.494140625 95.87090301513672 5.1767578125 A78.1722640991211 78.1722640991211 0.0 0 0 76.55292510986328 56.66484069824219 C76.40995788574219 84.8740234375 91.50468444824219 110.96484375 116.03417205810547 124.90800476074219 C140.56365966796875 138.85118103027344 170.7111358642578 138.47616577148438 194.88613891601562 123.9283218383789 C184.94473266601562 166.64688110351562 146.9951171875 196.97598266601562 103.123046875 197.26522827148438 Z M85.52265930175781 120.41621398925781 C45.77792739868164 80.6830062866211 64.8271484375 31.744918823242188 64.8271484375 31.744918823242188 C-6.881248474121094 86.53535461425781 44.13066482543945 149.9738311767578 44.13066482543945 149.9738311767578 C108.0546875 214.52011108398438 165.3505859375 149.9738311767578 165.3505859375 149.9738311767578 C165.3505859375 149.9738311767578 125.2685546875 160.1501922607422 85.52265930175781 120.41621398925781 Z""></path>
<path fill=""#1394e0"" fill-opacity=""1.0""  filling=""0"" d=""M99.58769989013672 195.2449188232422 C47.41366958618164 195.2449188232422 5.116996765136719 152.17401123046875 5.116996765136719 99.04511260986328 C4.7101593017578125 49.228511810302734 42.689453125 7.474021911621094 92.3355484008789 3.1566390991210938 A78.1722640991211 78.1722640991211 0.0 0 0 73.017578125 54.64472961425781 C72.8746109008789 82.85371398925781 87.9693374633789 108.9447250366211 112.49883270263672 122.88788604736328 C137.0283203125 136.8310546875 167.17578125 136.4560546875 191.3507843017578 121.90800476074219 C181.40936279296875 164.6267547607422 143.4597625732422 194.95587158203125 99.58769989013672 195.2449188232422 Z M81.9873046875 118.39590454101562 C42.242576599121094 78.66288757324219 61.29179763793945 29.72480010986328 61.29179763793945 29.72480010986328 C-10.416603088378906 84.51522827148438 40.59531784057617 147.95350646972656 40.59531784057617 147.95350646972656 C104.51933288574219 212.5 161.81524658203125 147.95350646972656 161.81524658203125 147.95350646972656 C161.81524658203125 147.95350646972656 121.73320007324219 158.13006591796875 81.9873046875 118.39590454101562 Z""></path></svg>"
65f76990299ca74cd6deef0395202bbb,"<svg xmlns=""http://www.w3.org/2000/svg"" viewBox=""0.0 0.0 200.0 200.0"" height=""200.0px"" width=""200.0px""><path fill="""" fill-opacity=""1.0""  filling=""0"" d=""M172.875 52.625 L172.875 39.125 A24.5 24.5 0.0 0 0 148.375 14.625 L36.625003814697266 14.625 A27.000001907348633 27.000001907348633 0.0 0 0 9.6875 41.625 A22.5 22.5 0.0 0 0 10.0 45.75 C10.0 46.4375 10.0 47.125 10.375 47.812496185302734 A7.9375 7.9375 0.0 0 0 10.375 49.5625 L11.375 164.75 A21.0 21.0 0.0 0 0 32.25 185.375 L169.75 185.375 A20.9375 20.9375 0.0 0 0 190.625 164.4375 L190.625 73.1875 A20.8125 20.8125 0.0 0 0 172.875 52.625 Z M26.0625 43.25 A6.875 6.875 0.0 0 1 26.0625 41.625 A10.6875 10.6875 0.0 0 1 36.625003814697266 30.875 L148.375 30.875 A8.3125 8.3125 0.0 0 1 156.625 39.125 L156.625 52.3125 L36.625003814697266 52.3125 A10.6875 10.6875 0.0 0 1 26.37499237060547 44.687496185302734 A11.8125 11.8125 0.0 0 1 26.0625 43.25 Z M174.0625 164.4375 A4.6875 4.6875 0.0 0 1 169.4375 169.125 L31.9375 169.125 A4.6875 4.6875 0.0 0 1 27.3125 164.5625 L26.625 66.625 A26.875001907348633 26.875001907348633 0.0 0 0 36.625003814697266 68.5625 L169.4375 68.5625 A4.625 4.625 0.0 0 1 174.0625 73.1875 L174.0625 164.4375 Z M132.1875 123.0625 A15.625 15.625 0.0 1 0 163.4375 123.0625 A15.625 15.625 0.0 1 0 132.1875 123.0625 Z""></path></svg>"
5a414dc713e9d2967474bb9394789712,"<svg xmlns=""http://www.w3.org/2000/svg"" viewBox=""0.0 0.0 200.0 200.0"" height=""200.0px"" width=""200.0px""><path fill=""#0B72B6"" fill-opacity=""1.0""  filling=""0"" d=""M94.90234375 136.0546875 C93.65234375 136.0546875 92.4609375 135.3515625 91.85546875 134.19921875 C86.03515625 122.94921875 78.8671875 121.953125 78.7890625 121.953125 C76.89453125 121.7578125 75.52734375 120.09765625 75.703125 118.203125 C75.8984375 116.30859375 77.55859375 114.94140625 79.453125 115.11719512939453 C79.74609375 115.13671875 82.55859375 115.46875 86.2109375 117.6953125 C88.84765625 119.296875 91.25 121.42578125 93.3984375 124.08203125 C94.21875 121.30859375 95.3515625 118.0859375 96.89453125 114.82422637939453 C102.5390625 102.81250762939453 110.76171112060547 96.19140625 120.6640625 95.68359375 C122.55859375 95.5859375 124.1796875 97.05078125 124.2578125 98.9453125 C124.35546875 100.83984375 122.890625 102.46092987060547 120.99609375 102.5390625 C113.65235137939453 102.9296875 107.6171875 108.02733612060547 103.06640625 117.75390625 C99.453125 125.44921875 98.2421875 133.10546875 98.2421875 133.1640625 C98.0078125 134.62890625 96.875 135.78125 95.41015625 136.03515625 C95.2734375 136.03515625 95.078125 136.0546875 94.90234375 136.0546875 Z""></path>
<path fill="""" fill-opacity=""1.0""  filling=""0"" d=""M148.0859375 81.09375 L51.914058685302734 81.09375 C50.01953125 81.09375 48.496089935302734 79.5703125 48.496089935302734 77.67578125 C48.496089935302734 75.78125 50.01953125 74.2578125 51.914058685302734 74.2578125 L148.10546875 74.2578125 C150.0 74.2578125 151.5234375 75.78125 151.5234375 77.67578125 C151.5234375 79.55078125 149.98046875 81.09375 148.0859375 81.09375 Z""></path>
<path fill="""" fill-opacity=""1.0""  filling=""0"" d=""M141.1328125 41.835941314697266 L137.1484375 41.835941314697266 L137.1484375 33.0078125 C137.1484375 31.11328125 135.625 29.58984375 133.73046875 29.58984375 C131.8359375 29.58984375 130.3125 31.11328125 130.3125 33.0078125 L130.3125 41.835941314697266 L69.6875 41.835941314697266 L69.6875 33.0078125 C69.6875 31.11328125 68.1640625 29.58984375 66.26953125 29.58984375 C64.375 29.58984375 62.851558685302734 31.11328125 62.851558685302734 33.0078125 L62.851558685302734 41.835941314697266 L58.8671875 41.835941314697266 C43.76953125 41.835941314697266 31.484375 54.12109375 31.484375 69.23828125 L31.484375 138.359375 C31.484375 153.45703125 43.76953125 165.7421875 58.8671875 165.7421875 L141.1328125 165.7421875 C156.23046875 165.7421875 168.515625 153.45703125 168.515625 138.359375 L168.515625 69.21875 C168.53515625 54.12109375 156.25 41.835941314697266 141.1328125 41.835941314697266 Z M161.6796875 138.33984375 C161.6796875 149.66796875 152.48046875 158.88671875 141.1328125 158.88671875 L58.8671875 158.88671875 C47.5390625 158.88671875 38.320316314697266 149.6875 38.320316314697266 138.33984375 L38.320316314697266 69.21875 C38.320316314697266 57.890625 47.519527435302734 48.671878814697266 58.8671875 48.671878814697266 L62.851558685302734 48.671878814697266 L62.851558685302734 57.5 C62.851558685302734 59.39453125 64.375 60.91796875 66.26953125 60.91796875 C68.1640625 60.91796875 69.6875 59.39453125 69.6875 57.5 L69.6875 48.671878814697266 L130.29296875 48.671878814697266 L130.29296875 57.5 C130.29296875 59.39453125 131.81640625 60.91796875 133.7109375 60.91796875 C135.60546875 60.91796875 137.12890625 59.39453125 137.12890625 57.5 L137.12890625 48.671878814697266 L141.11328125 48.671878814697266 C152.44140625 48.671878814697266 161.66015625 57.871089935302734 161.66015625 69.21875 L161.66015625 138.33984375 L161.6796875 138.33984375 Z""></path></svg>"
f964d85da109fe4774a76a7b5acce9d5,"<svg xmlns=""http://www.w3.org/2000/svg"" viewBox=""0.0 0.0 200.0 200.0"" height=""200.0px"" width=""200.0px""><path fill=""#3CB87F"" fill-opacity=""1.0""  filling=""0"" d=""M164.6479949951172 40.43000030517578 L164.6479949951172 17.637001037597656 C164.6479949951172 14.96099853515625 162.47999572753906 12.773002624511719 159.78500366210938 12.773002624511719 L158.32000732421875 12.773002624511719 C156.01600646972656 12.773002624511719 154.0229949951172 14.395004272460938 153.55499267578125 16.660003662109375 L148.86700439453125 39.64799880981445 L51.327999114990234 39.64799880981445 L46.64099884033203 16.660003662109375 C46.172000885009766 14.395004272460938 44.18000030517578 12.773002624511719 41.875 12.773002624511719 L40.40999984741211 12.773002624511719 C37.73400115966797 12.773002624511719 35.5469970703125 14.941001892089844 35.5469970703125 17.637001037597656 L35.5469970703125 39.941001892089844 C28.90599822998047 41.308998107910156 23.887001037597656 47.1879997253418 23.887001037597656 54.21900177001953 L23.887001037597656 54.922000885009766 C23.887001037597656 60.60499954223633 27.188003540039062 65.48799896240234 31.9530029296875 67.89099884033203 C32.558998107910156 83.98400115966797 38.827999114990234 98.8479995727539 49.042999267578125 110.27300262451172 L49.042999267578125 162.10899353027344 C49.042999267578125 167.38299560546875 53.34000015258789 171.69900512695312 58.632999420166016 171.69900512695312 L61.132999420166016 171.69900512695312 C65.87899780273438 171.69900512695312 69.86299896240234 168.30099487304688 70.58599853515625 163.72999572753906 L76.9530029296875 128.98399353027344 C78.90599822998047 129.66799926757812 80.89800262451172 130.29299926757812 82.93000030517578 130.781005859375 L87.5780029296875 179.1020050048828 C88.06600189208984 184.0229949951172 92.16799926757812 187.73399353027344 97.10900115966797 187.73399353027344 L101.50399780273438 187.73399353027344 C106.46499633789062 187.73399353027344 110.56600189208984 184.0229949951172 111.03500366210938 179.08200073242188 L115.68399810791016 130.781005859375 C117.71499633789062 130.2729949951172 119.70700073242188 129.66799926757812 121.66000366210938 128.98399353027344 L128.00799560546875 163.61300659179688 C128.75 168.30099487304688 132.73399353027344 171.718994140625 137.47999572753906 171.718994140625 L140.0 171.718994140625 C145.2729949951172 171.718994140625 149.58999633789062 167.4219970703125 149.58999633789062 162.12899780273438 L149.58999633789062 110.29299926757812 C159.80499267578125 98.86699676513672 166.093994140625 84.00399780273438 166.67999267578125 67.91000366210938 C171.44500732421875 65.50800323486328 174.74600219726562 60.625 174.74600219726562 54.941001892089844 L174.74600219726562 54.237998962402344 C174.74600219726562 47.77299880981445 170.48800659179688 42.34400177001953 164.6479949951172 40.43000030517578 Z M33.612998962402344 54.237998962402344 C33.612998962402344 51.5620002746582 35.800994873046875 49.375 38.47700119018555 49.375 L160.156005859375 49.375 C162.83200073242188 49.375 165.02000427246094 51.5620002746582 165.02000427246094 54.237998962402344 L165.02000427246094 54.941001892089844 C165.02000427246094 57.617000579833984 162.83200073242188 59.80500030517578 160.156005859375 59.80500030517578 L38.47700119018555 59.80500030517578 C35.800994873046875 59.80500030517578 33.612998962402344 57.617000579833984 33.612998962402344 54.941001892089844 L33.612998962402344 54.237998962402344 Z M67.79299926757812 125.19499969482422 L61.05500030517578 161.99200439453125 L58.78900146484375 162.12899780273438 L58.78900146484375 119.23799896240234 C60.957000732421875 120.87899780273438 63.242000579833984 122.36299896240234 65.625 123.75 L67.79299926757812 125.19499969482422 Z M110.27300262451172 122.0510025024414 C108.16400146484375 122.46099853515625 106.56199645996094 124.21900177001953 106.3479995727539 126.36699676513672 L101.50399780273438 178.0659942626953 L97.24600219726562 178.2030029296875 L92.26599884033203 126.38700103759766 C92.0510025024414 124.23799896240234 90.46900177001953 122.4800033569336 88.33999633789062 122.06999969482422 C82.03099822998047 120.85900115966797 76.1520004272461 118.59400177001953 70.8010025024414 115.56600189208984 L63.867000579833984 110.87899780273438 C51.25 101.03500366210938 42.94900131225586 86.13300323486328 41.757999420166016 69.53099822998047 L156.875 69.53099822998047 C155.6840057373047 86.13300323486328 147.38299560546875 101.01599884033203 134.76600646972656 110.87899780273438 L127.81199645996094 115.5469970703125 C122.46099853515625 118.5739974975586 116.58200073242188 120.83999633789062 110.27300262451172 122.0510025024414 Z M137.59800720214844 161.99200439453125 L130.83999633789062 125.19499969482422 L133.00799560546875 123.75 C135.39100646972656 122.38300323486328 137.67599487304688 120.87899780273438 139.843994140625 119.23799896240234 L139.843994140625 161.99200439453125 L137.59800720214844 161.99200439453125 Z""></path></svg>"
2559b460433538b805da78a4248053c4,"<svg height=""128"" viewBox=""0 0 20 20"" width=""128"" xmlns=""http://www.w3.org/2000/svg""><path d=""m137.8 1690.61c-.05 1.16-.63 1.97-1.47 2.73-.39.37-.8.72-1.2 1.08-.75.67-1.88.67-2.64 0-.44-.37-.87-.75-1.29-1.14-.82-.77-1.35-1.58-1.39-2.73-.04-.94.42-1.83 1.35-2.15.98-.33 1.89.09 2.49.84.08.1.23.1.31 0 .55-.71 1.38-1.12 2.31-.89 1.05.26 1.58 1.23 1.53 2.26zm4.2 5.39c0 .55-.25 1-.8 1h-14c-.55 0-1.2-.45-1.2-1v-14c0-.55.65-1 1.2-1h4c.55 0 .8.45.8 1v1c0 1.11 1.1 2 2.2 2h7c.55 0 .8.45.8 1zm.2-13h-7c-.55 0-1.2-.45-1.2-1v-1c0-1.1-.7-2-1.8-2h-6c-1.1 0-2.2.9-2.2 2v16c0 1.11 1.1 2 2.2 2h16c1.1 0 1.8-.89 1.8-2v-12c0-1.1-.7-2-1.8-2z"" fill-rule=""evenodd"" transform=""translate(-124 -1679)""/></svg>"
6171431e6fd4be7aec781fe6f86a7260,"<svg fill=""none"" height=""128"" viewBox=""0 0 24 24"" width=""128"" xmlns=""http://www.w3.org/2000/svg""><g stroke=""#000000"" stroke-linecap=""round"" stroke-linejoin=""round"" stroke-width=""2""><path d=""m3 18v-9a2 2 0 0 1 2-2h.93a2 2 0 0 0 1.66-.89l.81-1.22a2 2 0 0 1 1.67-.89h3.86a2 2 0 0 1 1.66.89l.81 1.22a2 2 0 0 0 1.67.89h.93a2 2 0 0 1 2 2v9a2 2 0 0 1 -2 2h-14a2 2 0 0 1 -2-2z""/><circle cx=""12"" cy=""13"" r=""3""/></g></svg>"
dc9937b7f8ac24ae5cfeb6292e174339,"<svg xmlns=""http://www.w3.org/2000/svg"" viewBox=""0.0 0.0 200.0 200.0"" height=""200.0px"" width=""200.0px""><path fill=""#000000"" fill-opacity=""1.0""  filling=""0"" d=""M116.6666030883789 41.666603088378906 A25.0 25.0 0.0 0 1 141.66659545898438 66.6666030883789 L141.66659545898438 73.71659851074219 L156.5 62.30000305175781 C167.47500610351562 53.875 183.33340454101562 61.68339920043945 183.33340454101562 75.5166015625 L183.33340454101562 124.4833984375 C183.33340454101562 138.3166046142578 167.46661376953125 146.125 156.5 137.6999969482422 L141.66659545898438 126.28339385986328 L141.66659545898438 133.33340454101562 A25.0 25.0 0.0 0 1 116.6666030883789 158.33340454101562 L41.666603088378906 158.33340454101562 A25.0 25.0 0.0 0 1 16.666603088378906 133.33340454101562 L16.666603088378906 66.6666030883789 A25.0 25.0 0.0 0 1 41.666603088378906 41.666603088378906 L116.6666030883789 41.666603088378906 Z M116.6666030883789 54.166603088378906 L41.666603088378906 54.166603088378906 A12.5 12.5 0.0 0 0 29.225006103515625 65.46659851074219 L29.166603088378906 66.6666030883789 L29.166603088378906 133.33340454101562 A12.5 12.5 0.0 0 0 40.46660232543945 145.77499389648438 L41.666603088378906 145.83340454101562 L116.6666030883789 145.83340454101562 A12.5 12.5 0.0 0 0 129.1083984375 134.53338623046875 L129.16659545898438 133.33340454101562 L129.16659545898438 66.6666030883789 A12.5 12.5 0.0 0 0 117.8666000366211 54.224998474121094 L116.6666030883789 54.166603088378906 Z M164.125 72.2083969116211 L141.66659545898438 89.5 L141.66659545898438 110.51659393310547 L164.125 127.80000305175781 A4.166601657867432 4.166601657867432 0.0 0 0 170.83340454101562 124.49159240722656 L170.83340454101562 75.5166015625 A4.166601657867432 4.166601657867432 0.0 0 0 164.125 72.2083969116211 Z""></path></svg>"
09ffc9113cc361c62d1093d82385ccc9,"<svg xmlns=""http://www.w3.org/2000/svg"" viewBox=""0.0 0.0 200.0 200.0"" height=""200.0px"" width=""200.0px""><path fill=""#C36DB4"" fill-opacity=""1.0""  filling=""0"" d=""M181.25 48.75 L181.25 18.75 L165.375 18.75 C156.375 18.75 147.75 22.125 141.25 28.375 L119.00000762939453 49.625003814697266 L65.875 31.25 C59.875 29.25 53.375 30.25 48.375 34.0 L26.37499237060547 50.5 L82.5 84.625 L61.624996185302734 104.625 A6.1875 6.1875 0.0 0 1 54.875 105.875 L44.875 101.625 C39.125 99.125 32.5 99.75 27.125 103.125 C21.875 106.625 18.75 112.5 18.75 118.875 C18.75 126.125 22.0 133.0 27.5 137.625 L57.0 162.125 L61.5 166.0 C61.624996185302734 166.125 61.75 166.125 61.874996185302734 166.25 L62.875003814697266 167.0 L63.0 166.875 C68.125 170.75 75.0 173.125 81.75 173.125 C87.75 173.125 93.625 171.25 97.875 167.0 L120.0 144.875 L111.24999237060547 136.0 L89.125 158.125 C85.375 161.75 77.625 160.875 72.125 157.75 L116.0 114.0 L150.875 181.125 L173.5 159.875 C178.875 154.75 180.75 146.875 178.25 139.875 L156.25 78.875 A6.0 6.0 0.0 0 1 157.75 72.375 L181.25 48.75 Z M48.625003814697266 49.374996185302734 L55.874996185302734 43.875003814697266 C57.5 42.625 59.750003814697266 42.25 61.624996185302734 43.0 L108.75 59.375 L91.75 75.625 L48.625003814697266 49.374996185302734 Z M144.25 83.25 L166.25 144.25 C167.125 146.625 166.5 149.125 164.625 150.875 L154.125 160.75 L119.125 93.125 L62.124996185302734 150.0 L35.625 127.87499237060547 C32.875 125.75000762939453 31.25 122.375 31.25 118.875 C31.25 116.75 32.25 114.87499237060547 34.0 113.625 C35.875 112.5 38.0 112.24999237060547 39.999996185302734 113.125 L50.0 117.375 C57.0 120.375 64.875 118.875 70.375 113.625 L149.875 37.5 C154.0 33.5 159.625 31.25 165.375 31.25 L168.75 31.25 L168.75 43.624996185302734 L148.75 63.625 C143.625 68.75 141.875 76.5 144.25 83.25 Z""></path></svg>"
7794bf395f0e23235313e6f6b64824b8,"<svg xmlns=""http://www.w3.org/2000/svg"" viewBox=""0.0 0.0 200.0 200.0"" height=""200.0px"" width=""200.0px""><path fill=""currentColor"" fill-opacity=""1.0""  filling=""0"" d=""M182.18800354003906 141.875 L189.06199645996094 145.93800354003906 L184.375 154.375 L177.5 150.625 L177.5 160.0 L167.81199645996094 154.375 L167.81199645996094 145.0 L161.875 141.56199645996094 L161.875 160.0 L152.18800354003906 154.375 L152.18800354003906 135.93800354003906 L146.25 132.5 L146.25 160.0 L136.56199645996094 154.375 L136.56199645996094 132.5 L109.68699645996094 148.125 L128.75 159.06199645996094 L128.75 170.31199645996094 L105.0 156.56199645996094 L105.0 163.43800354003906 L120.93800354003906 172.81199645996094 L120.93800354003906 184.06199645996094 L105.0 174.68800354003906 L105.0 181.56199645996094 L113.125 186.25 L113.125 197.5 L105.0 192.81199645996094 L105.0 200.0 L95.31199645996094 200.0 L95.31199645996094 192.18800354003906 L87.18800354003906 196.875 L87.18800354003906 185.625 L95.31199645996094 180.93800354003906 L95.31199645996094 174.06199645996094 L79.375 183.125 L79.375 171.875 L95.31199645996094 162.81199645996094 L95.31199645996094 155.93800354003906 L71.56199645996094 169.68800354003906 L71.56199645996094 158.43800354003906 L90.625 147.5 L63.75 131.875 L63.75 153.75 L54.0620002746582 159.375 L54.0620002746582 131.875 L48.125 135.31199645996094 L48.125 153.75 L38.4370002746582 159.375 L38.4370002746582 140.93800354003906 L32.5 144.375 L32.5 153.75 L22.811996459960938 159.375 L22.811996459960938 150.0 L15.625 154.06199645996094 L10.938003540039062 145.625 L17.811996459960938 141.875 L9.688003540039062 137.18800354003906 L19.375 131.56199645996094 L27.5 136.25 L33.43800354003906 132.81199645996094 L17.5 123.75 L27.188003540039062 118.125 L43.125 127.18800354003906 L49.0629997253418 123.75 L25.311996459960938 110.0 L35.0 104.375 L54.0620002746582 115.31300354003906 L54.0620002746582 84.375 L35.0 95.31199645996094 L25.311996459960938 89.68800354003906 L49.0629997253418 75.93800354003906 L43.125 72.5 L27.188003540039062 81.875 L17.5 76.25 L33.43800354003906 66.875 L27.5 63.4370002746582 L19.375 68.125 L9.688003540039062 62.5 L17.811996459960938 57.8120002746582 L10.938003540039062 53.75 L15.625 45.3120002746582 L22.5 49.0629997253418 L22.5 39.6879997253418 L32.18800354003906 45.3120002746582 L32.18800354003906 54.6879997253418 L38.125 58.125 L38.125 39.6879997253418 L47.8120002746582 45.3120002746582 L47.8120002746582 63.75 L53.75 67.18800354003906 L53.75 39.6879997253418 L63.4370002746582 45.3120002746582 L63.4370002746582 67.18800354003906 L90.31199645996094 51.5620002746582 L71.25 40.625 L71.25 29.375 L95.0 43.125 L95.0 36.25 L79.06199645996094 26.875 L79.06199645996094 15.625 L95.0 25.0 L95.0 19.061996459960938 L86.875 14.375 L86.875 3.125 L95.0 7.8119964599609375 L95.0 0.0 L104.68800354003906 0.0 L104.68800354003906 7.8119964599609375 L112.81199645996094 3.125 L112.81199645996094 14.375 L105.0 18.75 L105.0 25.625 L120.93800354003906 16.561996459960938 L120.93800354003906 27.811996459960938 L105.0 36.875 L105.0 43.75 L128.75 30.0 L128.75 41.25 L109.68699645996094 52.1879997253418 L136.56199645996094 67.81199645996094 L136.56199645996094 45.9379997253418 L146.25 40.3120002746582 L146.25 67.81199645996094 L152.18800354003906 64.375 L152.18800354003906 45.9379997253418 L161.875 40.3120002746582 L161.875 58.75 L167.81199645996094 55.3129997253418 L167.81199645996094 45.9379997253418 L177.5 40.3120002746582 L177.5 49.6879997253418 L184.375 45.625 L189.06199645996094 54.0620002746582 L182.18800354003906 57.8120002746582 L190.31199645996094 62.5 L180.625 68.125 L172.5 63.4370002746582 L166.56199645996094 66.875 L182.5 75.93800354003906 L172.81199645996094 81.56199645996094 L156.875 72.5 L150.93800354003906 75.93800354003906 L174.68800354003906 89.68800354003906 L165.0 95.31199645996094 L145.93800354003906 84.375 L145.93800354003906 115.31300354003906 L165.0 104.375 L174.68800354003906 110.0 L150.93800354003906 123.75 L156.875 127.18800354003906 L172.81199645996094 117.81199645996094 L182.5 123.43800354003906 L166.56199645996094 132.81199645996094 L172.5 136.25 L180.625 131.56199645996094 L190.31199645996094 137.18800354003906 L182.18800354003906 141.875 Z M136.56199645996094 120.93800354003906 L136.56199645996094 78.75 L100.0 57.8120002746582 L63.4370002746582 78.75 L63.4370002746582 120.93800354003906 L100.0 142.18800354003906 L136.56199645996094 120.93800354003906 Z M118.125 110.625 L136.25 100.0 L118.125 89.375 L118.125 68.43800354003906 L100.0 79.06199645996094 L81.875 68.43800354003906 L81.875 89.375 L63.4370002746582 100.0 L81.56199645996094 110.625 L81.56199645996094 131.56199645996094 L99.68800354003906 120.93800354003906 L117.81199645996094 131.56199645996094 L118.125 110.625 Z M109.375 116.25 L100.0 110.93800354003906 L90.625 116.25 L90.625 105.31199645996094 L81.25 100.0 L90.625 94.68800354003906 L90.625 83.75 L100.0 89.06199645996094 L109.375 83.75 L109.375 94.68800354003906 L118.75 100.0 L109.375 105.31199645996094 L109.375 116.25 Z""></path></svg>"
66065b7a-be96-4ad5-8d3e-2510c38e9312,"<svg fill=""none"" height=""128"" viewBox=""0 0 24 24"" width=""128"" xmlns=""http://www.w3.org/2000/svg""><g fill=""#33363f""><path d=""m12 3-.71-.71.71-.7.71.7zm1 11c0 .55-.45 1-1 1s-1-.45-1-1zm-6.71-6.71 5-5 1.42 1.42-5 5zm6.42-5 5 5-1.42 1.42-5-5zm.29.71v11h-2v-11z""/><path d=""m12 21-.71.71.71.7.71-.7zm1-7c0-.55-.45-1-1-1s-1 .45-1 1zm-6.71 2.71 5 5 1.42-1.42-5-5zm6.42 5 5-5-1.42-1.42-5 5zm.29-.71v-7h-2v7z""/></g></svg>"
bb383be6-efd5-4266-858d-26dd6e01382e,"<svg height=""128"" viewBox=""0 0 20 20"" width=""128"" xmlns=""http://www.w3.org/2000/svg""><path d=""m0 0h20v20h-20z"" fill=""none""/><path d=""m17 13v-10h-14v10zm-12 4h10v-2h-10z""/></svg>"
81aca13a-c934-4433-a8f9-847b9ab81581,"<svg xmlns=""http://www.w3.org/2000/svg"" viewBox=""0.0 0.0 200.0 200.0"" height=""200.0px"" width=""200.0px""><path fill=""#07A1A5"" fill-opacity=""1.0""  filling=""0"" d=""M13.040000915527344 56.13999938964844 L188.39300537109375 56.13999938964844 L188.39300537109375 63.07500076293945 L13.040000915527344 63.07500076293945 L13.040000915527344 56.13999938964844 M187.4199981689453 65.29900360107422 L14.043998718261719 65.29900360107422 L14.043998718261719 154.89599609375 L31.490997314453125 154.89599609375 L31.490997314453125 170.02699279785156 L48.051998138427734 170.02699279785156 L48.051998138427734 154.89599609375 L151.6699981689453 154.89599609375 L151.6699981689453 170.02699279785156 L168.2310028076172 170.02699279785156 L168.2310028076172 154.89599609375 L187.4499969482422 154.89599609375 L187.4499969482422 65.29900360107422 L187.4199981689453 65.29900360107422 M183.46299743652344 109.83200073242188 L128.5260009765625 109.83200073242188 L128.5260009765625 72.88999938964844 L183.46299743652344 72.88999938964844 L183.46299743652344 109.83200073242188 M76.71700286865234 72.88999938964844 L124.5989990234375 72.88999938964844 L124.5989990234375 148.0279998779297 L76.71700286865234 148.0279998779297 L76.71700286865234 72.88999938964844 M72.76100158691406 72.88999938964844 L72.76100158691406 109.83200073242188 L17.970001220703125 109.83200073242188 L17.970001220703125 72.88999938964844 L72.76100158691406 72.88999938964844 M17.970001220703125 113.11900329589844 L72.76100158691406 113.11900329589844 L72.76100158691406 148.0279998779297 L17.970001220703125 148.0279998779297 L17.970001220703125 113.11900329589844 M44.06700134277344 166.1060028076172 L35.38800048828125 166.1060028076172 L35.38800048828125 154.947998046875 L44.06700134277344 154.947998046875 L44.06700134277344 166.1060028076172 M164.24600219726562 166.63499450683594 L155.56700134277344 166.63499450683594 L155.56700134277344 154.94700622558594 L164.24600219726562 154.94700622558594 L164.24600219726562 166.63499450683594 M128.5260009765625 148.0279998779297 L128.5260009765625 113.11900329589844 L183.46299743652344 113.11900329589844 L183.46299743652344 148.0279998779297 L128.5260009765625 148.0279998779297""></path></svg>"
0bdead1c59587f304730dc559bd0077d,"<svg xmlns=""http://www.w3.org/2000/svg"" viewBox=""0.0 0.0 200.0 200.0"" height=""200.0px"" width=""200.0px""><path fill=""#FF623E"" fill-opacity=""1.0""  filling=""0"" d=""M100.0 11.519920349121094 C51.040042877197266 11.519920349121094 11.349998474121094 51.2099609375 11.349998474121094 100.169921875 C11.349998474121094 149.1300811767578 51.040042877197266 188.81991577148438 100.0 188.81991577148438 C148.9599609375 188.81991577148438 188.64999389648438 149.1300811767578 188.64999389648438 100.169921875 C188.64999389648438 51.2099609375 148.9599609375 11.519920349121094 100.0 11.519920349121094 Z M130.60000610351562 107.2699203491211 C133.35995483398438 107.2699203491211 135.59999084472656 109.50995635986328 135.59999084472656 112.26992797851562 C135.59999084472656 115.03007507324219 133.35995483398438 117.2699203491211 130.60000610351562 117.2699203491211 L105.9400405883789 117.2699203491211 L105.9400405883789 144.35000610351562 C105.9400405883789 147.10995483398438 103.69999694824219 149.35000610351562 100.94003295898438 149.35000610351562 C98.1800765991211 149.35000610351562 95.9400405883789 147.10995483398438 95.9400405883789 144.35000610351562 L95.9400405883789 117.2699203491211 L71.28008270263672 117.2699203491211 C68.5199203491211 117.2699203491211 66.28007507324219 115.03007507324219 66.28007507324219 112.26992797851562 C66.28007507324219 109.50995635986328 68.5199203491211 107.2699203491211 71.28008270263672 107.2699203491211 L95.9400405883789 107.2699203491211 L95.9400405883789 94.71992492675781 L71.28008270263672 94.71992492675781 C68.5199203491211 94.71992492675781 66.28007507324219 92.48007202148438 66.28007507324219 89.71992492675781 C66.28007507324219 86.9599609375 68.5199203491211 84.71991729736328 71.28008270263672 84.71991729736328 L89.88008117675781 84.71991729736328 L67.9599609375 65.1800765991211 C65.89999389648438 63.34003829956055 65.71992492675781 60.18008041381836 67.55000305175781 58.11992263793945 C69.38008117675781 56.05996322631836 72.55000305175781 55.88007736206055 74.60995483398438 57.7099609375 L100.73007202148438 80.99003601074219 L124.63008117675781 56.919921875 A4.993945121765137 4.993945121765137 0.0 0 1 131.6999969482422 56.900001525878906 A4.993945121765137 4.993945121765137 0.0 0 1 131.7199249267578 63.96992111206055 L111.1099624633789 84.71991729736328 L130.59002685546875 84.71991729736328 C133.35000610351562 84.71991729736328 135.5900421142578 86.9599609375 135.5900421142578 89.71992492675781 C135.5900421142578 92.48007202148438 133.35000610351562 94.71992492675781 130.59002685546875 94.71992492675781 L105.9300765991211 94.71992492675781 L105.9300765991211 107.2699203491211 L130.60000610351562 107.2699203491211 Z""></path></svg>"
cd1983cf12ee2015f55b6234a90ca5aa,"<svg xmlns=""http://www.w3.org/2000/svg"" viewBox=""0.0 0.0 200.0 200.0"" height=""200.0px"" width=""200.0px""><path fill=""#231815"" fill-opacity=""1.0""  filling=""0"" d=""M176.7969970703125 66.36699676513672 L135.13699340820312 24.707000732421875 C134.88299560546875 24.4530029296875 134.57000732421875 24.33599853515625 134.23800659179688 24.33599853515625 C133.906005859375 24.33599853515625 133.593994140625 24.4530029296875 133.33999633789062 24.707000732421875 L84.76599884033203 73.28099822998047 C84.2770004272461 73.7699966430664 84.2770004272461 74.56999969482422 84.76599884033203 75.05899810791016 L101.19100189208984 91.48400115966797 L93.16400146484375 99.49199676513672 L76.73799896240234 83.06600189208984 C76.48400115966797 82.81199645996094 76.1719970703125 82.69499969482422 75.85900115966797 82.69499969482422 C75.5469970703125 82.69499969482422 75.21499633789062 82.81199645996094 74.9800033569336 83.06600189208984 L26.36700439453125 131.66000366210938 C25.878997802734375 132.1479949951172 25.878997802734375 132.94900512695312 26.36700439453125 133.43800354003906 L68.0469970703125 175.11700439453125 C68.3010025024414 175.37100219726562 68.61299896240234 175.48800659179688 68.9260025024414 175.48800659179688 C69.23799896240234 175.48800659179688 69.56999969482422 175.37100219726562 69.80500030517578 175.11700439453125 L118.39800262451172 126.52300262451172 C118.88700103759766 126.03500366210938 118.88700103759766 125.23400115966797 118.39800262451172 124.74600219726562 L101.9729995727539 108.31999969482422 L110.0 100.29299926757812 L126.4260025024414 116.71900177001953 C126.68000030517578 116.9729995727539 126.99199676513672 117.08999633789062 127.30500030517578 117.08999633789062 C127.61699676513672 117.08999633789062 127.9489974975586 116.9729995727539 128.1840057373047 116.71900177001953 L176.77699279785156 68.125 C177.28500366210938 67.65599822998047 177.28500366210938 66.8550033569336 176.7969970703125 66.36699676513672 Z M101.62100219726562 125.6449966430664 L68.94499969482422 158.32000732421875 L43.16400146484375 132.53900146484375 L75.85900115966797 99.84400177001953 L84.33599853515625 108.31999969482422 L74.3550033569336 118.3010025024414 L83.2030029296875 127.14800262451172 L93.18399810791016 117.16799926757812 L101.62100219726562 125.6449966430664 Z M127.3239974975586 99.94100189208984 L118.8479995727539 91.46499633789062 L128.8280029296875 81.48400115966797 L120.0 72.65599822998047 L110.0199966430664 82.63700103759766 L101.54299926757812 74.16000366210938 L134.23800659179688 41.46500015258789 L160.02000427246094 67.24600219726562 L127.3239974975586 99.94100189208984 Z""></path></svg>"
c03c6485-765b-4c86-9bfd-4428fb1ef0b5,"<svg fill=""none"" height=""128"" viewBox=""0 0 24 24"" width=""128"" xmlns=""http://www.w3.org/2000/svg""><path d=""m16 14-4-2v-5m0 14c4.97 0 9-4.03 9-9s-4.03-9-9-9-9 4.03-9 9 4.03 9 9 9z"" stroke=""#000000"" stroke-linecap=""round"" stroke-linejoin=""round"" stroke-width=""2""/></svg>"
00dc7f04-c2ce-441b-8ebf-431d6d23eaec,"<svg height=""128"" viewBox=""0 0 24 24"" width=""128"" xmlns=""http://www.w3.org/2000/svg""><g fill=""none"" stroke-linecap=""round"" stroke-linejoin=""round"" stroke-width=""2""><path d=""m15 7h-6v4h6zm0 4h-6l-1 10h8z"" stroke=""#000000""/><path d=""m12 3a3 3 0 0 1 3 3v1h-6v-1a3 3 0 0 1 3-3zm-6 18h12"" stroke=""#2ca9bc""/></g></svg>"
2707ad13f72707b60f69c3811701c1b5,"<svg xmlns=""http://www.w3.org/2000/svg"" viewBox=""0.0 0.0 200.0 200.0"" height=""200.0px"" width=""200.0px""><path fill=""#474747"" fill-opacity=""1.0""  filling=""0"" d=""M192.4669952392578 128.63600158691406 L188.1739959716797 128.63600158691406 L188.1739959716797 43.52299880981445 C188.1739959716797 40.112998962402344 185.41099548339844 37.35100173950195 182.00399780273438 37.35100173950195 L161.41400146484375 37.35100173950195 L161.41400146484375 32.345001220703125 C161.41400146484375 30.074996948242188 159.57000732421875 28.23400115966797 157.3000030517578 28.23400115966797 C155.02699279785156 28.23400115966797 153.18299865722656 30.074996948242188 153.18299865722656 32.345001220703125 L153.18299865722656 37.35100173950195 L46.8120002746582 37.35100173950195 L46.8120002746582 32.345001220703125 C46.8120002746582 30.074996948242188 44.97100067138672 28.23400115966797 42.70000076293945 28.23400115966797 C40.42399978637695 28.23400115966797 38.58300018310547 30.074996948242188 38.58300018310547 32.345001220703125 L38.58300018310547 37.35100173950195 L17.996002197265625 37.35100173950195 C14.588996887207031 37.35100173950195 11.826004028320312 40.112998962402344 11.826004028320312 43.52299880981445 L11.826004028320312 128.63600158691406 L7.532997131347656 128.63600158691406 C4.1230010986328125 128.63600158691406 1.3629989624023438 131.3979949951172 1.3629989624023438 134.80499267578125 C1.3629989624023438 138.21200561523438 4.124000549316406 140.97799682617188 7.532997131347656 140.97799682617188 L192.4669952392578 140.97799682617188 C195.8769989013672 140.97799682617188 198.63699340820312 138.21200561523438 198.63699340820312 134.80499267578125 C198.63699340820312 131.3979949951172 195.87600708007812 128.63600158691406 192.4669952392578 128.63600158691406 Z M24.166000366210938 128.63600158691406 L24.166000366210938 67.0250015258789 L139.2969970703125 67.0250015258789 C141.57000732421875 67.0250015258789 143.41299438476562 65.18099975585938 143.41299438476562 62.9109992980957 C143.41299438476562 60.63800048828125 141.57000732421875 58.797000885009766 139.2969970703125 58.797000885009766 L24.166000366210938 58.797000885009766 L24.166000366210938 49.69300079345703 L175.83099365234375 49.69300079345703 L175.83099365234375 58.797000885009766 L161.9290008544922 58.797000885009766 C159.6580047607422 58.797000885009766 157.81700134277344 60.63800048828125 157.81700134277344 62.9109992980957 C157.81700134277344 65.18099975585938 159.6580047607422 67.0250015258789 161.9290008544922 67.0250015258789 L175.83099365234375 67.0250015258789 L175.83099365234375 128.63600158691406 L24.166000366210938 128.63600158691406 Z M36.14500045776367 22.0 L49.25 22.0 C51.52299880981445 22.0 53.367000579833984 20.15899658203125 53.367000579833984 17.886001586914062 C53.367000579833984 15.615997314453125 51.52299880981445 13.772003173828125 49.25 13.772003173828125 L36.14500045776367 13.772003173828125 C33.87200164794922 13.772003173828125 32.03099822998047 15.615997314453125 32.03099822998047 17.886001586914062 C32.03099822998047 20.15899658203125 33.87200164794922 22.0 36.14500045776367 22.0 Z M150.7469940185547 22.0 L163.85499572753906 22.0 C166.1280059814453 22.0 167.968994140625 20.15899658203125 167.968994140625 17.886001586914062 C167.968994140625 15.615997314453125 166.1280059814453 13.772003173828125 163.85499572753906 13.772003173828125 L150.7469940185547 13.772003173828125 C148.4770050048828 13.772003173828125 146.63299560546875 15.615997314453125 146.63299560546875 17.886001586914062 C146.63299560546875 20.15899658203125 148.4770050048828 22.0 150.7469940185547 22.0 Z M117.74600219726562 173.88800048828125 L106.1709976196289 173.88800048828125 L106.1709976196289 157.52000427246094 C106.1709976196289 154.11300659179688 103.41100311279297 151.3470001220703 99.9990005493164 151.3470001220703 C96.58899688720703 151.3470001220703 93.8290023803711 154.11300659179688 93.8290023803711 157.52000427246094 L93.8290023803711 173.88800048828125 L82.25700378417969 173.88800048828125 C78.84700012207031 173.88800048828125 76.08699798583984 176.65199279785156 76.08699798583984 180.05799865722656 C76.08699798583984 183.46499633789062 78.84700012207031 186.22799682617188 82.25700378417969 186.22799682617188 L117.74600219726562 186.22799682617188 C121.15299987792969 186.22799682617188 123.91600036621094 183.46499633789062 123.91600036621094 180.05799865722656 C123.91600036621094 176.65199279785156 121.15299987792969 173.88800048828125 117.74600219726562 173.88800048828125 Z""></path></svg>"
fcbd3dd0f3205055864a080f786642fe,"<svg xmlns=""http://www.w3.org/2000/svg"" viewBox=""0.0 0.0 200.0 200.0"" height=""200.0px"" width=""200.0px""><path fill=""currentColor"" fill-opacity=""1.0""  filling=""0"" d=""M141.94000244140625 137.98500061035156 C151.38499450683594 137.98500061035156 159.0399932861328 146.03500366210938 159.0399932861328 155.98500061035156 C159.0399932861328 165.94500732421875 151.38499450683594 174.0 141.94000244140625 174.0 C132.5050048828125 174.02000427246094 124.83999633789062 165.93499755859375 124.83999633789062 156.0050048828125 C124.83999633789062 146.0399932861328 132.5050048828125 137.97500610351562 141.94000244140625 137.97500610351562 M59.470001220703125 137.97500610351562 C68.91999816894531 137.97500610351562 76.56999969482422 146.0399932861328 76.56999969482422 155.98500061035156 C76.56999969482422 165.94500732421875 68.91999816894531 174.0 59.470001220703125 174.0 C50.03499984741211 174.02000427246094 42.369998931884766 165.96499633789062 42.3650016784668 156.0050048828125 L42.3650016784668 155.98500061035156 C42.3650016784668 146.03500366210938 50.01499938964844 137.98500061035156 59.470001220703125 137.98500061035156 M165.4550018310547 103.07499694824219 L151.05499267578125 74.875 C151.05499267578125 74.875 149.52999877929688 73.19000244140625 148.4199981689453 73.19000244140625 L131.69000244140625 73.19000244140625 L131.69000244140625 109.19000244140625 L168.10499572753906 109.19000244140625 C168.10499572753906 107.375 166.73500061035156 105.02999877929688 165.4550018310547 103.07499694824219 M172.72500610351562 152.3800048828125 L165.9250030517578 152.3800048828125 C164.22500610351562 139.77000427246094 154.01499938964844 130.38999938964844 141.94000244140625 130.375 C129.8699951171875 130.4199981689453 119.66000366210938 139.78500366210938 117.96499633789062 152.3800048828125 L83.45500183105469 152.3800048828125 C81.75499725341797 139.78500366210938 71.54000091552734 130.4199981689453 59.470001220703125 130.375 C47.220001220703125 130.375 37.16999816894531 139.97500610351562 35.47999572753906 152.3800048828125 L21.849998474121094 152.3800048828125 C18.06999969482422 152.3800048828125 15.020004272460938 149.15499877929688 15.0 145.17999267578125 L15.0 37.20000076293945 C15.0 33.214996337890625 18.06999969482422 30.0 21.849998474121094 30.0 L118.0 30.0 C121.77999877929688 30.0 124.8499984741211 33.224998474121094 124.8499984741211 37.20000076293945 L124.8499984741211 58.79499816894531 L148.78500366210938 58.79499816894531 C153.81500244140625 58.79499816894531 155.9199981689453 62.02000045776367 159.03500366210938 65.99500274658203 L174.3249969482422 94.65499877929688 C174.3249969482422 94.65499877929688 179.5749969482422 102.375 179.5749969482422 109.20500183105469 L179.5749969482422 145.19500732421875 C179.55499267578125 149.15499877929688 176.5 152.3800048828125 172.72500610351562 152.3800048828125""></path></svg>"
1b345ad059582af46300c46bb39ebd70,"<svg xmlns=""http://www.w3.org/2000/svg"" viewBox=""0.0 0.0 200.0 200.0"" height=""200.0px"" width=""200.0px""><path fill="""" fill-opacity=""1.0""  filling=""0"" d=""M87.5 154.16659545898438 L112.5 154.16659545898438 C117.5 154.16659545898438 120.8333969116211 150.0 120.8333969116211 145.83340454101562 L120.8333969116211 54.166603088378906 C120.8333969116211 49.166603088378906 117.5 45.833396911621094 112.5 45.833396911621094 L87.5 45.833396911621094 C82.5 45.833396911621094 79.1666030883789 49.166603088378906 79.1666030883789 54.166603088378906 L79.1666030883789 145.83340454101562 C79.1666030883789 150.0 82.5 154.16659545898438 87.5 154.16659545898438 Z M37.5 154.16659545898438 L62.5 154.16659545898438 C67.5 154.16659545898438 70.8333969116211 150.0 70.8333969116211 145.83340454101562 L70.8333969116211 54.166603088378906 C70.8333969116211 49.166603088378906 67.5 45.833396911621094 62.5 45.833396911621094 L37.5 45.833396911621094 C33.333396911621094 45.833396911621094 29.166603088378906 49.166603088378906 29.166603088378906 54.166603088378906 L29.166603088378906 145.83340454101562 C29.166603088378906 150.0 33.333396911621094 154.16659545898438 37.5 154.16659545898438 Z M129.16659545898438 54.166603088378906 L129.16659545898438 145.83340454101562 C129.16659545898438 150.0 132.5 154.16659545898438 137.5 154.16659545898438 L162.5 154.16659545898438 C166.66659545898438 154.16659545898438 170.83340454101562 150.0 170.83340454101562 145.83340454101562 L170.83340454101562 54.166603088378906 C170.83340454101562 49.166603088378906 166.66659545898438 45.833396911621094 162.5 45.833396911621094 L137.5 45.833396911621094 C132.5 45.833396911621094 129.16659545898438 49.166603088378906 129.16659545898438 54.166603088378906 Z""></path></svg>"
6d950c48fe42ed6b32b64f641d4d0f40,"<svg xmlns=""http://www.w3.org/2000/svg"" viewBox=""0.0 0.0 200.0 200.0"" height=""200.0px"" width=""200.0px""><path fill=""#2A2A2A"" fill-opacity=""1.0""  filling=""0"" d=""M145.92300415039062 63.689998626708984 L165.14599609375 44.47200012207031 L145.6230010986328 24.948997497558594 L126.4000015258789 44.1619987487793 L145.92300415039062 63.685001373291016 L145.92300415039062 63.689998626708984 Z M133.80999755859375 75.7979965209961 L114.28700256347656 56.279998779296875 L28.3280029296875 142.21400451660156 C24.74500274658203 145.79100036621094 20.277000427246094 154.11199951171875 19.257003784179688 159.11000061035156 L16.235000610351562 173.8300018310547 L30.964996337890625 170.80799865722656 C36.018001556396484 169.7729949951172 44.23400115966797 165.34500122070312 47.85599899291992 161.7220001220703 L133.80499267578125 75.7979965209961 L133.80999755859375 75.7979965209961 Z M135.41099548339844 14.206001281738281 A14.375 14.375 0.0 0 1 155.83999633789062 14.206001281738281 L175.9040069580078 34.2550048828125 A14.449999809265137 14.449999809265137 0.0 0 1 175.9040069580078 54.683998107910156 L58.347999572753906 172.21400451660156 C52.70399856567383 177.84800720214844 41.887001037597656 183.70700073242188 33.946998596191406 185.33299255371094 L11.882003784179688 189.8560028076172 A9.88700008392334 9.88700008392334 0.0 0 1 0.2089996337890625 178.18800354003906 L4.732002258300781 156.13299560546875 C6.3379974365234375 148.29800415039062 12.207000732421875 137.3699951171875 17.850997924804688 131.7270050048828 L135.406005859375 14.201004028320312 L135.41099548339844 14.206001281738281 Z M167.35299682617188 155.03799438476562 C166.2220001220703 161.91200256347656 162.00900268554688 168.1219940185547 155.35499572753906 173.01499938964844 C169.00399780273438 173.88999938964844 179.3509979248047 169.36199951171875 187.11599731445312 159.4459991455078 A7.315000057220459 7.315000057220459 0.0 0 1 197.3280029296875 158.1750030517578 C200.5 160.62600708007812 201.0760040283203 165.16400146484375 198.60899353027344 168.31700134277344 C185.2899932861328 185.3280029296875 165.8419952392578 191.052001953125 141.6199951171875 185.5279998779297 A41.16299819946289 41.16299819946289 0.0 0 1 132.8040008544922 182.4759979248047 C112.58499908447266 187.53500366210938 94.09300231933594 190.06199645996094 77.33599853515625 190.06199645996094 A7.255000114440918 7.255000114440918 0.0 0 1 70.05599975585938 182.83200073242188 A7.255000114440918 7.255000114440918 0.0 0 1 77.33599853515625 175.60699462890625 C90.2699966430664 175.60699462890625 104.4749984741211 173.9510040283203 119.94999694824219 170.6280059814453 C117.08399963378906 165.27999877929688 116.2979965209961 159.02000427246094 117.78900146484375 152.4810028076172 C120.93099975585938 138.70599365234375 133.38999938964844 128.28399658203125 147.10899353027344 130.26600646972656 C160.79299926757812 132.23699951171875 169.38900756835938 142.7239990234375 167.35800170898438 155.0330047607422 L167.35299682617188 155.03799438476562 Z M131.97900390625 155.67300415039062 C130.98300170898438 160.05599975585938 131.94400024414062 163.94900512695312 135.16600036621094 166.89599609375 C156.11500549316406 160.59100341796875 158.05599975585938 146.44700622558594 145.01300048828125 144.56500244140625 C139.48899841308594 143.77000427246094 133.56500244140625 148.72799682617188 131.98399353027344 155.67300415039062 L131.97900390625 155.67300415039062 Z""></path></svg>"
6a6ca488-0ca7-43e0-be5e-3a4bd9d0950c,"<svg height=""128"" viewBox=""0 0 1920 1920"" width=""128"" xmlns=""http://www.w3.org/2000/svg""><path d=""m564.82 903.53v-395.3c0-217.98 177.32-395.29 395.29-395.29 217.98 0 395.29 177.32 395.29 395.29h112.94c.01-280.2-228.01-508.23-508.22-508.23s-508.24 228.03-508.24 508.24v395.29h-225.88v790.59c0 124.57 101.31 225.88 225.88 225.88h1016.47c124.58 0 225.88-101.31 225.88-225.88v-790.59zm338.82 677.65h112.94v-338.82h-112.94z"" fill-rule=""evenodd""/></svg>"
57d5c6abde8998c16c29acd67057160a,"<svg xmlns=""http://www.w3.org/2000/svg"" viewBox=""0.0 0.0 200.0 200.0"" height=""200.0px"" width=""200.0px""><path fill=""#272636"" fill-opacity=""1.0""  filling=""0"" d=""M87.2239990234375 12.666000366210938 L12.363998413085938 12.666000366210938 L12.363998413085938 87.5250015258789 L87.2229995727539 87.5250015258789 L87.2239990234375 12.666000366210938 L87.2239990234375 12.666000366210938 Z M74.74400329589844 75.0459976196289 L25.04399871826172 75.0459976196289 L25.04399871826172 25.1510009765625 L74.74400329589844 25.1510009765625 L74.74400329589844 75.0459976196289 L74.74400329589844 75.0459976196289 Z M112.25800323486328 187.41900634765625 L187.3159942626953 187.41900634765625 L187.3159942626953 112.55999755859375 L112.25800323486328 112.55999755859375 L112.25800323486328 187.41900634765625 L112.25800323486328 187.41900634765625 Z M12.363998413085938 187.41900634765625 L87.4229965209961 187.41900634765625 L87.4229965209961 112.55999755859375 L12.363998413085938 112.55999755859375 L12.363998413085938 187.41900634765625 Z M25.04399871826172 125.04000091552734 L74.54399871826172 125.04000091552734 L74.54399871826172 174.93299865722656 L25.04399871826172 174.93299865722656 L25.04399871826172 125.04000091552734 Z M112.25800323486328 12.666000366210938 L112.25800323486328 87.5250015258789 L187.3159942626953 87.5250015258789 L187.3159942626953 12.666000366210938 L112.25800323486328 12.666000366210938 Z M174.4320068359375 75.0459976196289 L124.73799896240234 75.0459976196289 L124.73799896240234 25.1510009765625 L174.4320068359375 25.1510009765625 L174.4320068359375 75.0459976196289 L174.4320068359375 75.0459976196289 Z""></path></svg>"
f98e788a-cb5b-4f6d-a42f-88f10527d4f1,"<svg height=""128"" viewBox=""0 0 15 15"" width=""128"" xmlns=""http://www.w3.org/2000/svg""><path d=""m7.54 2c-.3 0-.49.18-.62.38l-5.85 9.54c-.07.08-.07.23-.07.39 0 .54.38.69.69.69h11.62c.38 0 .69-.15.69-.69 0-.15 0-.23-.08-.38l-5.77-9.55c-.12-.2-.36-.38-.61-.38z""/></svg>"
ab70b374f4f09f6f3702b0c6484597e5,"<svg xmlns=""http://www.w3.org/2000/svg"" viewBox=""0.0 0.0 200.0 200.0"" height=""200.0px"" width=""200.0px""><path fill=""#29ABE2"" fill-opacity=""1.0""  filling=""0"" d=""M140.46875 133.57421875 C142.28515625 135.390625 142.28515625 138.3203125 140.48828125 140.1171875 C138.671875 141.93359375 135.7421875 141.93359375 133.9453125 140.1171875 C132.12890625 138.30078125 132.12890625 135.37109375 133.9453125 133.57421875 C135.72265625 131.77734375 138.65234375 131.7578125 140.46875 133.57421875 Z""></path>
<path fill=""#29ABE2"" fill-opacity=""1.0""  filling=""0"" d=""M101.07421875 12.79296875 C52.9296875 12.79296875 13.90625 51.816402435302734 13.90625 99.9609375 C13.90625 148.10546875 52.9296875 187.12890625 101.07421875 187.12890625 C149.21875 187.12890625 188.2421875 148.10546875 188.2421875 99.9609375 C188.26171875 51.816402435302734 149.21875 12.79296875 101.07421875 12.79296875 Z M144.1015625 143.73046875 C140.29296875 147.5390625 134.12109375 147.55859375 130.3125 143.75 C128.6328125 142.0703125 127.67578125 139.921875 127.48046875 137.71484375 L81.25 91.62109375 C72.9296875 95.60546875 62.656246185302734 94.16015625 55.7421875 87.265625 C51.6796875 83.203125 49.4921875 77.98828125 49.19921875 72.67578125 L58.339847564697266 78.80859375 C63.730464935302734 82.421875 71.09375 80.9765625 74.70703125 75.5859375 C78.3203125 70.1953125 76.875 62.832035064697266 71.484375 59.218753814697266 L60.56640625 51.894535064697266 C69.1015625 47.0703125 80.1171875 48.300777435302734 87.3828125 55.546875 C94.35546875 62.5 95.78125 72.91015625 91.6796875 81.26953125 L137.65625 127.109375 C140.0 127.2265625 142.28515625 128.1640625 144.08203125 129.94140625 C147.890625 133.75 147.91015625 139.921875 144.1015625 143.73046875 Z""></path></svg>"
e4356d8c-b193-4988-8af7-46dbfa0b3906,"<svg height=""128"" viewBox=""0 0 64 64"" width=""128"" xmlns=""http://www.w3.org/2000/svg""><path d=""m62.9 49c0-5.1-.6-10-1.1-14.7-.6-5.4-1.2-10.9-1-17v-9.4c0-.6-.5-1.1-1.1-1.1h-8.5c-.9-2-3.9-6.8-13-6.8-.6 0-1.1.5-1.1 1.1v5.7h-1.4c-.6 0-1.1.5-1.1 1.1v9.3c-.5 6.3-2 10.6-4 13.6-1.3 1.8-2.7 3.1-4.3 4.1-3.8 2.2-8.2 2.3-12 2.5-1.9.1-3.5.1-4.8.4-3.1.7-5.3 2.3-6.7 4.8-2.5 4.4-2.1 11.2 1.1 20.8.2.5.6.8 1 .8h2.8c.6 0 1.1-.5 1.1-1.1v-.1l.2.4c.2.4.6.6 1 .6h3.6c.6 0 1.1-.5 1.1-1.1v-.4l.8 1c.2.3.5.4.9.4h3.7c.6 0 1.1-.5 1.1-1.1v-.3l.6.9c.2.3.5.5.9.5h2.7c.6 0 1.1-.5 1.1-1.1v-.6l1.1 1.3c.2.2.5.4.8.4h3.6c.2 0 .5-.1.7-.2 5.2-4 10.1-4.3 11.8-4.3l1.8 3.9c.2.4.6.6 1 .6h4.8c.6 0 1.1-.5 1.1-1.1v-1l1.5 1.7c.2.3.5.4.8.4h5c.4 0 .8-.3 1-.6 1.5-3.3 1.4-7.7 1.4-14.3zm-23.6-46.8c5.8.3 8.3 2.9 9.4 4.5h-9.4zm-34.7 41.3c1.1-1.9 2.8-3.1 5.3-3.7 1.1-.3 2.6-.3 4.4-.3 1.5 0 3.3-.1 5.1-.3v3.8c0 .6.5 1.1 1.1 1.1s1.1-.5 1.1-1.1v-4.2c1.6-.3 3.1-.8 4.7-1.6l2 3.9c.2.4.6.6 1 .6.2 0 .3 0 .5-.1.5-.3.8-.9.5-1.5l-2-4c1.2-.8 2.4-1.9 3.4-3.1l4.2 3.6c.2.2.5.3.7.3.3 0 .6-.1.8-.4.4-.5.3-1.2-.1-1.6l-4.4-3.8c.7-1.2 1.4-2.6 2-4.1l5.3 2.2c.1.1.3.1.4.1.4 0 .8-.3 1-.7.2-.6 0-1.2-.6-1.4l-5.5-2.3c.6-2.2 1.1-4.8 1.3-7.7v-8.2h1.4 12.2 8.2v8.3c-.1 6.2.5 11.8 1.1 17.2.5 4.6 1 9.4 1.1 14.4v1.3c-3.1-.2-11.7-.5-22.4 1.5-8.1 1.5-20.7 2.4-34.6 2.4-.8-4.6-.6-8.1.8-10.6zm55.1 18.3h-3.7l-3.1-3.7c-.3-.4-.8-.5-1.2-.3s-.7.6-.7 1v3h-3l-1.8-3.8c-.2-.3-.5-.6-.9-.6-.3 0-6.7-.7-13.6 4.5h-2.7l-2.7-3.2c-.3-.4-.8-.5-1.2-.3s-.7.6-.7 1v2.4h-1l-2.4-3.3c-.3-.4-.8-.6-1.2-.4-.5.1-.8.6-.8 1.1v2.7h-2.1l-2.4-3.2c-.3-.4-.8-.5-1.2-.4-.4.2-.8.6-.8 1v2.6h-1.8l-2.1-3.9c-.2-.4-.8-.7-1.2-.5-.5.1-.8.6-.8 1.1v3.2h-1c-.6-1.9-1.1-3.8-1.4-5.4 8.7 0 23.6-.4 34.5-2.4 10.6-1.9 19.2-1.6 22-1.4 0 3.9-.2 6.9-1 9.2z""/></svg>"
3aced3ceb1f4f809cc7362157856a47e,"<svg xmlns=""http://www.w3.org/2000/svg"" viewBox=""0.0 0.0 200.0 200.0"" height=""200.0px"" width=""200.0px""><path fill=""#09121F"" fill-opacity=""1.0""  filling=""0"" d=""M166.66659545898438 16.666603088378906 L75.0 16.666603088378906 L25.0 66.6666030883789 L25.0 175.0 C25.0 180.0 28.333404541015625 183.33340454101562 33.333396911621094 183.33340454101562 L166.66659545898438 183.33340454101562 C171.66659545898438 183.33340454101562 175.0 180.0 175.0 175.0 L175.0 25.0 C175.0 20.0 171.66659545898438 16.666603088378906 166.66659545898438 16.666603088378906 Z M75.0 39.999996185302734 L75.0 66.6666030883789 L48.33339309692383 66.6666030883789 L75.0 39.999996185302734 Z M158.33340454101562 166.66659545898438 L41.666603088378906 166.66659545898438 L41.666603088378906 83.3333969116211 L83.3333969116211 83.3333969116211 C88.3333969116211 83.3333969116211 91.6666030883789 80.0 91.6666030883789 75.0 L91.6666030883789 33.333396911621094 L158.33340454101562 33.333396911621094 L158.33340454101562 166.66659545898438 Z""></path></svg>"
92ed8fec183f86a232b1a1bad759b94a,"<svg height=""128"" viewBox=""0 0 8 8"" width=""128"" xmlns=""http://www.w3.org/2000/svg""><path d=""m3.5 0c-1.93 0-3.5 1.57-3.5 3.5s1.57 3.5 3.5 3.5c.59 0 1.17-.14 1.66-.41a1 1 0 0 0 .13.13l1 1a1.02 1.02 0 1 0 1.44-1.44l-1-1a1 1 0 0 0 -.16-.13c.27-.49.44-1.06.44-1.66 0-1.93-1.57-3.5-3.5-3.5zm0 1c1.39 0 2.5 1.11 2.5 2.5 0 .66-.24 1.27-.66 1.72-.01.01-.02.02-.03.03a1 1 0 0 0 -.13.13c-.44.4-1.04.63-1.69.63-1.39 0-2.5-1.11-2.5-2.5s1.11-2.5 2.5-2.5z""/></svg>"
bf5739d50c3812db213e09c84aa7bece,"<svg xmlns=""http://www.w3.org/2000/svg"" viewBox=""0.0 0.0 200.0 200.0"" height=""200.0px"" width=""200.0px""><path fill=""#666666"" fill-opacity=""1.0""  filling=""0"" d=""M18.33984375 24.140625 L33.3203125 24.140625 C38.18359375 24.140625 42.109375 20.1953125 42.109375 15.3515625 L42.109375 0.37109375 L18.33984375 24.140625 Z M198.671875 108.6328125 L205.33203125 101.97264862060547 C210.8203125 96.484375 210.8203125 87.578125 205.33203125 82.08984375 C199.84375 76.6015625 190.9375 76.6015625 185.44921875 82.08984375 L178.7890625 88.75 L198.671875 108.6328125 Z M171.97265625 95.546875 L122.12890625 145.390625 L113.35938262939453 174.0625 L142.01171875 165.29296875 L191.85546875 115.44921112060547 L171.97265625 95.546875 Z""></path>
<path fill=""#666666"" fill-opacity=""1.0""  filling=""0"" d=""M136.796875 186.25 L99.51171875 187.890625 L110.9375 140.83984375 L181.66015625 70.1171875 L181.66015625 13.59375 C181.66015625 6.30859375 175.68359375 0.3515625 168.37890625 0.3515625 L46.46484375 0.3515625 L46.46484375 15.17578125 C46.46484375 22.51953125 40.5078125 28.45703125 33.18359375 28.45703125 L18.33984375 28.45703125 L18.33984375 186.40625 C18.33984375 193.69140625 24.31640625 199.6484375 31.62109375 199.6484375 L168.37890625 199.6484375 C175.68359375 199.6484375 181.66015625 193.69140625 181.66015625 186.40625 L181.66015625 145.29296875 L136.796875 186.25 Z M50.742183685302734 36.777339935302734 L149.296875 36.777339935302734 C154.1796875 36.777339935302734 158.1640625 40.72265625 158.1640625 45.60546875 C158.1640625 50.48828125 154.19921875 54.433597564697266 149.296875 54.433597564697266 L50.722660064697266 54.433597564697266 C45.839847564697266 54.433597564697266 41.875 50.48828125 41.875 45.60546875 C41.875 40.72265625 45.839847564697266 36.777339935302734 50.742183685302734 36.777339935302734 Z M50.742183685302734 79.86328125 L108.73046875 79.86328125 C113.61328125 79.86328125 117.59765625 83.80859375 117.59765625 88.69140625 C117.59765625 93.57421875 113.6328125 97.51953125 108.73046875 97.51953125 L50.722660064697266 97.51953125 C45.839847564697266 97.5 41.875 93.5546875 41.875 88.69140625 C41.875 83.80859375 45.839847564697266 79.86328125 50.742183685302734 79.86328125 Z M82.01171875 140.56640625 L50.722660064697266 140.56640625 C45.839847564697266 140.56640625 41.855464935302734 136.62109375 41.855464935302734 131.73828125 C41.855464935302734 126.85546875 45.8203125 122.91015625 50.722660064697266 122.91015625 L82.01171875 122.91015625 C86.9140625 122.91015625 90.87890625 126.85546875 90.87890625 131.73828125 C90.87890625 136.62109375 86.9140625 140.56640625 82.01171875 140.56640625 Z""></path></svg>"
c6a4b8f080508bd24a33f1473686429b,"<svg xmlns=""http://www.w3.org/2000/svg"" viewBox=""0.0 0.0 200.0 200.0"" height=""200.0px"" width=""200.0px""><path fill=""#333333"" fill-opacity=""1.0""  filling=""0"" d=""M50.625003814697266 175.0 A12.5 12.5 0.0 1 0 75.6187515258789 175.00625610351562 A12.5 12.5 0.0 0 0 50.625003814697266 175.0 Z M150.0 175.0 A12.5 12.5 0.0 1 0 174.99374389648438 175.00625610351562 A12.5 12.5 0.0 0 0 150.0 175.0 Z M183.75 55.624996185302734 C180.625 51.875 176.25 50.0 171.25 50.0 L48.75 50.0 L44.375003814697266 28.125 C43.124996185302734 19.375 35.625 12.5 26.25 12.5 L18.75 12.5 C15.0 12.5 12.5 15.625 12.5 18.75 C12.5 21.875 15.0 25.0 18.75 25.0 L26.25 25.0 C28.75 25.0 31.25 26.875 31.875 30.0 L37.5 60.625 L47.500003814697266 133.125 C48.75 142.5 56.25 150.0 65.0 150.0 L160.0 150.0 C168.75 150.0 176.25 143.75 177.5 135.625 L187.5 69.375 C188.125 64.375 186.875 59.375 183.75 55.624996185302734 Z""></path></svg>"
8972c992608f4a9abf73a5836aad48a7,"<svg xmlns=""http://www.w3.org/2000/svg"" viewBox=""0.0 0.0 200.0 200.0"" height=""200.0px"" width=""200.0px""><path fill=""#999999"" fill-opacity=""1.0""  filling=""0"" d=""M62.75400161743164 74.55699920654297 L75.1760025024414 74.55699920654297 L75.1760025024414 87.12300109863281 L62.75400161743164 87.12300109863281 L62.75400161743164 74.55699920654297 Z M62.75400161743164 99.39099884033203 L87.75800323486328 99.39099884033203 L87.75800323486328 111.95700073242188 L62.75400161743164 111.95700073242188 L62.75400161743164 99.39099884033203 Z M87.69100189208984 74.55699920654297 L137.6820068359375 74.55699920654297 L137.6820068359375 87.12300109863281 L87.69100189208984 87.12300109863281 L87.69100189208984 74.55699920654297 Z M115.85900115966797 168.0229949951172 L106.4260025024414 168.0229949951172 L106.4260025024414 105.85900115966797 L169.04100036621094 105.85900115966797 L169.04100036621094 114.84400177001953 L115.85900115966797 168.0229949951172 Z M118.9260025024414 118.35900115966797 L118.9260025024414 147.28500366210938 L147.8520050048828 118.35900115966797 L118.9260025024414 118.35900115966797 Z""></path>
<path fill=""#999999"" fill-opacity=""1.0""  filling=""0"" d=""M115.7030029296875 168.0229949951172 L31.5 168.0229949951172 L31.5 43.321998596191406 L169.01800537109375 43.321998596191406 L169.01800537109375 114.70899963378906 L115.7030029296875 168.0229949951172 Z M44.0 155.5229949951172 L110.5250015258789 155.5229949951172 L156.51800537109375 109.53099822998047 L156.51800537109375 55.81999969482422 L44.0 55.81999969482422 L44.0 155.5229949951172 Z""></path></svg>"
f11f5c89bd20cd96350feee81112a947,"<svg xmlns=""http://www.w3.org/2000/svg"" viewBox=""0.0 0.0 200.0 200.0"" height=""200.0px"" width=""200.0px""><path fill=""#717378"" fill-opacity=""1.0""  filling=""0"" d=""M125.07499694824219 20.0 A20.0 20.0 0.0 0 1 139.29376220703125 25.9375 L174.21875 61.23125076293945 A20.0 20.0 0.0 0 1 180.0 75.30000305175781 L180.0 167.5 A12.5 12.5 0.0 0 1 167.5 180.0 L32.5 180.0 A12.5 12.5 0.0 0 1 20.0 167.5 L20.0 32.5 A12.5 12.5 0.0 0 1 32.5 20.0 L125.07499694824219 20.0 Z M125.07499694824219 32.5 L32.5 32.5 L32.5 167.5 L60.000003814697266 167.5 L60.000003814697266 113.85624694824219 L60.000003814697266 112.91874694824219 A6.25 6.25 0.0 0 1 66.25 106.66874694824219 L133.75 106.66874694824219 A6.25 6.25 0.0 0 1 140.0 112.91874694824219 L140.0 113.75000762939453 L139.99374389648438 113.85624694824219 L139.99374389648438 167.5 L167.5 167.5 L167.5 75.30000305175781 A7.500000476837158 7.500000476837158 0.0 0 0 165.8874969482422 70.65625 L165.33123779296875 70.0250015258789 L130.40625 34.724998474121094 A7.500000476837158 7.500000476837158 0.0 0 0 125.07499694824219 32.5 Z M126.66250610351562 120.0 L73.33125305175781 120.0 L73.33125305175781 167.5 L126.66250610351562 167.5 L126.66250610351562 120.0 Z M73.75 56.25 C74.4375 56.25 75.0 56.8125 75.0 57.5 L75.0 67.5 A1.25 1.25 0.0 0 1 73.75 68.75 L51.25 68.75 A1.25 1.25 0.0 0 1 50.0 67.5 L50.0 57.5 C50.0 56.8125 50.5625 56.25 51.25 56.25 L73.75 56.25 Z""></path></svg>"
28ebcd68a26c4a5c3627e0b387634a06,"<svg xmlns=""http://www.w3.org/2000/svg"" viewBox=""0.0 0.0 200.0 200.0"" height=""200.0px"" width=""200.0px""><path fill=""#000000"" fill-opacity=""1.0""  filling=""0"" d=""M100.0 16.666603088378906 A83.3333969116211 83.3333969116211 0.0 0 1 183.33340454101562 100.0 C183.33340454101562 146.02499389648438 146.02499389648438 183.33340454101562 100.0 183.33340454101562 C53.974998474121094 183.33340454101562 16.666603088378906 146.02499389648438 16.666603088378906 100.0 C16.666603088378906 53.974998474121094 53.974998474121094 16.666603088378906 100.0 16.666603088378906 Z M59.92500305175781 70.09159851074219 L58.59160614013672 71.9583969116211 A50.0 50.0 0.0 1 0 140.125 70.17499542236328 L126.75839233398438 80.125 L127.9749984741211 81.875 A33.33340072631836 33.33340072631836 0.0 1 1 73.2750015258789 80.07499694824219 L59.92500305175781 70.0833969116211 L59.92500305175781 70.09159851074219 Z M108.3333969116211 50.150001525878906 L91.6666030883789 50.150001525878906 L91.6666030883789 100.1500015258789 L108.3333969116211 100.1500015258789 L108.3333969116211 50.150001525878906 Z""></path></svg>"
92bc76fd445cfb23162ecfb03f75c2a5,"<svg xmlns=""http://www.w3.org/2000/svg"" viewBox=""0.0 0.0 200.0 200.0"" height=""200.0px"" width=""200.0px""><path fill=""#d4e1f4"" fill-opacity=""1.0""  filling=""0"" d=""M147.9040069580078 52.36800003051758 C148.61700439453125 53.03300094604492 85.20500183105469 116.40299987792969 84.56099700927734 115.71399688720703 L64.0790023803711 136.1959991455078 C46.5099983215332 118.6709976196289 39.104000091552734 93.38899993896484 44.4379997253418 69.15399932861328 C31.856002807617188 96.77200317382812 37.75299835205078 129.3000030517578 59.229000091552734 150.7449951171875 L79.71099853515625 130.26199340820312 C80.3550033569336 130.95199584960938 143.76699829101562 67.58200073242188 143.05499267578125 66.91699981689453 L162.10299682617188 47.86899948120117 C160.46800231933594 46.231998443603516 158.7740020751953 44.69200134277344 157.0260009765625 43.24700164794922 L147.9040069580078 52.36800003051758 Z""></path>
<path fill=""#d4e1f4"" fill-opacity=""1.0""  filling=""0"" d=""M21.410003662109375 38.167999267578125 C16.323997497558594 38.167999267578125 11.77099609375 35.013999938964844 9.98699951171875 30.250999450683594 C4.5989990234375 33.7030029296875 2.7959976196289062 40.73500061035156 5.859001159667969 46.35300064086914 C8.923995971679688 51.97200012207031 15.810997009277344 54.26599884033203 21.632003784179688 51.60499954223633 C27.4530029296875 48.94499969482422 30.225997924804688 42.23699951171875 27.98200225830078 36.24300003051758 C26.02099609375 37.50299835205078 23.73999786376953 38.172000885009766 21.410003662109375 38.167999267578125 Z""></path>
<path fill=""#1ae5be"" fill-opacity=""1.0""  filling=""0"" d=""M78.5989990234375 135.39599609375 C55.71500015258789 112.51000213623047 47.70000076293945 79.03500366210938 57.6870002746582 48.03200149536133 C57.900001525878906 47.374000549316406 58.26499938964844 46.7760009765625 58.75400161743164 46.2869987487793 L59.077999114990234 45.9630012512207 C59.566001892089844 45.47200012207031 60.165000915527344 45.106998443603516 60.82400131225586 44.89500045776367 C91.82599639892578 34.90899658203125 125.32599639892578 42.946998596191406 148.24899291992188 65.87100219726562 L142.08099365234375 72.03900146484375 C122.03900146484375 51.95899963378906 92.59500122070312 44.499000549316406 65.40899658203125 52.61199951171875 C57.354000091552734 79.94100189208984 64.68099975585938 109.13099670410156 84.77300262451172 129.22300720214844 L78.5989990234375 135.39599609375 Z""></path>
<path fill=""#0635c9"" fill-opacity=""1.0""  filling=""0"" d=""M56.141998291015625 153.8300018310547 C57.84600067138672 155.53500366210938 60.61000061035156 155.53500366210938 62.314998626708984 153.8300018310547 L110.66500091552734 105.48100280761719 L175.23699951171875 170.0500030517578 L28.323997497558594 170.0500030517578 C25.915000915527344 170.0500030517578 23.959999084472656 172.0050048828125 23.959999084472656 174.41400146484375 C23.959999084472656 176.8260040283203 25.915000915527344 178.7790069580078 28.323997497558594 178.7790069580078 L195.63499450683594 178.7790069580078 C198.0469970703125 178.7790069580078 200.0 176.8260040283203 200.0 174.41400146484375 C200.0 172.0050048828125 198.0469970703125 170.0500030517578 195.63499450683594 170.0500030517578 L187.4149932861328 170.0500030517578 C187.23899841308594 169.76400756835938 187.031005859375 169.49899291992188 186.79400634765625 169.26199340820312 L116.83899688720703 99.30699920654297 L165.18899536132812 50.957000732421875 C166.8939971923828 49.25199890136719 166.8939971923828 46.487998962402344 165.18899536132812 44.78300094604492 C150.76699829101562 30.270004272460938 131.13499450683594 22.12799835205078 110.6729965209961 22.177001953125 L110.64399719238281 22.177001953125 C92.03399658203125 22.136001586914062 74.04499816894531 28.87799835205078 60.04399871826172 41.13999938964844 L57.51499938964844 38.60900115966797 C56.41400146484375 37.49100112915039 54.79999923706055 37.04800033569336 53.28499984741211 37.45000076293945 C51.76900100708008 37.85200119018555 50.584999084472656 39.03499984741211 50.18299865722656 40.55099868774414 C49.78200149536133 42.066001892089844 50.222999572753906 43.68000030517578 51.340999603271484 44.78099822998047 L53.79600143432617 47.236000061035156 C25.900001525878906 77.66000366210938 26.933998107910156 124.66300201416016 56.141998291015625 153.8300018310547 Z M110.64800262451172 30.906997680664062 L110.6729965209961 30.906997680664062 C127.30899810791016 30.86499786376953 143.38099670410156 36.935001373291016 155.83599853515625 47.9640007019043 L59.32400131225586 144.4759979248047 C41.5890007019043 124.3030014038086 37.301998138427734 95.61799621582031 48.362998962402344 71.14099884033203 C59.42399978637695 46.66400146484375 83.78800201416016 30.926002502441406 110.64800262451172 30.906997680664062 Z""></path>
<path fill=""#0635c9"" fill-opacity=""1.0""  filling=""0"" d=""M16.55999755859375 54.65599822998047 C25.707000732421875 54.65800094604492 33.121002197265625 47.24399948120117 33.121002197265625 38.09600067138672 C33.121002197265625 28.949996948242188 25.707000732421875 21.535003662109375 16.55999755859375 21.535003662109375 C7.415000915527344 21.535003662109375 0.0 28.949996948242188 0.0 38.09600067138672 C0.01000213623046875 47.237998962402344 7.417999267578125 54.64699935913086 16.55999755859375 54.65599822998047 Z M16.55999755859375 30.264999389648438 C20.88500213623047 30.26300048828125 24.391998291015625 33.76899719238281 24.391998291015625 38.09600067138672 C24.391998291015625 42.42100143432617 20.88500213623047 45.926998138427734 16.55999755859375 45.926998138427734 C12.235000610351562 45.926998138427734 8.72900390625 42.42100143432617 8.72900390625 38.09400177001953 C8.735000610351562 33.77299499511719 12.23699951171875 30.270004272460938 16.55999755859375 30.264999389648438 Z""></path></svg>"
b8039c02aeb5b7800f5ab6147c25d8da,"<svg xmlns=""http://www.w3.org/2000/svg"" viewBox=""0.0 0.0 200.0 200.0"" height=""200.0px"" width=""200.0px""><path fill=""currentColor"" fill-opacity=""1.0""  filling=""0"" d=""M131.73699951171875 119.7750015258789 A37.375 37.375 0.0 0 1 100.0 137.48699951171875 A37.5 37.5 0.0 0 1 100.0 62.5 C114.0 62.5 126.07499694824219 70.26200103759766 132.51199340820312 81.625 L187.02499389648438 50.82500076293945 A99.91200256347656 99.91200256347656 0.0 0 0 100.0 0.0 A100.0 100.0 0.0 0 0 0.01200103759765625 100.0 A100.0 100.0 0.0 0 0 100.0 200.0 C135.8000030517578 200.0 167.125 181.125 184.78799438476562 152.83700561523438 L131.73699951171875 119.7750015258789 Z""></path></svg>"
9c3614fc9c9de9db37b36b286e46921e,"<svg xmlns=""http://www.w3.org/2000/svg"" viewBox=""0.0 0.0 200.0 200.0"" height=""200.0px"" width=""200.0px""><path fill="""" fill-opacity=""1.0""  filling=""0"" d=""M169.53125 186.97265625 L30.46875 186.97265625 C20.78125 186.97265625 12.890625 179.08203125 12.890625 169.39453125 L12.890625 136.09375 C12.890625 126.40625 20.78125 118.515625 30.46875 118.515625 L42.1875 118.515625 C45.4296875 118.515625 48.046875 121.1328125 48.046875 124.375 C48.046875 127.6171875 45.4296875 130.234375 42.1875 130.234375 L30.46875 130.234375 C27.24609375 130.234375 24.609375 132.87109375 24.609375 136.09375 L24.609375 169.39453125 C24.609375 172.6171875 27.24609375 175.25390625 30.46875 175.25390625 L169.53125 175.25390625 C172.75390625 175.25390625 175.390625 172.6171875 175.390625 169.39453125 L175.390625 136.09375 C175.390625 132.87109375 172.75390625 130.234375 169.53125 130.234375 L158.02734375 130.234375 C154.78515625 130.234375 152.16796875 127.6171875 152.16796875 124.375 C152.16796875 121.1328125 154.78515625 118.515625 158.02734375 118.515625 L169.53125 118.515625 C179.21875 118.515625 187.109375 126.40625 187.109375 136.09375 L187.109375 169.39453125 C187.109375 179.08203125 179.21875 186.97265625 169.53125 186.97265625 Z M110.5078125 24.6875 C113.33984375 24.6875 115.625 26.97265625 115.625 29.8046875 L115.625 95.05859375 C115.625 96.34765625 116.6796875 97.40234375 117.96875 97.40234375 L138.02734375 97.40234375 C140.2734375 97.40234375 141.42578125 100.07813262939453 139.8828125 101.71875 L105.13671875 138.5546875 C103.75 140.01953125 101.89453125 140.76171875 100.0390625 140.76171875 C98.18359375 140.76171875 96.328125 140.01953125 94.94140625 138.5546875 L60.195316314697266 101.69921875 C58.652339935302734 100.07813262939453 59.804691314697266 97.3828125 62.050785064697266 97.3828125 L82.109375 97.3828125 C83.3984375 97.3828125 84.453125 96.328125 84.453125 95.0390625 L84.453125 29.8046875 C84.453125 26.97265625 86.73828125 24.6875 89.5703125 24.6875 L110.5078125 24.6875 M110.5078125 12.96875 L89.5703125 12.96875 C80.29296875 12.96875 72.734375 20.52734375 72.734375 29.8046875 L72.734375 85.6640625 L62.050785064697266 85.6640625 C56.34765625 85.6640625 51.210941314697266 89.04296875 48.9453125 94.27734375 C46.6796875 99.51171875 47.75390625 105.56640625 51.66015625 109.7265625 L86.40625 146.58203125 C89.921875 150.3125 94.90234375 152.4609375 100.0390625 152.4609375 C105.17578125 152.4609375 110.13672637939453 150.3125 113.671875 146.58203125 L148.41796875 109.7265625 C152.32421875 105.58592987060547 153.3984375 99.51171875 151.1328125 94.27734375 C148.8671875 89.04296875 143.73046875 85.6640625 138.02734375 85.6640625 L127.34375 85.6640625 L127.34375 29.8046875 C127.34375 20.52734375 119.78515625 12.96875 110.5078125 12.96875 Z""></path></svg>"
f3474be9579d8beda72d1541de40a444,"<svg xmlns=""http://www.w3.org/2000/svg"" viewBox=""0.0 0.0 200.0 200.0"" height=""200.0px"" width=""200.0px""><path fill=""#000000"" fill-opacity=""1.0""  filling=""0"" d=""M175.36399841308594 174.67799377441406 L177.7050018310547 174.67799377441406 C181.2169952392578 174.67799377441406 183.98399353027344 177.55099487304688 183.98399353027344 180.95700073242188 C183.98399353027344 184.36199951171875 181.11099243164062 187.23599243164062 177.7050018310547 187.23599243164062 L22.320999145507812 187.23599243164062 C20.619003295898438 187.23599243164062 19.022003173828125 186.5970001220703 17.85199737548828 185.427001953125 C15.403999328613281 182.97900390625 15.403999328613281 178.93499755859375 17.85199737548828 176.48699951171875 C19.022003173828125 175.3159942626953 20.619003295898438 174.67799377441406 22.214996337890625 174.67799377441406 L24.449996948242188 174.67799377441406 L24.449996948242188 27.382003784179688 C24.449996948242188 19.29399871826172 31.048004150390625 12.694999694824219 39.137001037597656 12.694999694824219 L125.12999725341797 12.694999694824219 C133.21800231933594 12.694999694824219 139.81700134277344 19.29399871826172 139.81700134277344 27.382003784179688 L139.81700134277344 61.01300048828125 L160.57000732421875 61.01300048828125 C168.65899658203125 61.01300048828125 175.2570037841797 67.61199951171875 175.2570037841797 75.69999694824219 L175.36399841308594 174.67799377441406 Z M162.69900512695312 174.67799377441406 L162.69900512695312 75.69999694824219 C162.69900512695312 74.52899932861328 161.74099731445312 73.5719985961914 160.57000732421875 73.5719985961914 L139.81700134277344 73.5719985961914 L139.81700134277344 174.5709991455078 L162.69900512695312 174.5709991455078 L162.69900512695312 174.67799377441406 L162.69900512695312 174.67799377441406 Z M37.007999420166016 174.67799377441406 L127.1520004272461 174.67799377441406 L127.1520004272461 27.382003784179688 C127.1520004272461 26.849998474121094 126.93900299072266 26.31800079345703 126.51399993896484 25.891998291015625 C126.08799743652344 25.466995239257812 125.55599975585938 25.253997802734375 125.02400207519531 25.253997802734375 L39.029998779296875 25.253997802734375 C38.49800109863281 25.253997802734375 37.965999603271484 25.466995239257812 37.54100036621094 25.891998291015625 C37.1150016784668 26.31800079345703 36.902000427246094 26.849998474121094 36.902000427246094 27.382003784179688 L37.007999420166016 174.67799377441406 Z""></path>
<path fill=""#E76558"" fill-opacity=""1.0""  filling=""0"" d=""M66.91400146484375 96.98600006103516 C63.402000427246094 96.98600006103516 60.6349983215332 94.11199951171875 60.6349983215332 90.70600128173828 C60.6349983215332 87.3010025024414 63.50899887084961 84.427001953125 66.91400146484375 84.427001953125 L99.16200256347656 84.427001953125 C102.67400360107422 84.427001953125 105.44100189208984 87.3010025024414 105.44100189208984 90.70600128173828 C105.44100189208984 94.11199951171875 102.56800079345703 96.98600006103516 99.16200256347656 96.98600006103516 L66.91400146484375 96.98600006103516 Z M66.91400146484375 143.1750030517578 C63.402000427246094 143.1750030517578 60.6349983215332 140.302001953125 60.6349983215332 136.89599609375 C60.6349983215332 133.38400268554688 63.50899887084961 130.61700439453125 66.91400146484375 130.61700439453125 L99.16200256347656 130.61700439453125 C102.67400360107422 130.61700439453125 105.44100189208984 133.49000549316406 105.44100189208984 136.89599609375 C105.44100189208984 140.4080047607422 102.56800079345703 143.1750030517578 99.16200256347656 143.1750030517578 L66.91400146484375 143.1750030517578 Z""></path></svg>"
a5d6d0951bccfe94265019f1b8c5ef39,"<svg fill=""none"" height=""128"" viewBox=""0 0 48 48"" width=""128"" xmlns=""http://www.w3.org/2000/svg""><circle cx=""24"" cy=""24"" fill=""#05cc47"" r=""20""/><path clip-rule=""evenodd"" d=""m31 16.36v-4.36h-4.41l-.44.44-2.08 3.92-.65.44h-7.42v5.99h4.08l.36.44-4.44 8.41v4.36h4.41l.44-.44 2.08-3.92.65-.44h7.42v-5.99h-4.08l-.36-.44z"" fill=""#ffffff"" fill-rule=""evenodd""/></svg>"
9f0782e6-9bf0-4211-9aad-0c6cd8714ac5,"<svg height=""128"" viewBox=""0 0 128 128"" width=""128"" xmlns=""http://www.w3.org/2000/svg""><path d=""m121.69 69.08v35.6a17.01 17.01 0 0 1 -17.01 17.01 17.01 17.01 0 0 1 -17.01-17.01v-35.6z"" fill=""#38d0e5""/><path d=""m100.26 34.71h8.84v34.37h-8.84z"" fill=""#f4d32c""/><path d=""m109.1 34.71 12.59-28.4h-34.02l12.59 28.4zm-102.79 86.98h68.73l-12.63-68.73h-43.47z"" fill=""#ff5086""/><path d=""m28.4 34.71h24.55v18.25h-24.55z"" fill=""#38d0e5""/><path d=""m116.27 6.31-4.38 9.89a1.76 1.76 0 0 1 -1.6 1.04 1.78 1.78 0 0 1 -.71-.15 1.75 1.75 0 0 1 -.89-2.31l3.75-8.47zm-16.48 10.78a1.85 1.85 0 0 1 -.71.15 1.76 1.76 0 0 1 -1.6-1.04l-4.38-9.89h3.83l3.75 8.47a1.76 1.76 0 0 1 -.89 2.31z"" fill=""#ffeea4""/><path d=""m87.67 83.8h34.02v3.5h-34.02z"" fill=""#ff5086""/><path d=""m106.43 6.31v9.18a1.75 1.75 0 0 1 -3.5 0v-9.18zm-88.36 104.74a1.81 1.81 0 0 1 -.32-.03 1.75 1.75 0 0 1 -1.41-2.04l2.5-13.62a1.75 1.75 0 0 1 3.45.64l-2.5 13.62a1.75 1.75 0 0 1 -1.72 1.43zm3.91-21.32a1.73 1.73 0 0 1 -.32-.03 1.75 1.75 0 0 1 -1.4-2.03l.79-4.3a1.75 1.75 0 1 1 3.44.64l-.79 4.29a1.75 1.75 0 0 1 -1.72 1.43"" fill=""#ffeea4""/><path d=""m28.4 42.09h24.55v3.5h-24.55z"" fill=""#ff5086""/></svg>"
14187d6297456d67ab32a78e4c8fcdf8,"<svg xmlns=""http://www.w3.org/2000/svg"" viewBox=""0.0 0.0 200.0 200.0"" height=""200.0px"" width=""200.0px""><path fill="""" fill-opacity=""1.0""  filling=""0"" d=""M180.216796875 54.28515625 L177.744140625 54.28515625 L177.744140625 45.26953125 A12.7109375 12.7109375 0.0 0 0 165.048828125 32.57421875 L79.8125 32.57421875 L79.01953125 29.5703125 A12.70703125 12.70703125 0.0 0 0 66.744140625 20.1171875 L30.97265625 20.1171875 A12.7109375 12.7109375 0.0 0 0 18.27734375 32.8125 L18.27734375 168.75 A12.7109375 12.7109375 0.0 0 0 30.97265625 181.4453125 L180.216796875 181.4453125 A12.7109375 12.7109375 0.0 0 0 192.912109375 168.75 L192.912109375 66.98046875 A12.708984375 12.708984375 0.0 0 0 180.216796875 54.28515625 Z M165.048828125 42.33984375 A2.9296875 2.9296875 0.0 0 1 167.978515625 45.26953125 L167.978515625 54.28515625 L87.798828125 54.28515625 A2.9296875 2.9296875 0.0 0 1 84.9609375 52.1015625 L82.384765625 42.3359375 L165.048828125 42.33984375 Z M30.97265625 29.8828125 L66.744140625 29.8828125 A2.9296875 2.9296875 0.0 0 1 69.576171875 32.064453125 L75.5234375 54.595703125 A12.6953125 12.6953125 0.0 0 0 87.798828125 64.052734375 L180.216796875 64.052734375 A2.9296875 2.9296875 0.0 0 1 183.146484375 66.982421875 L183.146484375 76.953125 L28.04296875 76.953125 L28.04296875 32.8125 A2.9296875 2.9296875 0.0 0 1 30.97265625 29.8828125 Z M180.216796875 171.6796875 L30.97265625 171.6796875 A2.9296875 2.9296875 0.0 0 1 28.04296875 168.75 L28.04296875 86.71875 L183.146484375 86.71875 L183.146484375 168.75 A2.9296875 2.9296875 0.0 0 1 180.216796875 171.6796875 Z""></path></svg>"
819ecc751368a711d824b10b1b727ea2,"<svg xmlns=""http://www.w3.org/2000/svg"" viewBox=""0.0 0.0 200.0 200.0"" height=""200.0px"" width=""200.0px""><path fill=""currentColor"" fill-opacity=""1.0""  filling=""0"" d=""M162.5 90.625 L64.84400177001953 90.625 L64.84400177001953 46.875 C64.84400177001953 40.84000015258789 69.74600219726562 35.93800354003906 75.78099822998047 35.93800354003906 L124.21900177001953 35.93800354003906 C130.25399780273438 35.93800354003906 135.156005859375 40.84000015258789 135.156005859375 46.875 L135.156005859375 60.15599822998047 C135.156005859375 61.01599884033203 135.85899353027344 61.71900177001953 136.718994140625 61.71900177001953 L147.656005859375 61.71900177001953 C148.51600646972656 61.71900177001953 149.218994140625 61.01599884033203 149.218994140625 60.15599822998047 L149.218994140625 46.875 C149.218994140625 33.066001892089844 138.02699279785156 21.875 124.21900177001953 21.875 L75.78099822998047 21.875 C61.972999572753906 21.875 50.78099822998047 33.066001892089844 50.78099822998047 46.875 L50.78099822998047 90.625 L37.5 90.625 C34.042999267578125 90.625 31.25 93.41799926757812 31.25 96.875 L31.25 171.875 C31.25 175.33200073242188 34.042999267578125 178.125 37.5 178.125 L162.5 178.125 C165.95700073242188 178.125 168.75 175.33200073242188 168.75 171.875 L168.75 96.875 C168.75 93.41799926757812 165.95700073242188 90.625 162.5 90.625 Z M154.68800354003906 164.06199645996094 L45.3120002746582 164.06199645996094 L45.3120002746582 104.68800354003906 L154.68800354003906 104.68800354003906 L154.68800354003906 164.06199645996094 Z M94.53099822998047 136.91400146484375 L94.53099822998047 147.26600646972656 C94.53099822998047 148.125 95.23400115966797 148.8280029296875 96.09400177001953 148.8280029296875 L103.90599822998047 148.8280029296875 C104.76599884033203 148.8280029296875 105.46900177001953 148.125 105.46900177001953 147.26600646972656 L105.46900177001953 136.91400146484375 A9.376999855041504 9.376999855041504 0.0 1 0 94.53099822998047 136.91400146484375 Z""></path></svg>"
6b6ad214135060900be917f659dccc26,"<svg xmlns=""http://www.w3.org/2000/svg"" viewBox=""0.0 0.0 200.0 200.0"" height=""200.0px"" width=""200.0px""><path fill=""#444444"" fill-opacity=""1.0""  filling=""0"" d=""M100.0 200.0 C44.86000061035156 200.0 0.0 155.13999938964844 0.0 100.0 C0.0 44.86000061035156 44.86000061035156 0.0 100.0 0.0 C155.13999938964844 0.0 200.0 44.86000061035156 200.0 100.0 C200.0 155.13999938964844 155.13999938964844 200.0 100.0 200.0 Z M184.33599853515625 113.68800354003906 C181.41200256347656 112.76799774169922 157.89599609375 105.75199890136719 131.1320037841797 110.03600311279297 C142.3040008544922 140.73599243164062 146.8520050048828 165.74000549316406 147.7239990234375 170.93600463867188 C166.88800048828125 157.97999572753906 180.5279998779297 137.45599365234375 184.33599853515625 113.68800354003906 Z M133.36399841308594 178.75599670410156 C132.0919952392578 171.25999450683594 127.13200378417969 145.1439971923828 115.13999938964844 113.98400115966797 C114.9520034790039 114.0479965209961 114.76399993896484 114.10800170898438 114.57599639892578 114.1719970703125 C66.4000015258789 130.9600067138672 49.104000091552734 164.3719940185547 47.56800079345703 167.51199340820312 C62.051998138427734 178.8040008544922 80.25199890136719 185.54400634765625 99.99600219726562 185.54400634765625 C111.8280029296875 185.54400634765625 123.10399627685547 183.12399291992188 133.36000061035156 178.75599670410156 L133.36399841308594 178.75599670410156 Z M36.54399871826172 157.24000549316406 C38.47999954223633 153.92799377441406 61.91999816894531 115.11599731445312 105.97200012207031 100.87200164794922 C107.08799743652344 100.51200103759766 108.20800018310547 100.1760025024414 109.33999633789062 99.85600280761719 C107.19599914550781 95.00399780273438 104.86000061035156 90.14800262451172 102.41600036621094 85.36000061035156 C59.7599983215332 98.1240005493164 18.367996215820312 97.59200286865234 14.632003784179688 97.51599884033203 C14.608001708984375 98.38400268554688 14.587997436523438 99.25199890136719 14.587997436523438 100.12799835205078 C14.587997436523438 122.06400299072266 22.90399932861328 142.0959930419922 36.54800033569336 157.24000549316406 L36.54399871826172 157.24000549316406 Z M16.38800048828125 82.63600158691406 C20.20800018310547 82.68800354003906 55.400001525878906 82.83999633789062 95.35199737548828 72.22799682617188 C81.19999694824219 47.06800079345703 65.93599700927734 25.916000366210938 63.683998107910156 22.8280029296875 C39.78799819946289 34.099998474121094 21.923995971679688 56.12799835205078 16.38800048828125 82.63200378417969 L16.38800048828125 82.63600158691406 Z M79.98400115966797 17.087997436523438 C82.34400177001953 20.248001098632812 97.86000061035156 41.375999450683594 111.85600280761719 67.09200286865234 C142.22799682617188 55.70800018310547 155.08799743652344 38.42399978637695 156.62399291992188 36.236000061035156 C141.5399932861328 22.85199737548828 121.7040023803711 14.711997985839844 100.00399780273438 14.711997985839844 C93.11199951171875 14.711997985839844 86.41200256347656 15.540000915527344 79.98799896240234 17.087997436523438 L79.98400115966797 17.087997436523438 Z M166.11599731445312 46.11600112915039 C164.3159942626953 48.551998138427734 150.0 66.9000015258789 118.41999816894531 79.7959976196289 C120.40799713134766 83.86399841308594 122.31199645996094 88.00399780273438 124.08799743652344 92.16799926757812 C124.71600341796875 93.64399719238281 125.3280029296875 95.11599731445312 125.9280014038086 96.57599639892578 C154.34800720214844 93.00399780273438 182.58799743652344 98.72799682617188 185.4040069580078 99.3239974975586 C185.21600341796875 79.16400146484375 178.01199340820312 60.652000427246094 166.11599731445312 46.11600112915039 Z""></path></svg>"
4826a16f417e94a83afdbf7e22e5a0a9,"<svg xmlns=""http://www.w3.org/2000/svg"" viewBox=""0.0 0.0 200.0 200.0"" height=""200.0px"" width=""200.0px""><path fill=""#507BEE"" fill-opacity=""1.0""  filling=""0"" d=""M0.0 200.0 L0.0 0.0 L200.0 0.0 L200.0 200.0 L0.0 200.0 Z M174.14300537109375 119.09400177001953 L146.875 146.36099243164062 L146.875 18.75 L18.55500030517578 18.75 L18.55500030517578 181.25 L146.875 181.25 L146.875 160.1719970703125 L181.0469970703125 126.0 L174.14300537109375 119.09400177001953 Z M138.281005859375 168.76600646972656 L138.281005859375 172.656005859375 L134.39100646972656 172.656005859375 L138.281005859375 168.76600646972656 Z M131.0290069580078 172.656005859375 L105.44300079345703 147.07000732421875 L129.88299560546875 147.07000732421875 L129.88299560546875 138.47500610351562 L35.737998962402344 138.47500610351562 L35.737998962402344 147.07000732421875 L102.52300262451172 147.07000732421875 L97.0780029296875 152.51600646972656 L117.21900177001953 172.656005859375 L27.150001525878906 172.6540069580078 L27.150001525878906 27.34600067138672 L138.2790069580078 27.34600067138672 L138.281005859375 154.9550018310547 L125.80500030517578 167.4320068359375 L131.0290069580078 172.656005859375 Z M35.737998962402344 121.48400115966797 L129.88299560546875 121.48400115966797 L129.88299560546875 112.89099884033203 L35.737998962402344 112.89099884033203 L35.737998962402344 121.48400115966797 Z M129.88499450683594 35.933998107910156 L55.27000045776367 35.933998107910156 L55.27000045776367 44.52899932861328 L129.88499450683594 44.52899932861328 L129.88499450683594 35.933998107910156 Z M129.88499450683594 61.525001525878906 L35.737998962402344 61.525001525878906 L35.737998962402344 70.11499786376953 L129.88499450683594 70.11499786376953 L129.88499450683594 61.525001525878906 Z M129.88499450683594 87.10900115966797 L35.737998962402344 87.10900115966797 L35.737998962402344 95.70500183105469 L129.88499450683594 95.70500183105469 L129.88499450683594 87.10900115966797 Z""></path></svg>"
23f7fa2f-ebc0-49d2-9aa3-fd1542efba96,"<svg height=""128"" viewBox=""0 0 64 64"" width=""128"" xmlns=""http://www.w3.org/2000/svg""><path d=""m15 56a7 7 0 1 1 7-7 7 7 0 0 1 -7 7zm0-12a5 5 0 1 0 5 5 5 5 0 0 0 -5-5z""/><path d=""m37.47 59a5.51 5.51 0 0 1 -5.5-5.5 20.53 20.53 0 0 0 -20.51-20.55 5.5 5.5 0 1 1 0-11 31.55 31.55 0 0 1 31.54 31.51 5.51 5.51 0 0 1 -5.53 5.54zm-26-35a3.5 3.5 0 1 0 0 7 22.53 22.53 0 0 1 22.53 22.46 3.5 3.5 0 0 0 7 0 29.54 29.54 0 0 0 -29.54-29.51z""/><path d=""m53.89 58.5a5.51 5.51 0 0 1 -5.5-5.5 37.44 37.44 0 0 0 -37.39-37.39 5.5 5.5 0 1 1 0-11 48.45 48.45 0 0 1 48.39 48.39 5.51 5.51 0 0 1 -5.5 5.5zm-42.89-51.89a3.5 3.5 0 1 0 0 7 39.44 39.44 0 0 1 39.39 39.39 3.5 3.5 0 0 0 7 0 46.45 46.45 0 0 0 -46.39-46.39z""/></svg>"
89e6603077a4021a00b49ba81da4f642,"<svg xmlns=""http://www.w3.org/2000/svg"" viewBox=""0.0 0.0 200.0 200.0"" height=""200.0px"" width=""200.0px""><path fill=""#999999"" fill-opacity=""1.0""  filling=""0"" d=""M162.6699981689453 61.645999908447266 C162.87100219726562 58.21900177001953 161.66400146484375 54.724998474121094 159.0449981689453 52.10499954223633 L136.98199462890625 30.042999267578125 C134.71299743652344 26.98200225830078 131.07200622558594 24.998001098632812 126.96900177001953 24.998001098632812 L50.1619987487793 24.998001098632812 C44.981998443603516 24.998001098632812 40.542999267578125 28.158004760742188 38.6619987487793 32.65599822998047 A12.413999557495117 12.413999557495117 0.0 0 0 37.67599868774414 37.520999908447266 L37.67599868774414 106.44499969482422 L32.816001892089844 106.44499969482422 C28.501998901367188 106.44499969482422 25.003997802734375 109.94300079345703 25.003997802734375 114.25800323486328 L25.003997802734375 142.1479949951172 C25.003997802734375 146.46299743652344 28.501998901367188 149.96099853515625 32.816001892089844 149.96099853515625 L37.67599868774414 149.96099853515625 L37.67599868774414 163.7270050048828 L37.76599884033203 163.7270050048828 C38.402000427246094 170.01199340820312 43.70899963378906 174.91600036621094 50.1619987487793 174.91600036621094 L150.23800659179688 174.91600036621094 L150.23800659179688 174.92799377441406 C157.11900329589844 174.92799377441406 162.69700622558594 169.35000610351562 162.69700622558594 162.468994140625 L162.69700622558594 62.45100021362305 C162.69900512695312 62.18000030517578 162.68800354003906 61.9119987487793 162.6699981689453 61.645999908447266 Z M63.875 125.29900360107422 L63.875 131.66400146484375 L53.30699920654297 131.66400146484375 L53.30699920654297 136.76400756835938 L65.6760025024414 136.76400756835938 L65.6760025024414 143.12899780273438 L46.30099868774414 143.12899780273438 L46.30099868774414 114.0780029296875 L65.6760025024414 114.0780029296875 L65.6760025024414 120.44300079345703 L53.30699920654297 120.44300079345703 L53.30699920654297 125.29900360107422 L63.875 125.29900360107422 Z M150.23800659179688 162.45700073242188 L50.137001037597656 162.45700073242188 L50.137001037597656 149.96099853515625 L129.5590057373047 149.96099853515625 C133.8730010986328 149.96099853515625 137.37100219726562 146.46299743652344 137.37100219726562 142.1479949951172 L137.37100219726562 114.25800323486328 C137.37100219726562 109.94300079345703 133.8730010986328 106.44499969482422 129.5590057373047 106.44499969482422 L50.137001037597656 106.44499969482422 L50.137001037597656 37.457000732421875 L114.10399627685547 37.457000732421875 L114.10399627685547 61.178001403808594 C114.10399627685547 68.05899810791016 119.68199920654297 73.63700103759766 126.56199645996094 73.63700103759766 L150.23800659179688 73.63700103759766 L150.23800659179688 162.45700073242188 Z M68.31800079345703 114.0780029296875 L76.28500366210938 114.0780029296875 L80.4489974975586 122.27899932861328 L84.61299896240234 114.0780029296875 L92.5780029296875 114.0780029296875 L84.25199890136719 128.23599243164062 L93.13899993896484 143.12899780273438 L85.13300323486328 143.12899780273438 L80.4489974975586 134.1929931640625 L75.76599884033203 143.12899780273438 L67.76000213623047 143.12899780273438 L76.64600372314453 128.23599243164062 L68.31800079345703 114.0780029296875 Z M113.59400177001953 125.29900360107422 L113.59400177001953 131.66400146484375 L103.0250015258789 131.66400146484375 L103.0250015258789 136.76400756835938 L115.3949966430664 136.76400756835938 L115.3949966430664 143.12899780273438 L96.0199966430664 143.12899780273438 L96.0199966430664 114.0780029296875 L115.3949966430664 114.0780029296875 L115.3949966430664 120.44300079345703 L103.0250015258789 120.44300079345703 L103.0250015258789 125.29900360107422 L113.59400177001953 125.29900360107422 Z M150.23800659179688 61.178001403808594 L126.56199645996094 61.178001403808594 L126.56199645996094 37.457000732421875 L126.7750015258789 37.457000732421875 L150.23800659179688 60.91999816894531 L150.23800659179688 61.178001403808594 Z""></path>
<path fill=""#999999"" fill-opacity=""1.0""  filling=""0"" d=""M100.66000366210938 66.00599670410156 L97.74800109863281 66.00599670410156 L99.80699920654297 63.946998596191406 C101.4260025024414 62.327999114990234 101.4260025024414 59.70500183105469 99.80699920654297 58.08599853515625 L97.38099670410156 55.65999984741211 C95.76200103759766 54.04100036621094 93.13899993896484 54.04100036621094 91.5199966430664 55.65999984741211 L89.46099853515625 57.71900177001953 L89.46099853515625 54.80699920654297 C89.46099853515625 52.518001556396484 87.6050033569336 50.6619987487793 85.31600189208984 50.6619987487793 L81.88700103759766 50.6619987487793 C79.5979995727539 50.6619987487793 77.74199676513672 52.518001556396484 77.74199676513672 54.80699920654297 L77.74199676513672 57.71900177001953 L75.68399810791016 55.65999984741211 C74.06400299072266 54.04100036621094 71.44100189208984 54.04100036621094 69.8219985961914 55.65999984741211 L67.39600372314453 58.08599853515625 C65.7770004272461 59.70500183105469 65.7770004272461 62.327999114990234 67.39600372314453 63.946998596191406 L69.45500183105469 66.00599670410156 L66.54299926757812 66.00599670410156 C64.25399780273438 66.00599670410156 62.39799880981445 67.86100006103516 62.39799880981445 70.1500015258789 L62.39799880981445 73.58000183105469 C62.39799880981445 75.86900329589844 64.25399780273438 77.7249984741211 66.54299926757812 77.7249984741211 L69.45500183105469 77.7249984741211 L67.39600372314453 79.78299713134766 C65.7770004272461 81.4020004272461 65.7770004272461 84.0250015258789 67.39600372314453 85.6449966430664 L69.8219985961914 88.06999969482422 C71.44100189208984 89.68900299072266 74.06400299072266 89.68900299072266 75.68399810791016 88.06999969482422 L77.74199676513672 86.01200103759766 L77.74199676513672 88.92400360107422 C77.74199676513672 91.21299743652344 79.5979995727539 93.06800079345703 81.88700103759766 93.06800079345703 L85.31600189208984 93.06800079345703 C87.6050033569336 93.06800079345703 89.46099853515625 91.21299743652344 89.46099853515625 88.92400360107422 L89.46099853515625 86.01200103759766 L91.5199966430664 88.06999969482422 C93.13899993896484 89.68900299072266 95.76200103759766 89.68900299072266 97.38099670410156 88.06999969482422 L99.80699920654297 85.6449966430664 C101.4260025024414 84.0250015258789 101.4260025024414 81.4020004272461 99.80699920654297 79.78299713134766 L97.74800109863281 77.7249984741211 L100.66000366210938 77.7249984741211 C102.9489974975586 77.7249984741211 104.80500030517578 75.86900329589844 104.80500030517578 73.58000183105469 L104.80500030517578 70.1500015258789 C104.80500030517578 67.86100006103516 102.9489974975586 66.00599670410156 100.66000366210938 66.00599670410156 Z M83.60399627685547 79.58000183105469 C79.34200286865234 79.58000183105469 75.88700103759766 76.125 75.88700103759766 71.86299896240234 C75.88700103759766 67.60199737548828 79.34200286865234 64.14600372314453 83.60399627685547 64.14600372314453 C87.86499786376953 64.14600372314453 91.31999969482422 67.60199737548828 91.31999969482422 71.86299896240234 C91.31999969482422 76.125 87.86499786376953 79.58000183105469 83.60399627685547 79.58000183105469 Z""></path></svg>"
69be32f9806b461e9e8b0af54791b968,"<svg xmlns=""http://www.w3.org/2000/svg"" viewBox=""0.0 0.0 200.0 200.0"" height=""200.0px"" width=""200.0px""><path fill="""" fill-opacity=""1.0""  filling=""0"" d=""M171.171875 27.08984375 L170.9375 27.08984375 L111.38671875 36.89453125 C101.953125 38.417972564697266 95.60546875 44.921875 95.60546875 53.10546875 L95.60546875 62.265621185302734 L41.89453125 62.265621185302734 C25.7421875 62.265621185302734 12.59765625 75.41015625 12.59765625 91.5625 C12.59765625 107.71484375 25.7421875 120.859375 41.89453125 120.859375 L133.33984375 120.859375 C143.10546875 120.859375 151.07421875 128.80859375 151.07421875 138.59375 C151.07421875 148.37890625 143.125 156.328125 133.33984375 156.328125 L92.51953125 156.328125 L92.51953125 150.9375 C92.51953125 147.8515625 90.01953125 145.3515625 86.93359375 145.3515625 L80.48828125 145.3515625 C77.40234375 145.3515625 74.90234375 147.8515625 74.90234375 150.9375 L74.90234375 167.578125 C74.90234375 170.6640625 77.40234375 173.1640625 80.48828125 173.1640625 L86.93359375 173.1640625 C90.01953125 173.1640625 92.51953125 170.6640625 92.51953125 167.578125 L92.51953125 162.1484375 L133.33984375 162.1484375 C146.34765625 162.1484375 156.93359375 151.5625 156.93359375 138.5546875 C156.93359375 125.546875 146.34765625 114.96092987060547 133.33984375 114.96092987060547 L41.89453125 114.96092987060547 C28.96484375 114.96092987060547 18.45703125 104.453125 18.45703125 91.5234375 C18.45703125 78.59375 28.96484375 68.0859375 41.89453125 68.0859375 L95.60546875 68.0859375 L95.60546875 77.24609375 C95.60546875 85.52734375 102.109375 92.1875 111.40625762939453 93.45703125 L170.91796875 103.26171875 L171.15234375 103.26171875 C180.09765625 103.26171875 187.3828125 95.9765625 187.3828125 87.03125 L187.3828125 43.33984375 C187.40234375 34.375 180.1171875 27.08984375 171.171875 27.08984375 Z M86.6796875 167.3046875 L80.80078125 167.3046875 L80.80078125 151.19140625 L86.6796875 151.19140625 L86.6796875 156.30859375 L86.42578125 156.30859375 C84.8046875 156.30859375 83.49609375 157.6171875 83.49609375 159.23828125 C83.49609375 160.859375 84.8046875 162.16796875 86.42578125 162.16796875 L86.6796875 162.16796875 L86.6796875 167.3046875 Z M181.54296875 87.03125 C181.54296875 92.67578125 177.01171875 97.28515625 171.38671875 97.40234375 L112.32421112060547 87.67578125 L112.24609375 87.65625 C104.80467987060547 86.66015625 101.48436737060547 81.69921875 101.48436737060547 77.24609375 L101.48436737060547 53.10546875 C101.48436737060547 46.718753814697266 107.32421875 43.496097564697266 112.34375 42.6953125 L171.40625 32.96875 C177.03125 33.0859375 181.5625 37.6953125 181.5625 43.33984375 L181.5625 87.03125 L181.54296875 87.03125 Z M123.14453125 51.308597564697266 C115.50782012939453 51.308597564697266 109.27734375 57.5390625 109.27734375 65.17578125 C109.27734375 72.8125 115.50782012939453 79.04296875 123.14453125 79.04296875 C130.78125 79.04296875 137.01171875 72.8125 137.01171875 65.17578125 C137.01171875 57.5390625 130.78125 51.308597564697266 123.14453125 51.308597564697266 Z M123.14453125 73.18359375 C118.73046875 73.18359375 115.13671875 69.58984375 115.13671875 65.17578125 C115.13671875 60.76171875 118.73046875 57.167972564697266 123.14453125 57.167972564697266 C127.55859375 57.167972564697266 131.15234375 60.76171875 131.15234375 65.17578125 C131.15234375 69.58984375 127.55859375 73.18359375 123.14453125 73.18359375 Z M161.62109375 40.371097564697266 C154.74609375 40.371097564697266 149.140625 45.9765625 149.140625 52.8515625 L149.140625 77.5 C149.140625 84.375 154.74609375 89.98046875 161.62109375 89.98046875 C168.49609375 89.98046875 174.1015625 84.375 174.1015625 77.5 L174.1015625 52.8515625 C174.1015625 45.9765625 168.49609375 40.371097564697266 161.62109375 40.371097564697266 Z M168.2421875 77.5 C168.2421875 81.15234375 165.2734375 84.12109375 161.62109375 84.12109375 C157.96875 84.12109375 155.0 81.15234375 155.0 77.5 L155.0 52.8515625 C155.0 49.19921875 157.96875 46.230472564697266 161.62109375 46.230472564697266 C165.2734375 46.230472564697266 168.2421875 49.19921875 168.2421875 52.8515625 L168.2421875 77.5 Z""></path></svg>"
45ec68713decbbbdc5d2da29f4a2e543,"<svg xmlns=""http://www.w3.org/2000/svg"" viewBox=""0.0 0.0 200.0 200.0"" height=""200.0px"" width=""200.0px""><path fill=""#020202"" fill-opacity=""1.0""  filling=""0"" d=""M143.66200256347656 121.85700225830078 L121.80000305175781 121.85700225830078 L121.80000305175781 100.33699798583984 L143.66200256347656 100.33699798583984 L143.66200256347656 121.85700225830078 Z M121.80000305175781 132.6179962158203 L154.59300231933594 132.6179962158203 L154.59300231933594 121.85700225830078 L154.59300231933594 100.33699798583984 L176.4550018310547 100.33699798583984 L176.4550018310547 154.15499877929688 L121.80000305175781 154.15499877929688 L121.80000305175781 132.6179962158203 Z M23.420997619628906 121.85700225830078 L23.420997619628906 35.759002685546875 L143.66200256347656 35.759002685546875 L143.66200256347656 89.5770034790039 L121.80000305175781 89.5770034790039 L110.86900329589844 89.5770034790039 L110.86900329589844 121.85800170898438 L23.420997619628906 121.85800170898438 L23.420997619628906 121.85700225830078 Z M12.488998413085938 24.998001098632812 L12.488998413085938 35.75799560546875 L12.488998413085938 121.85700225830078 L12.488998413085938 132.6179962158203 L23.419998168945312 132.6179962158203 L110.86900329589844 132.6179962158203 L110.86900329589844 164.91600036621094 L121.80000305175781 164.91600036621094 L176.4550018310547 164.91600036621094 L187.38600158691406 164.91600036621094 L187.38600158691406 154.15499877929688 L187.38600158691406 100.33699798583984 L187.38600158691406 89.5770034790039 L176.4550018310547 89.5770034790039 L154.59300231933594 89.5770034790039 L154.59300231933594 35.759002685546875 L154.59300231933594 24.998001098632812 L23.420997619628906 24.998001098632812 L12.488998413085938 24.998001098632812 L12.488998413085938 24.998001098632812 Z M99.93800354003906 100.33699798583984 L89.00700378417969 100.33699798583984 L89.00700378417969 111.0979995727539 L99.93800354003906 111.0979995727539 L99.93800354003906 100.33699798583984 Z M78.07599639892578 100.33699798583984 L89.00700378417969 100.33699798583984 L89.00700378417969 89.5770034790039 L78.07599639892578 89.5770034790039 L78.07599639892578 100.33699798583984 Z M67.1449966430664 89.5770034790039 L78.07599639892578 89.5770034790039 L78.07599639892578 78.81600189208984 L67.1449966430664 78.81600189208984 L67.1449966430664 89.5770034790039 Z M56.2140007019043 78.81600189208984 L67.1449966430664 78.81600189208984 L67.1449966430664 68.03900146484375 L56.2140007019043 68.03900146484375 L56.2140007019043 78.81600189208984 Z M45.28200149536133 68.03900146484375 L56.2130012512207 68.03900146484375 L56.2130012512207 57.27899932861328 L78.07599639892578 57.27899932861328 L78.07599639892578 46.51900100708008 L45.28200149536133 46.51900100708008 L34.35099792480469 46.51900100708008 L34.35099792480469 57.27899932861328 L34.35099792480469 89.5770034790039 L45.28200149536133 89.5770034790039 L45.28200149536133 68.03900146484375 Z""></path></svg>"
a65ab6b493eaec46d6a2a2a68c1be344,"<svg xmlns=""http://www.w3.org/2000/svg"" viewBox=""0.0 0.0 200.0 200.0"" height=""200.0px"" width=""200.0px""><path fill=""#000000"" fill-opacity=""1.0""  filling=""0"" d=""M158.79200744628906 82.35800170898438 C156.0330047607422 74.75 151.79200744628906 69.54199981689453 147.26699829101562 66.88300323486328 A15.692000389099121 15.692000389099121 0.0 0 0 144.2830047607422 65.50800323486328 L144.25799560546875 65.5 C142.75799560546875 65.0 141.25799560546875 64.7750015258789 139.8000030517578 64.83300018310547 A11.041999816894531 11.041999816894531 0.0 0 0 136.4250030517578 65.4749984741211 C134.77499389648438 66.05000305175781 134.16700744628906 67.24199676513672 134.6750030517578 68.80799865722656 A2.7249999046325684 2.7249999046325684 0.0 0 0 134.72500610351562 68.95800018310547 L137.41700744628906 76.41699981689453 C138.3000030517578 78.83300018310547 137.52499389648438 80.58300018310547 136.0 81.13300323486328 C134.44200134277344 81.69999694824219 132.69200134277344 80.86699676513672 131.80799865722656 78.46700286865234 L131.8000030517578 78.44999694824219 L129.95799255371094 73.3499984741211 A18.924999237060547 18.924999237060547 0.0 0 0 128.95799255371094 71.05000305175781 L128.9499969482422 71.04199981689453 L128.91700744628906 70.9749984741211 A14.133000373840332 14.133000373840332 0.0 0 0 122.35800170898438 64.51699829101562 A12.375 12.375 0.0 0 0 113.80000305175781 63.91699981689453 C113.41699981689453 64.0250015258789 113.04199981689453 64.1500015258789 112.66699981689453 64.28299713134766 C109.38300323486328 65.46700286865234 108.46700286865234 67.30000305175781 109.44999694824219 70.00800323486328 L113.06700134277344 79.89199829101562 L113.06700134277344 79.9000015258789 C113.88300323486328 82.31700134277344 113.10800170898438 84.03299713134766 111.63300323486328 84.60800170898438 C110.04199981689453 85.15799713134766 108.32499694824219 84.32499694824219 107.46700286865234 81.94200134277344 L107.44999694824219 81.92500305175781 L104.0999984741211 72.78299713134766 A24.58300018310547 24.58300018310547 0.0 0 0 103.82499694824219 72.06700134277344 L103.82499694824219 72.05000305175781 C102.20800018310547 68.0 99.85800170898438 65.36699676513672 97.125 63.96699905395508 C94.45800018310547 62.59199905395508 91.44200134277344 62.382999420166016 88.375 63.16699981689453 C87.875 63.29999923706055 87.375 63.45800018310547 86.875 63.632999420166016 C83.85800170898438 64.75 82.74199676513672 66.78299713134766 83.70800018310547 69.4000015258789 L90.5250015258789 88.125 C91.35800170898438 90.5 90.59200286865234 92.26699829101562 89.10800170898438 92.79199981689453 C87.50800323486328 93.39199829101562 85.80000305175781 92.56700134277344 84.91699981689453 90.16699981689453 L84.90799713134766 90.1500015258789 L63.724998474121094 32.016998291015625 C61.58300018310547 26.125 56.617000579833984 23.766998291015625 51.641998291015625 25.61700439453125 C46.54199981689453 27.466995239257812 44.19200134277344 32.46699523925781 46.29199981689453 38.367000579833984 L76.17500305175781 120.40799713134766 C76.84200286865234 122.29199981689453 75.94200134277344 123.82499694824219 74.59200286865234 124.29199981689453 C73.42500305175781 124.70800018310547 72.125 124.46700286865234 70.60800170898438 122.83300018310547 L49.33300018310547 100.41699981689453 C46.07500076293945 96.93299865722656 42.75 96.28299713134766 39.507999420166016 97.46700286865234 C34.03300476074219 99.44999694824219 32.25799560546875 104.30000305175781 33.96699523925781 108.86699676513672 C34.54199981689453 110.46700286865234 35.41699981689453 111.82499694824219 36.375 113.05799865722656 L63.82500076293945 147.8249969482422 C80.49199676513672 168.9669952392578 100.61699676513672 177.30799865722656 120.75 174.4499969482422 C124.80000305175781 173.875 128.83299255371094 172.85000610351562 132.85800170898438 171.39199829101562 L132.875 171.38299560546875 L132.89199829101562 171.38299560546875 L132.86700439453125 171.36700439453125 L132.88299560546875 171.36700439453125 L132.89999389648438 171.35000610351562 C137.0330047607422 169.85000610351562 140.8249969482422 168.125 144.26699829101562 166.20799255371094 C168.64199829101562 152.58299255371094 175.60000610351562 128.625 163.7169952392578 95.95800018310547 L158.8000030517578 82.35800170898438 L158.79200744628906 82.35800170898438 Z M132.24200439453125 53.69200134277344 C140.69200134277344 50.66699981689453 149.25799560546875 52.891998291015625 155.8249969482422 57.54199981689453 C162.35800170898438 62.17499923706055 167.38299560546875 69.40799713134766 170.54200744628906 78.08300018310547 L170.5500030517578 78.10800170898438 L175.4499969482422 91.69200134277344 L175.45799255371094 91.69999694824219 C182.875 112.06700134277344 184.29200744628906 131.3000030517578 177.45799255371094 147.85800170898438 C170.60800170898438 164.44200134277344 156.47500610351562 175.91700744628906 137.8249969482422 182.85800170898438 A11.850000381469727 11.850000381469727 0.0 0 1 137.16700744628906 183.11700439453125 C122.75 188.38299560546875 107.61699676513672 189.04200744628906 92.99199676513672 184.30799865722656 C78.44999694824219 179.5919952392578 65.24199676513672 169.80799865722656 54.0 155.56700134277344 L26.557998657226562 120.80799865722656 L26.516998291015625 120.75 L26.49200439453125 120.7249984741211 A27.649999618530273 27.649999618530273 0.0 0 1 22.224998474121094 113.16699981689453 A21.16699981689453 21.16699981689453 0.0 0 1 22.641998291015625 97.06700134277344 C25.099998474121094 91.59200286865234 29.724998474121094 87.71700286865234 35.224998474121094 85.71700286865234 L35.233001708984375 85.71700286865234 A20.41699981689453 20.41699981689453 0.0 0 1 50.358001708984375 86.05799865722656 L34.54199981689453 42.641998291015625 A15.817000389099121 15.817000389099121 0.0 0 1 34.50799560546875 42.55799865722656 C32.59199523925781 37.141998291015625 32.36700439453125 31.091995239257812 34.80000305175781 25.5 A21.507999420166016 21.507999420166016 0.0 0 1 47.33300018310547 13.883003234863281 A21.16699981689453 21.16699981689453 0.0 0 1 64.45800018310547 14.800003051757812 C69.875 17.574996948242188 73.5250015258789 22.38299560546875 75.4749984741211 27.74200439453125 L84.09200286865234 51.391998291015625 C89.68299865722656 49.70000076293945 96.11699676513672 49.617000579833984 102.21700286865234 52.53300094604492 C103.18299865722656 53.0 104.10800170898438 53.516998291015625 104.99199676513672 54.09199905395508 C106.20800018310547 53.400001525878906 107.375 52.90800094604492 108.36699676513672 52.54999923706055 A24.982999801635742 24.982999801635742 0.0 0 1 130.22500610351562 54.56700134277344 C130.91700744628906 54.20800018310547 131.60000610351562 53.92499923706055 132.24200439453125 53.70000076293945 L132.24200439453125 53.69200134277344 Z""></path></svg>"
e62aec99bb4aa8dd5bcf99ce23e8a3c7,"<svg xmlns=""http://www.w3.org/2000/svg"" viewBox=""0.0 0.0 200.0 200.0"" height=""200.0px"" width=""200.0px""><path fill=""#3164AF"" fill-opacity=""1.0""  filling=""0"" d=""M112.41387176513672 178.62069702148438 C111.7242202758789 178.62069702148438 111.37930297851562 178.62069702148438 110.68965148925781 178.27577209472656 L47.24140930175781 139.3103485107422 C46.20683288574219 138.62069702148438 45.86211013793945 137.58612060546875 45.86211013793945 136.5517578125 L45.86211013793945 37.931053161621094 C45.86211013793945 36.20683670043945 47.24140930175781 34.827545166015625 48.965431213378906 34.827545166015625 L175.51718139648438 34.827545166015625 C177.2414093017578 34.827545166015625 178.62069702148438 36.20683670043945 178.62069702148438 37.931053161621094 L178.62069702148438 136.5517578125 C178.62069702148438 137.58612060546875 177.93106079101562 138.62069702148438 177.2414093017578 139.3103485107422 L114.13788604736328 177.93106079101562 C113.4482421875 178.27577209472656 112.75859069824219 178.62069702148438 112.41387176513672 178.62069702148438 Z M52.41386795043945 134.82754516601562 L112.41387176513672 171.72422790527344 L172.4138641357422 134.82754516601562 L172.4138641357422 41.034568786621094 L52.41386795043945 41.034568786621094 L52.41386795043945 134.82754516601562 Z""></path>
<path fill=""#3164AF"" fill-opacity=""1.0""  filling=""0"" d=""M87.58613586425781 135.86212158203125 C86.896484375 135.86212158203125 86.20683288574219 135.51719665527344 85.5171890258789 135.17245483398438 C84.4828109741211 134.48281860351562 84.13789367675781 133.103515625 84.13789367675781 132.06893920898438 L88.96542358398438 104.48281860351562 L68.9654312133789 84.8275375366211 C67.93106079101562 84.13789367675781 67.93106079101562 82.75859069824219 68.2757797241211 81.3792953491211 C68.6207046508789 80.34492492675781 69.65507507324219 79.31034851074219 71.0345687866211 79.31034851074219 L98.9654312133789 75.1724624633789 L111.37930297851562 50.0 C112.41387176513672 47.931053161621094 116.20683288574219 47.931053161621094 117.24140930175781 50.0 L129.6550750732422 75.1724624633789 L157.5861358642578 79.31034851074219 C158.96542358398438 79.65508270263672 159.65509033203125 80.34492492675781 160.3449249267578 81.3792953491211 C160.6896514892578 82.41387176513672 160.3449249267578 83.79316711425781 159.65509033203125 84.8275375366211 L139.6550750732422 104.48281860351562 L144.48281860351562 132.06893920898438 C144.82754516601562 133.4482421875 144.1378936767578 134.48281860351562 143.103515625 135.17245483398438 C142.06893920898438 135.86212158203125 140.6896514892578 135.86212158203125 139.6550750732422 135.51719665527344 L114.8275375366211 122.41386413574219 L90.0 135.51719665527344 C88.6207046508789 135.86212158203125 88.2757797241211 135.86212158203125 87.58613586425781 135.86212158203125 Z M114.13788604736328 115.5171890258789 C114.8275375366211 115.5171890258789 115.17245483398438 115.5171890258789 115.5171890258789 115.86210632324219 L136.20684814453125 126.5517578125 L132.4138641357422 103.79316711425781 C132.06893920898438 102.75859832763672 132.4138641357422 101.7242202758789 133.4482421875 101.0345687866211 L150.0 84.8275375366211 L126.896484375 81.3792953491211 C125.86210632324219 81.3792953491211 124.8275375366211 80.68965148925781 124.4828109741211 79.65508270263672 L114.13788604736328 58.965431213378906 L103.79316711425781 79.65508270263672 C103.44824981689453 80.68965148925781 102.41387176513672 81.3792953491211 101.37930297851562 81.3792953491211 L78.2757797241211 84.8275375366211 L94.8275375366211 101.0345687866211 C95.5171890258789 101.7242202758789 95.86210632324219 102.75859832763672 95.86210632324219 103.79316711425781 L92.0689468383789 126.5517578125 L112.75859069824219 115.86210632324219 C113.10352325439453 115.5171890258789 113.4482421875 115.5171890258789 114.13788604736328 115.5171890258789 Z""></path></svg>"
8f4d1acdfe3ae945e0d8048ad87bf299,"<svg xmlns=""http://www.w3.org/2000/svg"" viewBox=""0.0 0.0 200.0 200.0"" height=""200.0px"" width=""200.0px""><path fill=""#242424"" fill-opacity=""1.0""  filling=""0"" d=""M58.0859375 48.867191314697266 C62.5 48.867191314697266 66.09375 52.44140625 66.09375 56.875003814697266 L66.09375 90.234375 C66.09375 94.6484375 62.51953125 98.2421875 58.0859375 98.2421875 C53.671871185302734 98.2421875 50.078125 94.66796875 50.078125 90.234375 L50.078125 56.875003814697266 C50.078125 52.4609375 53.671871185302734 48.867191314697266 58.0859375 48.867191314697266 Z M137.01171875 48.085941314697266 C141.42578125 48.085941314697266 145.01953125 51.66015625 145.01953125 56.093753814697266 L145.01953125 89.12109375 C145.01953125 93.53515625 141.4453125 97.12890625 137.01171875 97.12890625 C132.59765625 97.12890625 129.00390625 93.5546875 129.00390625 89.12109375 L129.00390625 56.093753814697266 C129.00390625 51.6796875 132.59765625 48.085941314697266 137.01171875 48.085941314697266 Z""></path>
<path fill=""#242424"" fill-opacity=""1.0""  filling=""0"" d=""M97.5390625 24.6484375 C114.92188262939453 24.6484375 129.00390625 38.730464935302734 129.00390625 56.113277435302734 L145.0 56.113277435302734 C145.0 29.90234375 123.75 8.65234375 97.5390625 8.65234375 C71.328125 8.65234375 50.078125 29.90234375 50.078125 56.113277435302734 L66.07421875 56.113277435302734 C66.07421875 38.730464935302734 80.17578125 24.6484375 97.5390625 24.6484375 Z M169.0234375 183.203125 L169.0234375 94.16015625 C168.359375 87.63671875 162.96875 82.5 156.34765625 82.24609375 L39.1796875 82.24609375 C31.85546875 82.24609375 25.8984375 88.18359375 25.87890625 95.5078125 L25.87890625 182.28515625 C26.66015625 188.18359375 31.30859375 192.87109375 37.1875 193.7109375 L158.57421875 193.7109375 C163.84765625 192.65625 168.0078125 188.4765625 169.0234375 183.203125 Z""></path></svg>"
a4aaa1dea134b7ad933bc58f45a8abd7,"<svg xmlns=""http://www.w3.org/2000/svg"" viewBox=""0.0 0.0 200.0 200.0"" height=""200.0px"" width=""200.0px""><path fill="""" fill-opacity=""1.0""  filling=""0"" d=""M186.23046875 96.46484375 C183.984375 83.9453125 178.2421875 74.35546875 169.12109375 67.96875 C162.96875 63.65234375 155.859375 61.0546875 147.9296875 60.17578125 C152.91015625 49.98046875 152.67578125 39.23828125 152.65625 38.59375 L152.5390625 34.84375 L149.31640625 32.9296875 C142.03125 28.59375 133.57421875 28.6328125 125.5078125 33.0078125 C123.2421875 26.015625 120.0 20.78125 115.78125 17.3828125 C110.21484375 12.890625 104.98046875 13.2421875 103.98438262939453 13.359375 L103.20313262939453 13.45703125 L102.46092987060547 13.73046875 C97.71484375 15.44921875 92.05078125 20.01953125 90.78125 31.93359375 C88.37890625 30.9765625 85.72265625 30.3125 82.87109375 29.94140625 C75.60546875 28.984375 69.375 30.21484375 68.69140625 30.3515625 L63.359375 31.46484375 L63.10546875 45.80078125 C63.027347564697266 49.570308685302734 66.03515625 52.695308685302734 69.82421875 52.75390625 C73.59375 52.83203125 76.71875 49.82421875 76.77734375 46.035160064697266 L76.8359375 43.222652435302734 C78.14453125 43.203128814697266 79.609375 43.26171875 81.09375 43.45703125 C85.390625 44.0234375 87.98828125 45.468746185302734 89.5703125 46.97265625 C91.81640625 49.1015625 94.98046875 49.941410064697266 97.94921875 49.082027435302734 L98.10546875 49.04296875 C101.97264862060547 47.9296875 104.55078125 44.2578125 104.296875 40.234375 C104.21874237060547 38.88671875 104.16015625 37.441410064697266 104.21874237060547 35.95703125 C104.3359375 31.484375 105.19530487060547 28.61328125 106.19140625 27.3046875 C106.69921875 27.578125 107.36328125 28.02734375 108.12499237060547 28.828125 C110.17577362060547 30.99609375 112.94921875 35.72265625 114.51171875 45.91796875 C115.41016387939453 51.6796875 122.6171875 53.750003814697266 126.42578125 49.355472564697266 C126.4453125 49.3359375 128.73046875 46.796875 132.03125 45.0 C134.765625 43.515621185302734 136.953125 43.18359375 138.69140625 43.37890625 C138.06640625 48.476566314697266 136.09375 56.71875 129.94140625 61.191402435302734 L130.0 61.269535064697266 C127.1875 62.753902435302734 125.64453125 66.07421875 126.62109375 69.31640625 C127.6171875 72.578125 130.859375 74.609375 134.23828125 74.08203125 C141.015625 73.0078125 152.03125 72.6953125 161.26953125 79.140625 C175.703125 89.23828125 173.84765625 110.41015625 173.046875 119.453125 L173.02734375 119.62890625 C171.46484375 137.28515625 165.1171875 150.48828125 154.16015625 158.88671875 C144.39453125 166.3671875 130.546875 167.03125 100.13671875 167.79296875 C69.609375 168.5546875 54.27734375 168.9453125 44.35546875 161.30859375 C28.3203125 148.984375 27.48046875 126.8359375 27.59765625 120.3515625 L27.59765625 120.33203125 C27.71484375 114.0625 28.0859375 94.98046875 44.179691314697266 81.875 C52.011714935302734 75.5078125 61.54296875 72.01171875 72.5390625 71.4453125 C76.46484375 71.25 79.98046875 71.484375 82.71484375 71.81640625 C86.11328125 72.2265625 89.296875 70.078125 90.17578125 66.7578125 C91.23046875 62.753902435302734 88.49609375 58.730472564697266 84.375 58.22265625 C80.9765625 57.8125 76.69921875 57.5390625 71.85546875 57.773433685302734 C58.10546875 58.457027435302734 45.546878814697266 63.125003814697266 35.56640625 71.25 C26.58203125 78.5546875 20.29296875 88.10546875 16.85546875 99.609375 C14.16015625 108.69140625 14.00390625 116.640625 13.9453125 120.0390625 L13.9453125 120.05859375 C13.8671875 124.27734375 14.12109375 132.75390625 16.71875 142.1484375 C20.234375 154.8828125 26.73828125 164.9609375 36.03515625 172.109375 C42.734371185302734 177.265625 50.742183685302734 180.05859375 61.972652435302734 181.15234375 C66.85546875 181.640625 72.24609375 181.796875 78.4375 181.796875 C84.82421875 181.796875 92.0703125 181.62109375 100.50780487060547 181.40625 C117.3046875 180.9765625 128.1640625 180.625 137.48046875 179.2578125 C148.2421875 177.67578125 155.95703125 174.7265625 162.51953125 169.6875 C171.62109375 162.71484375 178.3203125 153.1640625 182.4609375 141.2890625 C185.68359375 132.03125 186.40625 123.84765625 186.6796875 120.78125 L186.69921875 120.60546875 C187.1484375 115.25389862060547 187.94921875 106.19140625 186.23046875 96.46484375 Z M64.47265625 86.9921875 C62.03125 88.8671875 58.671875 91.7578125 55.507816314697266 95.52734375 C48.671878814697266 103.69141387939453 45.546878814697266 112.61717987060547 46.328128814697266 121.6015625 C46.523441314697266 123.96484375 48.789058685302734 125.5859375 51.09375 125.05859375 C52.988277435302734 124.62890625 54.27734375 122.8515625 54.1015625 120.8984375 C53.49609375 114.0234375 55.9375 107.24608612060547 61.367191314697266 100.70311737060547 C64.12109375 97.3828125 67.109375 94.8046875 69.23828125 93.18359375 C70.8203125 91.97265625 71.23046875 89.765625 70.1953125 88.06640625 C68.96484375 86.09375 66.30859375 85.5859375 64.47265625 86.9921875 Z M50.4384765625 139.53379821777344 A4.375 4.375 0.0 1 0 56.625587463378906 133.3464813232422 A4.375 4.375 0.0 1 0 50.4384765625 139.53379821777344 Z""></path></svg>"
84cd7f9519a45bc7ae28c0fb77a6d54c,"<svg xmlns=""http://www.w3.org/2000/svg"" viewBox=""0.0 0.0 200.0 200.0"" height=""200.0px"" width=""200.0px""><path fill=""#000000"" fill-opacity=""1.0""  filling=""0"" d=""M76.34375 70.3125 L76.34375 60.312496185302734 C76.34375 46.03125 87.48750305175781 34.375 101.34375 34.375 C115.19999694824219 34.375 126.34375 46.03125 126.34375 60.312496185302734 L126.34375 70.3125 L143.625 70.3125 A3.125 3.125 0.0 0 1 146.7468719482422 73.2249984741211 L152.67811584472656 160.72500610351562 A3.125 3.125 0.0 0 1 149.5625 164.0625 L53.125 164.0625 A3.125 3.125 0.0 0 1 50.00625228881836 160.72500610351562 L55.94375228881836 73.2249984741211 A3.125 3.125 0.0 0 1 59.05937576293945 70.3125 L76.34062957763672 70.3125 L76.34375 70.3125 Z M85.71875 70.3125 L116.96875 70.3125 L116.96875 60.312496185302734 C116.96875 51.11874771118164 109.92499542236328 43.75 101.34375 43.75 C92.76249694824219 43.75 85.71875 51.11874771118164 85.71875 60.312496185302734 L85.71875 70.3125 Z M59.8125 154.6875 L142.875 154.6875 L137.78750610351562 79.6875 L64.89999389648438 79.6875 L59.8125 154.6875 Z""></path></svg>"
5c7a342dd3688343a0e0962a2d7a74d0,"<svg xmlns=""http://www.w3.org/2000/svg"" viewBox=""0.0 0.0 200.0 200.0"" height=""200.0px"" width=""200.0px""><path fill="""" fill-opacity=""1.0""  filling=""0"" d=""M14.0625 21.913475036621094 L14.0625 178.0861358642578 C14.0625 182.42498779296875 17.575584411621094 185.93731689453125 21.913673400878906 185.93731689453125 L178.08633422851562 185.93731689453125 C182.42520141601562 185.93731689453125 185.9375 182.42422485351562 185.9375 178.0861358642578 L185.9375 21.913475036621094 C185.9375 17.574607849121094 182.42440795898438 14.062301635742188 178.08633422851562 14.062301635742188 L21.913673400878906 14.062301635742188 C17.574806213378906 14.062301635742188 14.0625 17.57538604736328 14.0625 21.913475036621094 Z M57.03125 137.4445343017578 L43.239646911621094 123.65293884277344 C41.745113372802734 122.15839385986328 39.22187042236328 122.10858917236328 37.69647979736328 123.63397979736328 C36.215431213378906 125.1148452758789 36.17949676513672 127.6412124633789 37.71542739868164 129.17715454101562 L51.50703048706055 142.96875 L37.71542739868164 156.76034545898438 C36.22089767456055 158.2548828125 36.17108917236328 160.77813720703125 37.69647979736328 162.30352783203125 C39.177345275878906 163.78457641601562 41.703712463378906 163.82049560546875 43.239646911621094 162.28456115722656 L57.03125 148.4929656982422 L70.8228530883789 162.28456115722656 C72.3173828125 163.7790985107422 74.84062194824219 163.82891845703125 76.36601257324219 162.30352783203125 C77.84687042236328 160.82266235351562 77.88300323486328 158.29629516601562 76.3470687866211 156.76034545898438 L62.55546951293945 142.96875 L76.3470687866211 129.17715454101562 C77.84160614013672 127.6826171875 77.89140319824219 125.15937042236328 76.36601257324219 123.63397979736328 C74.8851547241211 122.15312957763672 72.3587875366211 122.11699676513672 70.8228530883789 123.65293884277344 L57.03125 137.4445343017578 Z M53.125 53.125 L33.620506286621094 53.125 C31.50702667236328 53.125 29.6875 54.87382888793945 29.6875 57.03125 C29.6875 59.125389099121094 31.44843292236328 60.9375 33.620506286621094 60.9375 L53.125 60.9375 L53.125 80.4419937133789 C53.125 82.55546569824219 54.87382888793945 84.375 57.03125 84.375 C59.12558364868164 84.375 60.9375 82.61405944824219 60.9375 80.4419937133789 L60.9375 60.9375 L80.4419937133789 60.9375 C82.55546569824219 60.9375 84.375 59.18867111206055 84.375 57.03125 C84.375 54.937110900878906 82.61405944824219 53.125 80.4419937133789 53.125 L60.9375 53.125 L60.9375 33.620506286621094 C60.9375 31.50702667236328 59.18867111206055 29.6875 57.03125 29.6875 C54.937110900878906 29.6875 53.125 31.44843292236328 53.125 33.620506286621094 L53.125 53.125 Z M6.25 21.913475036621094 C6.25 13.2626953125 13.258003234863281 6.25 21.913475036621094 6.25 L178.0861358642578 6.25 C186.73690795898438 6.25 193.74960327148438 13.258003234863281 193.74960327148438 21.913475036621094 L193.74960327148438 178.0861358642578 C193.74960327148438 186.73690795898438 186.74160766601562 193.74960327148438 178.0861358642578 193.74960327148438 L21.913475036621094 193.74960327148438 C13.2626953125 193.74960327148438 6.25 186.74160766601562 6.25 178.0861358642578 L6.25 21.913475036621094 Z M107.8125 57.03125 C107.8125 54.87382888793945 109.63202667236328 53.125 111.74551391601562 53.125 L158.56698608398438 53.125 C160.7392578125 53.125 162.5 54.937110900878906 162.5 57.03125 C162.5 59.18867111206055 160.68048095703125 60.9375 158.56698608398438 60.9375 L111.74551391601562 60.9375 C109.5732421875 60.9375 107.8125 59.125389099121094 107.8125 57.03125 Z M107.8125 127.34375 C107.8125 125.18632507324219 109.63202667236328 123.4375 111.74551391601562 123.4375 L158.56698608398438 123.4375 C160.7392578125 123.4375 162.5 125.2496109008789 162.5 127.34375 C162.5 129.5011749267578 160.68048095703125 131.25 158.56698608398438 131.25 L111.74551391601562 131.25 C109.5732421875 131.25 107.8125 129.43788146972656 107.8125 127.34375 Z M107.8125 158.59375 C107.8125 156.4363250732422 109.63202667236328 154.6875 111.74551391601562 154.6875 L158.56698608398438 154.6875 C160.7392578125 154.6875 162.5 156.49960327148438 162.5 158.59375 C162.5 160.7511749267578 160.68048095703125 162.5 158.56698608398438 162.5 L111.74551391601562 162.5 C109.5732421875 162.5 107.8125 160.68789672851562 107.8125 158.59375 Z""></path></svg>"
ef5081c497027006bd07735208bba911,"<svg xmlns=""http://www.w3.org/2000/svg"" viewBox=""0.0 0.0 200.0 200.0"" height=""200.0px"" width=""200.0px""><path fill=""currentColor"" fill-opacity=""1.0""  filling=""0"" d=""M137.10000610351562 20.0 L62.900001525878906 20.0 C52.233001708984375 20.0 43.5 28.66699981689453 43.5 39.400001525878906 L43.5 160.5330047607422 C43.5 171.26699829101562 52.233001708984375 180.0 62.900001525878906 180.0 L137.10000610351562 180.0 C147.76699829101562 180.0 156.5 171.26699829101562 156.5 160.5330047607422 L156.5 39.400001525878906 C156.5 28.66699981689453 147.76699829101562 20.0 137.10000610351562 20.0 Z M99.96700286865234 165.86700439453125 C96.36699676513672 165.86700439453125 93.36699676513672 162.93299865722656 93.36699676513672 159.26699829101562 A6.666999816894531 6.666999816894531 0.0 0 1 99.96700286865234 152.60000610351562 C103.69999694824219 152.60000610351562 106.69999694824219 155.60000610351562 106.69999694824219 159.26699829101562 C106.69999694824219 162.93299865722656 103.69999694824219 165.86700439453125 99.96700286865234 165.86700439453125 Z M139.83299255371094 131.8000030517578 C139.83299255371094 135.4669952392578 136.83299255371094 138.4669952392578 133.16700744628906 138.4669952392578 L66.9000015258789 138.4669952392578 C63.16699981689453 138.4669952392578 60.16699981689453 135.4669952392578 60.16699981689453 131.8000030517578 L60.16699981689453 43.400001525878906 C60.16699981689453 39.66699981689453 63.16699981689453 36.66699981689453 66.9000015258789 36.66699981689453 L133.16700744628906 36.66699981689453 C136.83299255371094 36.66699981689453 139.83299255371094 39.66699981689453 139.83299255371094 43.400001525878906 L139.83299255371094 131.8000030517578 Z""></path>
<path fill=""currentColor"" fill-opacity=""1.0""  filling=""0"" d=""M117.5 68.0 A6.052999973297119 6.052999973297119 0.0 0 0 113.16699981689453 66.19999694824219 L108.43299865722656 66.19999694824219 C107.76699829101562 66.19999694824219 107.23300170898438 66.66699981689453 107.0999984741211 67.33300018310547 A7.2270002365112305 7.2270002365112305 0.0 0 1 92.96700286865234 67.33300018310547 C92.83300018310547 66.66699981689453 92.30000305175781 66.19999694824219 91.63300323486328 66.19999694824219 L86.30000305175781 66.19999694824219 A4.800000190734863 4.800000190734863 0.0 0 0 82.96700286865234 67.53299713134766 L71.30000305175781 79.26699829101562 C69.69999694824219 80.86699676513672 69.69999694824219 83.4000015258789 71.30000305175781 85.0 L75.56700134277344 89.26699829101562 C77.16699981689453 90.86699676513672 79.76699829101562 90.86699676513672 81.30000305175781 89.26699829101562 L82.9000015258789 87.73300170898438 L82.9000015258789 108.53299713134766 C82.9000015258789 111.5999984741211 85.43299865722656 114.13300323486328 88.5 114.13300323486328 L111.5 114.13300323486328 C114.56700134277344 114.13300323486328 117.0999984741211 111.5999984741211 117.0999984741211 108.53299713134766 L117.0999984741211 87.73300170898438 L118.76699829101562 89.26699829101562 C120.30000305175781 90.9469985961914 123.19999694824219 90.80000305175781 124.5 89.26699829101562 L128.76699829101562 85.0 A4.019999980926514 4.019999980926514 0.0 0 0 128.76699829101562 79.26699829101562 L117.5 68.0 Z""></path></svg>"
0989e2d303186dcb44ec3d718f0d1d04,"<svg xmlns=""http://www.w3.org/2000/svg"" viewBox=""0.0 0.0 200.0 200.0"" height=""200.0px"" width=""200.0px""><path fill="""" fill-opacity=""1.0""  filling=""0"" d=""M165.1999969482422 107.00000762939453 A7.599999904632568 7.599999904632568 0.0 1 0 180.39999389648438 107.00000762939453 A7.599999904632568 7.599999904632568 0.0 1 0 165.1999969482422 107.00000762939453 Z M172.8000030517578 118.79999542236328 C168.60000610351562 118.79999542236328 165.1999969482422 122.19999694824219 165.1999969482422 126.40000915527344 L165.1999969482422 148.8000030517578 C165.0 155.20001220703125 159.59999084472656 160.59999084472656 153.1999969482422 160.59999084472656 L46.000003814697266 160.59999084472656 C39.60000228881836 160.59999084472656 34.19999694824219 155.39999389648438 34.19999694824219 148.8000030517578 L34.400001525878906 83.60000610351562 C35.19999694824219 78.0 40.20000076293945 73.5999984741211 46.20000076293945 73.5999984741211 L153.1999969482422 73.5999984741211 C159.0 73.5999984741211 163.8000030517578 77.80000305175781 165.0 83.80000305175781 L165.1999969482422 87.5999984741211 C165.1999969482422 91.79999542236328 168.60000610351562 95.20000457763672 172.8000030517578 95.20000457763672 C177.0 95.20000457763672 180.39999389648438 91.79999542236328 180.39999389648438 87.5999984741211 C180.39999389648438 87.19999694824219 180.39999389648438 86.79999542236328 180.20001220703125 86.4000015258789 C180.20001220703125 85.19999694824219 180.0 83.19999694824219 180.0 82.5999984741211 C178.60000610351562 68.5999984741211 167.0 58.20000076293945 153.0 58.20000076293945 L139.60000610351562 58.20000076293945 L139.60000610351562 54.400001525878906 C139.60000610351562 53.60000228881836 139.60000610351562 52.60000228881836 139.40000915527344 51.599998474121094 C138.0 37.599998474121094 126.40000915527344 27.20000457763672 112.39999389648438 27.20000457763672 L86.4000015258789 27.20000457763672 C72.39999389648438 27.20000457763672 60.60000228881836 37.80000305175781 59.39999771118164 51.599998474121094 L59.39999771118164 52.79999923706055 C59.39999771118164 53.20000076293945 59.20000076293945 53.79999923706055 59.20000076293945 54.400001525878906 L59.20000076293945 58.20000076293945 L46.000003814697266 58.20000076293945 C32.0 58.20000076293945 20.20000457763672 68.80000305175781 19.0 82.5999984741211 L19.0 83.80000305175781 C19.0 84.39999389648438 18.79999542236328 84.80000305175781 18.79999542236328 85.39999389648438 L18.79999542236328 148.8000030517578 C18.79999542236328 163.8000030517578 31.0 176.0 46.000003814697266 176.0 L153.1999969482422 176.0 C168.20001220703125 176.0 180.39999389648438 163.8000030517578 180.39999389648438 148.8000030517578 L180.39999389648438 126.40000915527344 L180.39999389648438 126.19999694824219 C180.39999389648438 122.19999694824219 177.0 118.79999542236328 172.8000030517578 118.79999542236328 Z M86.5999984741211 42.599998474121094 L112.60000610351562 42.599998474121094 C118.4000015258789 42.599998474121094 123.19999694824219 46.79999923706055 124.39999389648438 52.60000228881836 L124.39999389648438 52.999996185302734 L124.60000610351562 53.20000076293945 L124.60000610351562 58.39999771118164 L75.0 58.39999771118164 L75.0 52.60000228881836 C75.80000305175781 46.79999923706055 80.80000305175781 42.599998474121094 86.5999984741211 42.599998474121094 Z""></path></svg>"
245d2a9c92b73bbd58c9e4e97f91b72b,"<svg height=""128"" viewBox=""0 0 21 21"" width=""128"" xmlns=""http://www.w3.org/2000/svg""><g fill=""none"" fill-rule=""evenodd"" stroke=""#000000"" stroke-linecap=""round"" stroke-linejoin=""round"" transform=""translate(3 2)""><path d=""m14.5 6.5v7c0 1.1-.9 2-2 2h-9.96c-1.1 0-2-.89-2-1.99l-.04-10c0-1.1.89-2 1.99-2.01h.01 7""/><circle cx=""14"" cy=""2"" fill=""#000000"" r=""2""/></g></svg>"
d091e6693343180a934c1509fc164aaf,"<svg xmlns=""http://www.w3.org/2000/svg"" viewBox=""0.0 0.0 200.0 200.0"" height=""200.0px"" width=""200.0px""><path fill=""currentColor"" fill-opacity=""1.0""  filling=""0"" d=""M100.0 27.086997985839844 A6.25 6.25 0.0 0 1 106.25 33.337005615234375 L106.25 118.25 L145.5749969482422 78.91300201416016 A6.25 6.25 0.0 0 1 154.4250030517578 87.75 L104.42500305175781 137.75 A6.25 6.25 0.0 0 1 95.57499694824219 137.75 L45.57500076293945 87.75 A6.25 6.25 0.0 1 1 54.42499923706055 78.91300201416016 L93.75 118.25 L93.75 33.337005615234375 A6.25 6.25 0.0 0 1 100.0 27.086997985839844 Z M43.75 166.66299438476562 A6.25 6.25 0.0 0 1 50.0 160.41299438476562 L150.0 160.41299438476562 A6.25 6.25 0.0 1 1 150.0 172.91299438476562 L50.0 172.91299438476562 A6.25 6.25 0.0 0 1 43.75 166.66299438476562 Z""></path></svg>"
3ede34cac54e503b8f9805cc75fcd0d0,"<svg height=""128"" viewBox=""0 0 36 36"" width=""128"" xmlns=""http://www.w3.org/2000/svg""><path d=""m32 20c0-2.21-1.12-4-2.5-4-.01 0-.02.01-.03.01-1.51-6.31-6.08-10.88-11.47-10.88s-9.96 4.58-11.47 10.88c-.01-.01-.02-.01-.03-.01-1.38 0-2.5 1.79-2.5 4 0 2.11 1.02 3.82 2.31 3.97 1.23 6.65 5.99 11.03 11.69 11.03s10.46-4.38 11.69-11.03c1.29-.15 2.31-1.86 2.31-3.97z"" fill=""#f3d2a2""/><path d=""m13 21c-.55 0-1-.45-1-1v-2c0-.55.45-1 1-1s1 .45 1 1v2c0 .55-.45 1-1 1zm10 0c-.55 0-1-.45-1-1v-2c0-.55.45-1 1-1s1 .45 1 1v2c0 .55-.45 1-1 1z"" fill=""#662113""/><path d=""m18 31c-4.2 0-5.49-1.08-5.71-1.29-.39-.39-.39-1.02 0-1.41.38-.38.98-.39 1.38-.04.08.06 1.1.74 4.33.74 3.36 0 4.33-.74 4.34-.75.39-.39 1-.37 1.39.02s.37 1.04-.02 1.43c-.22.22-1.51 1.3-5.71 1.3zm1-5h-2c-.55 0-1-.45-1-1s.45-1 1-1h2c.55 0 1 .45 1 1s-.45 1-1 1z"" fill=""#c1694f""/><path d=""m18 1c8 0 13 6 13 11s-1 7-2 5l-2-4s-6 0-8-2c0 0 3 6-3 0 0 0 1 4-5-1 0 0-3 2-4 7-.28 1.39-2 0-2-5s4-11 13-11z"" fill=""#ffe51e""/><path d=""m30.68 5.78c-.19-.08-.41-.02-.55.13l-1.46 1.61-2.35-4.74c-.08-.17-.25-.27-.43-.28-.2-.01-.36.09-.45.25l-2.07 3.57-5.01-6.14c-.1-.11-.24-.18-.39-.18s-.29.07-.39.18l-5.04 6.14-2.12-3.58c-.09-.15-.24-.23-.44-.25-.18 0-.34.1-.43.25l-2.64 4.71-.99-1.48c-.12-.18-.35-.27-.56-.2-.21.06-.35.26-.35.48v3.25c0 .28.22.5.5.5h25c.28 0 .5-.22.5-.5v-3.25c0-.21-.13-.39-.32-.47z"" fill=""#99aab5""/><path d=""m18 3-2 2v2l2 2 2-2v-2zm-7 3-1 1.42-1-1.42 1-1.41zm16 0-1 1.42-1-1.42 1-1.41z"" fill=""#e1e8ed""/></svg>"
thesantatitan_deepseek-svg-dataset_0002089,"<svg width=""100"" height=""100"" viewBox=""0 0 100 100"" xmlns=""http://www.w3.org/2000/svg"">
  <rect width=""100"" height=""100"" fill=""#000000""/>
  <defs>
    <linearGradient id=""petalGradient"" x1=""0%"" y1=""0%"" x2=""100%"" y2=""100%"">
      <stop offset=""0%"" style=""stop-color:#FFFFFF;stop-opacity:1""/>
      <stop offset=""100%"" style=""stop-color:#FF0000;stop-opacity:1""/>
    </linearGradient>
  </defs>
  <path d=""M50,50m-18,0a18,18 0 1,1 36,0a18,18 0 1,1-36,0"" fill=""url(#petalGradient)""/>
  <path d=""M50,50m-25,0a25,25 0 1,1 50,0a25,25 0 1,1-50,0"" fill=""url(#petalGradient)""/>
  <circle cx=""50"" cy=""50"" r=""18"" fill=""#FF0000""/>
  <path d=""M50,50m-28,0a28,28 0 1,1 56,0a28,28 0 1,1-56,0"" fill=""url(#petalGradient)""/>
</svg>"
7e2b0cf65f4bea635397c5c06288ac5d,"<svg xmlns=""http://www.w3.org/2000/svg"" viewBox=""0.0 0.0 200.0 200.0"" height=""200.0px"" width=""200.0px""><path fill=""currentColor"" fill-opacity=""1.0""  filling=""0"" d=""M177.25900268554688 161.4810028076172 C174.0 163.25900268554688 170.3699951171875 164.2220001220703 166.66700744628906 164.2220001220703 L33.33300018310547 164.2220001220703 C30.14800262451172 164.2220001220703 27.111000061035156 163.4810028076172 24.295997619628906 162.2220001220703 L81.9260025024414 117.7040023803711 C85.31900024414062 120.43000030517578 90.14800262451172 128.66700744628906 100.0 128.66700744628906 C108.6449966430664 128.66700744628906 113.43000030517578 122.3479995727539 118.14800262451172 117.62999725341797 L177.25900268554688 161.4810028076172 Z M188.88900756835938 58.0 L188.88900756835938 142.0 C188.88900756835938 144.88900756835938 188.29600524902344 147.70399475097656 187.18499755859375 150.3699951171875 L128.66700744628906 106.96299743652344 L186.66700744628906 48.51900100708008 C188.07400512695312 51.48099899291992 188.88900756835938 54.66699981689453 188.88900756835938 58.0 Z M71.48100280761719 107.11100006103516 L13.481002807617188 151.8520050048828 C12.0 148.81500244140625 11.111000061035156 145.4810028076172 11.111000061035156 142.0 L11.111000061035156 58.0 C11.111000061035156 54.51900100708008 12.073997497558594 51.111000061035156 13.629997253417969 47.92599868774414 L71.48100280761719 107.11100006103516 Z M176.2220001220703 38.0 L101.77799987792969 113.11100006103516 C100.51899719238281 114.37000274658203 99.55500030517578 114.37000274658203 98.22200012207031 113.11100006103516 L24.37000274658203 37.70399856567383 C27.18499755859375 36.44499969482422 30.222000122070312 35.77799987792969 33.33300018310547 35.77799987792969 L166.66700744628906 35.77799987792969 C170.0 35.77799987792969 173.25900268554688 36.59299850463867 176.2220001220703 38.0 Z""></path></svg>"
e7eab03a78edfdb3292458a0d110d5a7,"<svg xmlns=""http://www.w3.org/2000/svg"" viewBox=""0.0 0.0 200.0 200.0"" height=""200.0px"" width=""200.0px""><path fill=""#88D346"" fill-opacity=""1.0""  filling=""0"" d=""M29.29199981689453 118.51699829101562 C24.841995239257812 118.51699829101562 20.679000854492188 121.51699829101562 18.95800018310547 126.31700134277344 C18.45800018310547 127.70800018310547 18.182998657226562 129.23300170898438 18.182998657226562 130.86300659179688 L18.182998657226562 152.4709930419922 C18.182998657226562 159.7209930419922 23.570999145507812 164.81700134277344 29.29199981689453 164.81700134277344 L40.57500076293945 164.81700134277344 C53.766998291015625 164.81700134277344 65.86699676513672 155.76300048828125 70.24199676513672 141.72500610351562 L73.71700286865234 130.57899475097656 C75.57499694824219 124.60800170898438 71.19999694824219 118.51699829101562 65.05000305175781 118.51699829101562 L29.29199981689453 118.51699829101562 Z M1.875 119.9749984741211 C5.967002868652344 108.54199981689453 16.51300048828125 100.0 29.29199981689453 100.0 L65.05000305175781 100.0 C83.5 100.0 96.62899780273438 118.27100372314453 91.0459976196289 136.18299865722656 L87.57099914550781 147.32899475097656 C80.94599914550781 168.58299255371094 62.16699981689453 183.33299255371094 40.57500076293945 183.33299255371094 L29.29199981689453 183.33299255371094 C12.699996948242188 183.33299255371094 0.0 169.08299255371094 0.0 152.4709930419922 L0.0 130.86300659179688 C0.0 127.05400085449219 0.6579971313476562 123.38300323486328 1.875 119.97899627685547 L1.875 119.9749984741211 Z M134.9499969482422 118.51699829101562 C128.8000030517578 118.51699829101562 124.42500305175781 124.60800170898438 126.28299713134766 130.57899475097656 L129.75799560546875 141.72500610351562 C134.13299560546875 155.76699829101562 146.23300170898438 164.81700134277344 159.4250030517578 164.81700134277344 L170.70799255371094 164.81700134277344 C176.4290008544922 164.81700134277344 181.81700134277344 159.7169952392578 181.81700134277344 152.4709930419922 L181.81700134277344 130.86300659179688 C181.81700134277344 129.23800659179688 181.53799438476562 127.70800018310547 181.04200744628906 126.32099914550781 C179.3209991455078 121.51200103759766 175.1580047607422 118.51699829101562 170.70799255371094 118.51699829101562 L134.9499969482422 118.51699829101562 Z M108.9540023803711 136.18299865722656 C103.375 118.27100372314453 116.5 100.0 134.9499969482422 100.0 L170.70799255371094 100.0 C183.48699951171875 100.0 194.0330047607422 108.54199981689453 198.125 119.97899627685547 C199.3419952392578 123.38300323486328 200.0 127.05400085449219 200.0 130.86300659179688 L200.0 152.4709930419922 C200.0 169.08299255371094 187.3000030517578 183.33299255371094 170.70799255371094 183.33299255371094 L159.4250030517578 183.33299255371094 C137.83299255371094 183.33299255371094 119.05000305175781 168.58299255371094 112.42900085449219 147.33299255371094 L108.9540023803711 136.18299865722656 Z""></path>
<path fill=""#4A4A4A"" fill-opacity=""1.0""  filling=""0"" d=""M68.67900085449219 33.628997802734375 A9.366999626159668 9.366999626159668 0.0 0 0 71.19999694824219 20.79199981689453 A8.991999626159668 8.991999626159668 0.0 0 0 58.59199905395508 18.22100067138672 L41.66699981689453 29.72100067138672 A46.20399856567383 46.20399856567383 0.0 0 0 23.79199981689453 53.5 L1.8379974365234375 120.09200286865234 L1.875 119.97899627685547 C5.7870025634765625 109.04199981689453 15.599998474121094 100.75399780273438 27.625 100.05000305175781 L41.025001525878906 59.395999908447266 A27.72100067138672 27.72100067138672 0.0 0 1 51.75 45.125 L68.67900085449219 33.628997802734375 Z M89.03299713134766 142.64199829101562 L91.0459976196289 136.18299865722656 C92.31199645996094 132.10800170898438 92.61699676513672 128.01699829101562 92.10800170898438 124.125 L107.89199829101562 124.125 A28.149999618530273 28.149999618530273 0.0 0 0 108.9540023803711 136.18299865722656 L110.96700286865234 142.64199829101562 L89.03299713134766 142.64199829101562 Z M198.1580047607422 120.08300018310547 L176.21200561523438 53.5 A46.20000076293945 46.20000076293945 0.0 0 0 158.33299255371094 29.716995239257812 L141.39999389648438 18.22100067138672 A8.98799991607666 8.98799991607666 0.0 0 0 128.79600524902344 20.79199981689453 A9.366999626159668 9.366999626159668 0.0 0 0 131.31700134277344 33.628997802734375 L148.24600219726562 45.12900161743164 A27.72100067138672 27.72100067138672 0.0 0 1 158.9709930419922 59.395999908447266 L172.375 100.05000305175781 C184.39599609375 100.75800323486328 194.20799255371094 109.04199981689453 198.12100219726562 119.97899627685547 L198.1540069580078 120.0790023803711 L198.1580047607422 120.08300018310547 Z""></path></svg>"
419c943e98115a522ce8d0ceed72e058,"<svg xmlns=""http://www.w3.org/2000/svg"" viewBox=""0.0 0.0 200.0 200.0"" height=""200.0px"" width=""200.0px""><path fill=""currentColor"" fill-opacity=""1.0""  filling=""0"" d=""M119.34400177001953 152.33900451660156 C118.06099700927734 144.08900451660156 118.06099700927734 144.08900451660156 115.677001953125 136.4810028076172 C113.29399871826172 128.87399291992188 113.29399871826172 128.87399291992188 109.99400329589844 121.35700225830078 L125.39399719238281 121.35700225830078 C128.8769989013672 129.60699462890625 128.8769989013672 129.60699462890625 131.3509979248047 137.30599975585938 C133.8260040283203 145.00599670410156 133.8260040283203 145.00599670410156 135.66000366210938 152.33900451660156 L119.34400177001953 152.33900451660156 Z M-0.733001708984375 196.1529998779297 C17.23200225830078 157.10499572753906 17.23200225830078 157.10499572753906 23.281997680664062 109.44100189208984 L37.948001861572266 109.44100189208984 C36.1150016784668 133.63999938964844 36.1150016784668 133.63999938964844 31.072998046875 155.18099975585938 C26.031997680664062 176.7209930419922 26.031997680664062 176.7209930419922 17.23200225830078 196.1529998779297 L-0.733001708984375 196.1529998779297 Z M19.798995971679688 48.577999114990234 C17.23200225830078 38.12799835205078 17.23200225830078 38.12799835205078 12.923995971679688 27.770004272460938 C8.615997314453125 17.413002014160156 8.615997314453125 17.413002014160156 2.75 6.5970001220703125 L19.066001892089844 6.5970001220703125 C28.415000915527344 21.996002197265625 28.415000915527344 21.996002197265625 36.1150016784668 48.577999114990234 L19.798995971679688 48.577999114990234 Z M20.71600341796875 57.926998138427734 C29.882003784179688 72.95999908447266 29.882003784179688 72.95999908447266 37.948001861572266 100.09200286865234 L21.632003784179688 100.09200286865234 C16.316001892089844 79.00900268554688 16.316001892089844 79.00900268554688 4.400001525878906 57.926998138427734 L20.71600341796875 57.926998138427734 Z M82.49600219726562 31.345001220703125 C70.76300048828125 43.994998931884766 70.76300048828125 43.994998931884766 44.73099899291992 52.06100082397461 L44.73099899291992 41.611000061035156 C72.2300033569336 28.961997985839844 72.2300033569336 28.961997985839844 81.5790023803711 2.1969985961914062 L99.54499816894531 2.1969985961914062 C97.8949966430664 7.51300048828125 97.8949966430664 7.51300048828125 95.78700256347656 11.913002014160156 C93.67900085449219 16.313003540039062 93.67900085449219 16.313003540039062 91.11199951171875 20.163002014160156 L194.8730010986328 20.163002014160156 L194.8730010986328 31.345001220703125 L82.49600219726562 31.345001220703125 Z M179.4739990234375 104.30799865722656 L199.08999633789062 104.30799865722656 L199.08999633789062 116.2239990234375 L179.4739990234375 116.2239990234375 L179.4739990234375 156.55499267578125 L193.0399932861328 156.55499267578125 L193.0399932861328 168.65499877929688 L179.4739990234375 168.65499877929688 L179.4739990234375 172.87100219726562 C179.4739990234375 197.80299377441406 179.4739990234375 197.80299377441406 151.0590057373047 197.80299377441406 L128.6929931640625 197.80299377441406 L128.6929931640625 187.53700256347656 L148.49200439453125 187.53700256347656 C163.1580047607422 187.53700256347656 163.1580047607422 187.53700256347656 163.1580047607422 172.87100219726562 L163.1580047607422 168.65499877929688 L91.11199951171875 168.65499877929688 C61.9640007019043 169.5709991455078 61.9640007019043 169.5709991455078 62.696998596191406 142.072998046875 L62.696998596191406 116.2239990234375 L46.38100051879883 116.2239990234375 L46.38100051879883 104.30799865722656 L62.696998596191406 104.30799865722656 L62.696998596191406 52.79399871826172 L179.4739990234375 52.79399871826172 L179.4739990234375 104.30799865722656 Z M163.1580047607422 116.2239990234375 L79.01300048828125 116.2239990234375 L79.01300048828125 139.50599670410156 C78.09600067138672 157.65499877929688 78.09600067138672 157.65499877929688 96.24500274658203 156.55499267578125 L163.1580047607422 156.55499267578125 L163.1580047607422 116.2239990234375 Z M163.1580047607422 63.97700119018555 L79.01300048828125 63.97700119018555 L79.01300048828125 104.30799865722656 L163.1580047607422 104.30799865722656 L163.1580047607422 63.97700119018555 Z M117.69400024414062 100.09200286865234 C117.14399719238281 94.7750015258789 117.14399719238281 94.7750015258789 115.03600311279297 87.35099792480469 C112.927001953125 79.9260025024414 112.927001953125 79.9260025024414 109.0780029296875 70.0270004272461 L123.55999755859375 70.0270004272461 C131.25999450683594 83.04299926757812 131.25999450683594 83.04299926757812 134.00999450683594 100.09200286865234 L117.69400024414062 100.09200286865234 Z""></path></svg>"
96d444b9e253870b0f9c681127a7a60c,"<svg xmlns=""http://www.w3.org/2000/svg"" viewBox=""0.0 0.0 200.0 200.0"" height=""200.0px"" width=""200.0px""><path fill=""#777B88"" fill-opacity=""1.0""  filling=""0"" d=""M175.11700439453125 86.52300262451172 L119.4530029296875 86.52300262451172 C121.8550033569336 86.52300262451172 123.80899810791016 84.62899780273438 123.80899810791016 82.22699737548828 C123.80899810791016 79.8239974975586 121.8550033569336 77.93000030517578 119.4530029296875 77.93000030517578 L104.2969970703125 77.93000030517578 L104.2969970703125 69.14099884033203 L140.33200073242188 69.14099884033203 C145.11700439453125 69.14099884033203 147.8520050048828 66.13300323486328 147.8520050048828 61.327999114990234 L147.8520050048828 22.207000732421875 C147.8520050048828 17.4219970703125 145.13699340820312 12.694999694824219 140.33200073242188 12.694999694824219 L62.09000015258789 12.694999694824219 C57.30500030517578 12.694999694824219 52.14799880981445 17.4219970703125 52.14799880981445 22.207000732421875 L52.14799880981445 61.327999114990234 C52.14799880981445 66.11299896240234 57.30500030517578 69.14099884033203 62.09000015258789 69.14099884033203 L95.7030029296875 69.14099884033203 L95.7030029296875 77.93000030517578 L84.66799926757812 77.93000030517578 C82.26599884033203 77.93000030517578 80.31199645996094 79.8239974975586 80.31199645996094 82.22699737548828 C80.31199645996094 84.62899780273438 82.26599884033203 86.52300262451172 84.66799926757812 86.52300262451172 L27.30500030517578 86.52300262451172 C22.520004272460938 86.52300262451172 17.38299560546875 91.30899810791016 17.38299560546875 96.11299896240234 L17.38299560546875 183.0469970703125 C17.38299560546875 185.44900512695312 19.375 187.40199279785156 21.777000427246094 187.40199279785156 C24.18000030517578 187.40199279785156 26.1719970703125 185.44900512695312 26.1719970703125 183.0469970703125 L26.1719970703125 130.0780029296875 L173.8280029296875 130.0780029296875 L173.8280029296875 183.0469970703125 C173.8280029296875 185.44900512695312 175.82000732421875 187.40199279785156 178.22300720214844 187.40199279785156 C180.625 187.40199279785156 182.61700439453125 185.44900512695312 182.61700439453125 183.0469970703125 L182.61700439453125 96.11299896240234 C182.61700439453125 91.30899810791016 179.90199279785156 86.52300262451172 175.11700439453125 86.52300262451172 Z M60.9379997253418 21.28900146484375 L140.33200073242188 21.28900146484375 L140.31199645996094 60.547000885009766 L60.9379997253418 60.547000885009766 L60.9379997253418 21.28900146484375 Z M26.1719970703125 121.28900146484375 L26.1719970703125 95.31199645996094 L95.7030029296875 95.31199645996094 L95.7030029296875 121.28900146484375 L26.1719970703125 121.28900146484375 Z M104.2969970703125 121.28900146484375 L104.2969970703125 95.31199645996094 L173.8280029296875 95.31199645996094 L173.8280029296875 121.28900146484375 L104.2969970703125 121.28900146484375 Z""></path>
<path fill=""#777B88"" fill-opacity=""1.0""  filling=""0"" d=""M62.09000015258789 104.80500030517578 C59.707000732421875 104.80500030517578 57.73400115966797 106.75800323486328 57.73400115966797 109.16000366210938 C57.73400115966797 111.54299926757812 59.6879997253418 113.51599884033203 62.09000015258789 113.51599884033203 C64.49199676513672 113.51599884033203 66.44499969482422 111.56199645996094 66.44499969482422 109.16000366210938 C66.44499969482422 106.75800323486328 64.4729995727539 104.80500030517578 62.09000015258789 104.80500030517578 Z M140.33200073242188 104.80500030517578 C137.94900512695312 104.80500030517578 135.9770050048828 106.75800323486328 135.9770050048828 109.16000366210938 C135.9770050048828 111.54299926757812 137.92999267578125 113.51599884033203 140.33200073242188 113.51599884033203 C142.71499633789062 113.51599884033203 144.68800354003906 111.56199645996094 144.68800354003906 109.16000366210938 C144.68800354003906 106.75800323486328 142.73399353027344 104.80500030517578 140.33200073242188 104.80500030517578 Z""></path></svg>"
8c5f5dc69089a16823a430a679e0e1b6,"<svg xmlns=""http://www.w3.org/2000/svg"" viewBox=""0.0 0.0 200.0 200.0"" height=""200.0px"" width=""200.0px""><path fill="""" fill-opacity=""1.0""  filling=""0"" d=""M150.78125 36.71875 L49.21875 36.71875 C42.314453125 36.71875 36.71875 42.314453125 36.71875 49.21875 L36.71875 150.78125 C36.71875 157.685546875 42.314453125 163.28125 49.21875 163.28125 L150.78125 163.28125 C157.685546875 163.28125 163.28125 157.685546875 163.28125 150.78125 L163.28125 49.21875 C163.28125 42.314453125 157.685546875 36.71875 150.78125 36.71875 Z M135.35546875 83.6171875 L95.580078125 123.390625 C90.69921875 128.271484375 82.783203125 128.271484375 77.90234375 123.390625 L64.64453125 110.1328125 C62.203128814697266 107.69140625 62.203128814697266 103.734375 64.64453125 101.294921875 C67.0859375 98.853515625 71.04296875 98.853515625 73.482421875 101.294921875 L86.740234375 114.552734375 L126.515625 74.77734375 C128.95703125 72.3359375 132.9140625 72.3359375 135.353515625 74.77734375 C137.796875 77.21875 137.796875 81.17578125 135.35546875 83.6171875 Z""></path></svg>"
82bbbfbc5d7e8dcce562cb2f8ee1289e,"<svg xmlns=""http://www.w3.org/2000/svg"" viewBox=""0.0 0.0 200.0 200.0"" height=""200.0px"" width=""200.0px""><path fill=""#FFFFFF"" fill-opacity=""1.0""  filling=""0"" d=""M5.0 100.0 A95.0 95.0 0.0 1 0 195.0 100.0 A95.0 95.0 0.0 1 0 5.0 100.0 Z""></path>
<path fill=""#00CCFF"" fill-opacity=""1.0""  filling=""0"" d=""M100.00499725341797 200.0050048828125 A99.66999816894531 99.66999816894531 0.0 1 1 138.92999267578125 192.14999389648438 A99.375 99.375 0.0 0 1 100.00499725341797 200.0050048828125 Z M74.19499969482422 140.55499267578125 L125.80500030517578 140.55499267578125 L125.80500030517578 177.4199981689453 L140.5500030517578 177.4199981689453 L140.5500030517578 140.55499267578125 L177.4199981689453 140.55499267578125 L177.4199981689453 125.80500030517578 L140.55499267578125 125.80500030517578 L140.55499267578125 81.56500244140625 L177.4199981689453 81.56500244140625 L177.4199981689453 66.81999969482422 L140.55499267578125 66.81999969482422 L140.55499267578125 22.580001831054688 L125.80500030517578 22.580001831054688 L125.80500030517578 66.81999969482422 L74.19499969482422 66.81999969482422 L74.19499969482422 22.580001831054688 L59.45000076293945 22.580001831054688 L59.45000076293945 66.81999969482422 L22.580001831054688 66.81999969482422 L22.580001831054688 81.56500244140625 L59.45000076293945 81.56500244140625 L59.45000076293945 125.80500030517578 L22.580001831054688 125.80500030517578 L22.580001831054688 140.5500030517578 L59.45000076293945 140.5500030517578 L59.45000076293945 177.4199981689453 L74.19499969482422 177.4199981689453 L74.19499969482422 140.55999755859375 L74.19499969482422 140.55499267578125 Z M125.80500030517578 125.80999755859375 L74.19499969482422 125.80999755859375 L74.19499969482422 81.56999969482422 L125.80500030517578 81.56999969482422 L125.80500030517578 125.80500030517578 L125.80500030517578 125.80999755859375 Z""></path></svg>"
f4d9e588ca3be28b2257c8bfea9d4f50,"<svg height=""128"" preserveAspectRatio=""xMidYMid meet"" viewBox=""0 0 64 64"" width=""128"" xmlns=""http://www.w3.org/2000/svg""><path d=""m18.3 26.8s1.7-2.2 5.6-3.2c3.1-.9 2.3-3.7 3.8-5.2l1.3 4.2-1 4.2.6 1.5s-1.7-1.2-2.4-1.3c-2.6-.3-7.5.2-7.9-.2"" fill=""#b2c1c0""/><path d=""m18.3 26.8s1.7-2.2 5.6-3.2c3.1-.9 2.3-3.7 3.8-5.2l1.3 4.2-1 4.2.6 1.5s-1.7-1.2-2.4-1.3c-2.6-.3-7.5.2-7.9-.2"" fill=""#3e4347""/><path d=""m38.3 30.7c-6.2-2.6-6.7-2.9-8.6-4.8l-1.2-2.6c-.3-.3-.3-1.1-.9-1.7s-2.8-1.3-3.4-2c0 0 .2-.4-.1-.7s-1.3.3-2.9 2c-1.6 1.6-2.3 2.6-2 2.9s.7.1.7.1c.6.6 1.4 2.8 2 3.4s1.4.6 1.7.9l2.6 1.2c1.9 1.9 2.1 2.4 4.7 8.7 2.2 5.3 3.6 11.1 6.9 16 1.9 2.9 5.3 6.5 9.2 7.7.6.2 1.8.5 2.6-.3l11.8-11.9c.8-.8.5-2.1.3-2.7-1.1-3.8-4.8-7.3-7.6-9.3-4.7-3.3-10.6-4.7-15.8-6.9"" fill=""#46732f""/><path d=""m39.9 31.3c-.5-.2-1.1-.4-1.7-.7-6.1-2.6-9.2-6.8-9.2-6.8l-1 2.7.7 1.9-1.4-1-3.6.8s4.5 3.4 7.3 9.9c.2.6.4 1.1.7 1.6l1.7-1.7.7 1.7 2.7-1.8 1.1-.3.3-1.1 1.8-2.7-1.7-.7z"" fill=""#ffe791""/><path d=""m28.7 28.4s-2.4-2.1-5.1-.2l1.7 1.5c.9-.6 2.3-1 3.9-.7 0 0-.6-2.1.9-3.9l-.9-1c-.6.7-1.8 2.9-.5 4.3"" fill=""#3e4347"" opacity="".5""/><g fill=""#ffe791""><path d=""m25.9 26.3c-.8-.4-2.4-.3-3.9.4 0 0 0-.8-.6-.8-.5-.1-2.1.8-3.2.9 0 0 .7.9.6 1.7s1.6-.9 2.4-1.1c0 0-.3 1.1-.4 2.2-.1 1 6-3 7.8-1.2.1 0-1.5-1.6-2.7-2.1""/><path d=""m28.7 28.4s-1.4-1.4-1.1-3.9c0 0 1.2-.4.8-.8s-1.6.4-1.4-1.4 1-2.6.7-3.9c0 0 1.7-.3 1.9 1 .1 1.3-.5 2.5.2 2.4 1-.1 2.1.5.5 2.1-1.7 1.6-2.2 3.2-1.6 4.5""/><path d=""m59.7 45.5-14 14c-2.5-1.6-4.6-3.7-6.2-6.2l14-14c2.5 1.7 4.5 3.7 6.2 6.2""/></g><g fill=""#ede2d1""><path d=""m18.5 22.7c.2-1.2-7.9-.7-10.4-.3-5.1.7-4.5 6.7.2 3.5 4.3-2.9 10.2-2.9 10.2-3.2""/><path d=""m24.2 12.5c.2.3 4.3-8 2.9-7.5-1.1.6-3 7.2-2.9 7.5""/><path d=""m21.2 20.4c.3-1.1-5.5-17.4-7.1-18.2s-3.9.7 2.6 10.9c2.8 4.4 3.9 9.3 4.5 7.3""/><path d=""m16.9 24.3c-1.9.4-5.1 3.7-3.4 3 1.7-.6 4.6-3.3 3.4-3""/><path d=""m23.1 18.3c1.3-1.2 4.4-4.6 2.8-4.1-1.4.3-4.1 5.3-2.8 4.1""/><path d=""m21.8 8.3c-1 1.2-.7 7.7.1 9.8.8 2.2.8-11.1-.1-9.8""/><path d=""m11.6 20.3c3.9-1.9-11.5-2.2-9.4-.4s7.6 1.2 9.4.4""/><ellipse cx=""9.2"" cy=""27.7"" rx=""1.3"" ry="".9"" transform=""matrix(.92747126 -.37389446 .37389446 .92747126 -9.675773 5.458217)""/><ellipse cx=""26.2"" cy=""11.6"" rx="".8"" ry="".5"" transform=""matrix(.66231934 -.74922165 .74922165 .66231934 .146997 23.530146)""/><ellipse cx=""12.3"" cy=""28.7"" rx=""1"" ry="".7"" transform=""matrix(.81697383 -.57667474 .57667474 .81697383 -14.270419 12.357083)""/><ellipse cx=""19.1"" cy=""4.8"" rx=""1.1"" ry=""1.6"" transform=""matrix(.93956123 -.34238093 .34238093 .93956123 -.484316 6.81639)""/><ellipse cx=""24"" cy=""6.3"" rx="".5"" ry="".8"" transform=""matrix(.98210035 -.18835844 .18835844 .98210035 -.765496 4.624668)""/></g><path d=""m8.9 10.1-2.3 3.5c-.7 1.1-.4 2.6.7 3.4l1 .7c.8.6 1.9.5 2.7 0l2.2 1.5c1.1.7 2.6.4 3.4-.7l.7-1c.7-1.1.4-2.6-.7-3.4l-2.2-1.5c.2-.9-.2-2-1-2.5l-1-.7c-1.3-.7-2.8-.4-3.5.7"" fill=""#d3976e""/><path d=""m8.9 10.1s1.3-.8 2.6.1c.4.2.7.5 1 .7.2.2.8 1-.3 2.7-1.3 2-1.5 3.3-1.5 3.3s1.9-3.8 4-2.7c1.5.8 3.4 1.9 1.9 4.2l.7-1c.7-1.1.4-2.6-.7-3.4l-2.2-1.5c.2-.9-.2-2-1-2.5l-1-.7c-1.3-.6-2.8-.3-3.5.8"" fill=""#89664c""/></svg>"
d949e65e28d18212f411b315efd37426,"<svg xmlns=""http://www.w3.org/2000/svg"" viewBox=""0.0 0.0 200.0 200.0"" height=""200.0px"" width=""200.0px""><path fill="""" fill-opacity=""1.0""  filling=""0"" d=""M95.0 200.0 C69.62000274658203 200.0 45.77000045776367 190.1199951171875 27.81999969482422 172.17999267578125 C9.870002746582031 154.24000549316406 0.0 130.3800048828125 0.0 105.01000213623047 C0.0 79.62999725341797 9.879997253417969 55.779998779296875 27.81999969482422 37.83000183105469 C45.7599983215332 19.87999725341797 69.62000274658203 10.0 95.0 10.0 C120.37999725341797 10.0 144.22999572753906 19.87999725341797 162.17999267578125 37.83000183105469 C180.1300048828125 55.779998779296875 190.0 79.62999725341797 190.0 105.01000213623047 C190.0 130.38999938964844 180.1199951171875 154.24000549316406 162.17999267578125 172.17999267578125 A94.37999725341797 94.37999725341797 0.0 0 1 95.0 200.0 Z M95.0 20.0 C48.130001068115234 20.0 10.0 58.130001068115234 10.0 105.0 C10.0 151.8699951171875 48.130001068115234 190.0 95.0 190.0 C141.8699951171875 190.0 180.0 151.8699951171875 180.0 105.0 C180.0 58.130001068115234 141.8699951171875 20.0 95.0 20.0 Z""></path>
<path fill="""" fill-opacity=""1.0""  filling=""0"" d=""M65.0 80.0 C56.72999954223633 80.0 50.0 73.2699966430664 50.0 65.0 C50.0 56.72999954223633 56.72999954223633 50.0 65.0 50.0 C73.2699966430664 50.0 80.0 56.72999954223633 80.0 65.0 C80.0 73.2699966430664 73.2699966430664 80.0 65.0 80.0 Z M65.0 60.0 A5.0 5.0 0.0 1 0 65.0 70.0 A5.0 5.0 0.0 0 0 65.0 60.0 Z M125.0 80.0 C116.7300033569336 80.0 110.0 73.2699966430664 110.0 65.0 C110.0 56.72999954223633 116.7300033569336 50.0 125.0 50.0 C133.27000427246094 50.0 140.0 56.72999954223633 140.0 65.0 C140.0 73.2699966430664 133.27000427246094 80.0 125.0 80.0 Z M125.0 60.0 A5.0 5.0 0.0 1 0 125.0 70.0 A5.0 5.0 0.0 0 0 125.0 60.0 Z M54.9900016784668 150.0 A5.0 5.0 0.0 0 1 51.0 142.0 A55.4900016784668 55.4900016784668 0.0 0 1 70.01000213623047 126.0 C77.79000091552734 122.0199966430664 86.19999694824219 120.01000213623047 95.0 120.01000213623047 C103.80000305175781 120.01000213623047 112.20999908447266 122.02999877929688 119.98999786376953 126.0 A55.4900016784668 55.4900016784668 0.0 0 1 139.0 142.0 A5.0 5.0 0.0 0 1 131.00999450683594 148.00999450683594 C122.41999816894531 136.57000732421875 109.29000091552734 130.00999450683594 95.0 130.00999450683594 C80.70999908447266 130.00999450683594 67.58999633789062 136.57000732421875 58.9900016784668 148.00999450683594 A4.980000019073486 4.980000019073486 0.0 0 1 54.9900016784668 150.00999450683594 L54.9900016784668 150.0 Z""></path></svg>"
78b1ba881f33cdc22e61cafd7a1b20a4,"<svg fill=""none"" height=""128"" viewBox=""0 0 16 16"" width=""128"" xmlns=""http://www.w3.org/2000/svg""><g fill=""#000000""><path d=""m6.5 0v8h3v-8z""/><path d=""m4.46 11.54c-1.95-1.96-1.95-5.12 0-7.08l-2.12-2.12c-3.12 3.13-3.12 8.19 0 11.32 3.13 3.12 8.19 3.12 11.32 0 3.12-3.13 3.12-8.19 0-11.32l-2.12 2.12c1.95 1.96 1.95 5.12 0 7.08-1.96 1.95-5.12 1.95-7.08 0z""/></g></svg>"
16233792e99370718b4d5da5b7c68332,"<svg xmlns=""http://www.w3.org/2000/svg"" viewBox=""0.0 0.0 200.0 200.0"" height=""200.0px"" width=""200.0px""><path fill=""currentColor"" fill-opacity=""1.0""  filling=""0"" d=""M196.8780059814453 30.031997680664062 C201.2220001220703 25.688995361328125 201.2220001220703 18.63500213623047 196.8780059814453 14.291000366210938 C192.53500366210938 9.947998046875 185.4810028076172 9.947998046875 181.13800048828125 14.291000366210938 L114.4229965209961 81.00599670410156 L102.36599731445312 68.9489974975586 C100.90599822998047 67.48899841308594 98.89099884033203 66.65599822998047 96.80599975585938 66.65599822998047 C92.46299743652344 66.65599822998047 88.9530029296875 70.16500091552734 88.9530029296875 74.50800323486328 L88.9530029296875 84.62000274658203 L126.58399963378906 122.2509994506836 L136.6959991455078 122.2509994506836 C141.03900146484375 122.2509994506836 144.5489959716797 118.74199676513672 144.5489959716797 114.39800262451172 C144.5489959716797 112.31400299072266 143.71499633789062 110.2979965209961 142.2550048828125 108.83899688720703 L130.197998046875 96.78199768066406 L196.91299438476562 30.067001342773438 L196.8780059814453 30.031997680664062 Z M118.52300262451172 133.85699462890625 L77.3479995727539 92.68099975585938 C62.5099983215332 91.39600372314453 47.74300003051758 96.74700164794922 37.11000061035156 107.37899780273438 L34.33000183105469 110.15899658203125 C26.582000732421875 117.90799713134766 22.237998962402344 128.40199279785156 22.237998962402344 139.3470001220703 C22.237998962402344 141.7100067138672 24.705001831054688 143.23899841308594 26.824996948242188 142.1959991455078 L44.58100128173828 133.33599853515625 C46.31800079345703 132.4669952392578 47.88199996948242 134.75999450683594 46.457000732421875 136.08099365234375 L2.5370025634765625 175.5540008544922 C0.9380035400390625 177.01300048828125 0.0 179.09800720214844 0.0 181.28700256347656 C0.0 185.5260009765625 3.44000244140625 188.96600341796875 7.6790008544921875 188.96600341796875 L67.89600372314453 188.96600341796875 C81.37799835205078 188.96600341796875 94.2699966430664 183.61500549316406 103.82499694824219 174.093994140625 C114.45800018310547 163.46200561523438 119.77400207519531 148.69400024414062 118.52300262451172 133.85699462890625 Z""></path></svg>"
ee182160475a006959dad8bb4d6d6fbd,"<svg xmlns=""http://www.w3.org/2000/svg"" viewBox=""0.0 0.0 200.0 200.0"" height=""200.0px"" width=""200.0px""><path fill=""#4A82FF"" fill-opacity=""1.0""  filling=""0"" d=""M191.8359375 187.4609375 L9.3359375 187.4609375 C4.51171875 187.4609375 0.5859375 183.53515625 0.5859375 178.7109375 L0.5859375 28.88671875 C0.5859375 24.0625 4.51171875 20.13671875 9.3359375 20.13671875 L191.8359375 20.13671875 C196.66015625 20.13671875 200.5859375 24.0625 200.5859375 28.88671875 L200.5859375 178.7109375 C200.5859375 183.53515625 196.66015625 187.4609375 191.8359375 187.4609375 Z M9.3359375 25.9765625 C7.734375 25.9765625 6.42578125 27.28515625 6.42578125 28.88671875 L6.42578125 178.7109375 C6.42578125 180.3125 7.734375 181.62109375 9.3359375 181.62109375 L191.8359375 181.62109375 C193.4375 181.62109375 194.74609375 180.3125 194.74609375 178.7109375 L194.74609375 28.88671875 C194.74609375 27.28515625 193.4375 25.9765625 191.8359375 25.9765625 L9.3359375 25.9765625 Z""></path>
<path fill=""#4A82FF"" fill-opacity=""1.0""  filling=""0"" d=""M1.34765625 42.65625 L195.83984375 42.65625 L195.83984375 48.496089935302734 L1.34765625 48.496089935302734 L1.34765625 42.65625 Z M19.90234375 34.0625 C19.90234375 36.2109375 18.1640625 37.949214935302734 16.015625 37.949214935302734 C13.8671875 37.949214935302734 12.12890625 36.2109375 12.12890625 34.0625 C12.12890625 31.9140625 13.8671875 30.17578125 16.015625 30.17578125 C18.1640625 30.17578125 19.90234375 31.9140625 19.90234375 34.0625 Z M32.4609375 34.0625 C32.4609375 36.2109375 30.72265625 37.949214935302734 28.57421875 37.949214935302734 C26.42578125 37.949214935302734 24.6875 36.2109375 24.6875 34.0625 C24.6875 31.9140625 26.42578125 30.17578125 28.57421875 30.17578125 C30.72265625 30.17578125 32.4609375 31.9140625 32.4609375 34.0625 Z M45.4296875 34.0625 C45.4296875 36.2109375 43.691410064697266 37.949214935302734 41.542972564697266 37.949214935302734 C39.394535064697266 37.949214935302734 37.656246185302734 36.2109375 37.656246185302734 34.0625 C37.656246185302734 31.9140625 39.394535064697266 30.17578125 41.542972564697266 30.17578125 C43.671875 30.17578125 45.4296875 31.9140625 45.4296875 34.0625 Z""></path></svg>"
bf5e875f-ff60-41ae-83f4-fa434d44eac8,"<svg height=""128"" viewBox=""0 -6.05 116 116"" width=""128"" xmlns=""http://www.w3.org/2000/svg""><path d=""m177.39 213.66c-2.92.03-3.77-2.01-5.25-3.42a56.53 56.53 0 0 1 -3.88-4.8c-2.93-1.79-5.21-4.22-8.91-5.25-.27.04-.41-.05-.46-.23a106.93 106.93 0 0 0 -17.81.23c-3.54.31-7.43.27-11.32.23-2.26-.02-4.52-.05-6.71 0a66.91 66.91 0 0 1 -7.31-1.14c-.56-.5-1.63-.51-2.28-.91a10.02 10.02 0 0 0 -2.06-.91c-1.19-.87-2.67-1.44-3.65-2.51a45.68 45.68 0 0 1 -6.62-5.48 76.04 76.04 0 0 1 -6.17-5.94c-.73.2-.47-.59-.91-.69-.47-.07-.45-.62-.91-.69a3.24 3.24 0 0 0 -1.37-1.6 16.42 16.42 0 0 1 -2.06-3.88c-.05-5.3 2.29-8.21 3.65-12.1.89-1.78 1.31-4.02 2.28-5.71-.09-1.38.72-1.87.91-2.97a10.26 10.26 0 0 0 .91-1.14c.54-.07.86-.36 1.6-.23.04-.27.42-.19.69-.23 3.54-.16 3.85 3.24 6.17 4.57 1.76 1.74 3.47 3.53 5.25 5.25 2.07 1.13 3.89 2.51 5.94 3.65a21.5 21.5 0 0 1 3.42 1.37c.54 1.06 2.03 1.17 2.97 1.83.32-.02.65-.04.69.23a77.22 77.22 0 0 0 15.53 1.6c4.02-.4 7.12-1.71 11.42-1.83a63.79 63.79 0 0 1 12.33-.91c.28.48 1.38.15 1.6.69a3.75 3.75 0 0 1 1.6.46c.92.46 1.83.91 2.74 1.37 1.63 1.11 3.56 1.92 4.79 3.42 1.08.37 1.59 1.31 2.28 2.06.87.5 1.27 1.47 2.29 1.83.01.67.7.67.91 1.14.53.15.61.76 1.14.91.49.88 1.42 1.32 2.06 2.06 2.31 1.34 4.15 3.16 6.62 4.34 2.2 1.45 4.55 2.76 5.25 5.71a4.53 4.53 0 0 1 -1.6 3.2c-.22 1.3-1.81 1.23-2.28 2.28a27.61 27.61 0 0 0 -4.34 4.79c-1.64 1.48-1.98 4.26-3.88 5.48-.33 1.2-1.54 1.51-2.06 2.51a4.23 4.23 0 0 1 -3.11 1.37zm-27.4-23.06a30.74 30.74 0 0 1 6.17 1.14c1.46.98 3.95.92 5.25 2.06a13.68 13.68 0 0 1 4.79 2.28c.96.26 1.48.96 2.28 1.37.66.56 1.62.81 2.06 1.6a26.17 26.17 0 0 1 4.11 3.2c1.59.85 2.4 2.47 4.11 3.2.37-1.23 1.67-1.53 2.28-2.51-.26-1.04-1.21-1.38-1.83-2.06-.78-.59-1.51-1.24-2.28-1.83-1.21-1.38-2.51-2.66-3.65-4.11-1.73-1.01-2.87-2.61-4.8-3.42-1.55-1.19-3.49-1.99-5.02-3.2a85.02 85.02 0 0 0 -10.73-2.97 58.88 58.88 0 0 0 -8.12.18 46.57 46.57 0 0 1 -9.23.04 76.01 76.01 0 0 1 -15.76-2.28c-2.25-.72-4.54-1.4-6.62-2.28-.94-.59-2.35-.7-2.97-1.6-1.26-.26-1.83-1.21-2.97-1.6a50.26 50.26 0 0 1 -10.05-8.21c-.02-.02-.07-.01-.12 0s-.09.02-.11 0c-.57.96-.79 2.25-1.37 3.2.38 1.21 1.42 1.78 2.06 2.74.94.74 1.45 1.9 2.51 2.51.24.6.91.77 1.14 1.37.64.19.63 1.05 1.37 1.14a16.36 16.36 0 0 0 2.51 2.51 100.38 100.38 0 0 0 10.96 5.71c3.73 1.83 7.54 3.57 13.47 3.2a19.68 19.68 0 0 1 6.39-1.6c1.68.04 3.42.02 5.16 0 1.02-.01 2.05-.02 3.06-.02a55.22 55.22 0 0 1 5.95.24zm15.3-7.08a52.12 52.12 0 0 0 5.71 3.2c.68.85 1.96 1.08 2.51 2.05 1.19.34 1.63 1.41 2.74 1.83a55.55 55.55 0 0 0 4.11 4.34c.77.6 1.45 1.29 2.28 1.83.18.51.8.57 1.14.91a.84.84 0 0 0 1.37.46c1.51-1.46-.24-3.68-1.37-4.57-.92-1.59-2.23-2.8-3.2-4.34a98.3 98.3 0 0 1 -8.68-8.68c-1.57-1.01-2.95-2.23-4.57-3.2a23.81 23.81 0 0 0 -5.48-2.28c-7.96-.12-14.41 1.26-21.01 2.51-8.19-.03-15.97-.46-21.46-3.2a85.27 85.27 0 0 1 -8.22-4.11c-1.27-.78-2.59-1.52-3.88-2.28-.41-.57-1.33-.65-1.6-1.37-.98-.09-1.12-1.01-2.06-1.14-.84-1.06-1.88-1.93-2.74-2.97a9.1 9.1 0 0 0 -2.28 3.42c.57.5 1.43.7 1.6 1.6.78.29.87 1.27 1.83 1.37.8 1.33 2.4 1.87 3.43 2.97 1.53.61 2.63 1.63 4.11 2.28a40.51 40.51 0 0 0 4.11 2.28 66.65 66.65 0 0 0 15.53 3.65c1.89.23 3.92.57 5.94.68a74.41 74.41 0 0 0 9.03-.25 73.54 73.54 0 0 1 9.92-.21 1.94 1.94 0 0 0 1.37.23c3.33.96 6.59 1.95 9.81 3zm-30.85-15.07a13.01 13.01 0 0 1 -1.58 0c-.02-.32-.4-.27-.77-.23a1.6 1.6 0 0 1 -.6 0c.02-.31-.31-.27-.64-.23a1.22 1.22 0 0 1 -.51 0c-.06-.47-1-.06-1.14-.46a.6.6 0 0 1 -.51-.13.62.62 0 0 0 -.64-.1c-.3-.46-1.01-.51-1.6-.69a46.97 46.97 0 0 1 -4.11-2.97c-1.09-1.19-2.16-2.41-3.2-3.65a31.08 31.08 0 0 1 -4.11-9.59 15.02 15.02 0 0 1 .23-5.71 6.22 6.22 0 0 1 .91-2.51c.46-.68.71-1.58 1.37-2.06.24-.9 1.13-1.15 1.14-2.28.69-.38.37-1.77.91-2.28a22.17 22.17 0 0 0 -1.83-7.76 18.16 18.16 0 0 1 -1.37-3.43 13.95 13.95 0 0 1 -.46-4.11c-.03-.41.28-.48.23-.91a7.98 7.98 0 0 1 2.51-4.8c.18-1.04 1.23-1.2 1.6-2.05.86-.36 1.35-1.08 2.28-1.37a8.96 8.96 0 0 1 4.8-1.14c.27.04.41-.05.46-.23 7.04-.12 10.39 3.46 16.21 4.57h3.68c4.22-.65 7.71-2.03 12.33-2.28.06-.32.49-.28.91-.23a2.04 2.04 0 0 0 .69 0 1.16 1.16 0 0 0 .74-.13 1.17 1.17 0 0 1 .86-.1c.34-.01.69 0 1.04 0a6.23 6.23 0 0 0 2.38-.23h7.31c8.91.75 16.32 3.02 22.15 6.85 4.28 3.18 7.74 7.17 9.36 13.01a45.44 45.44 0 0 1 .23 6.62 24.89 24.89 0 0 1 -1.6 5.48c-.76 1.6-1.07 3.65-2.06 5.02-.03.81-.84.83-.69 1.83a80.02 80.02 0 0 1 -7.08 7.99c-1.55.58-2.46 1.8-4.11 2.28a11.89 11.89 0 0 1 -4.34 1.83 19.64 19.64 0 0 1 -5.94.23 40.8 40.8 0 0 1 -7.08-1.83c-2.5-.39-3.94-1.85-6.85-1.83a8.54 8.54 0 0 0 -4.57 1.6 4.61 4.61 0 0 1 -2.28.91c-.96.03-1.09.89-2.06.91-1.13.93-2.86 1.25-3.88 2.28a9.83 9.83 0 0 1 -2.06.91 8.14 8.14 0 0 1 -1.83 1.14c-2.71.64-5.36 1.34-8.22 1.83h-2.25a2.54 2.54 0 0 1 -.78 0c-.47-.05-.95-.09-1.05.23a5.71 5.71 0 0 0 -2.53-.2zm.48-10.05c.84.08 1.05.78 1.37 1.37.06 1.56-1.49 2.56-1.14 3.65 5.93.22 10.3-1.12 14.61-2.51 2-.89 4.1-1.69 6.17-2.51a43.51 43.51 0 0 1 5.48-3.2c.87-.28 1.8-.49 2.74-.69a7.76 7.76 0 0 1 1.01 0 2.87 2.87 0 0 0 1.73-.23c.02.32.4.27.78.23a1.6 1.6 0 0 1 .6 0c.06.32.49.28.91.23a2.03 2.03 0 0 1 .69 0 8.4 8.4 0 0 0 3.2.46 59.7 59.7 0 0 0 6.17 1.14h5.94a31.22 31.22 0 0 0 6.39-3.66 45.45 45.45 0 0 0 4.57-5.71c1.71-1.71 2.57-4.29 3.88-6.39a18.62 18.62 0 0 1 .91-4.11v-3.2a15.71 15.71 0 0 1 -.69-2.97 30.62 30.62 0 0 0 -4.11-5.94c-1.46-.9-2.5-2.22-4.11-2.97-1.36-1.07-3.24-1.63-4.8-2.51a55.52 55.52 0 0 0 -5.71-1.6 49.2 49.2 0 0 0 -6.16-1.14 16.85 16.85 0 0 1 -3.65-.23h-4.8c-3.49.39-7.31.45-10.5 1.14a34.38 34.38 0 0 0 -11.19 1.14c-2.67-.07-4.65-.83-7.31-.91a32.7 32.7 0 0 0 -7.08-2.74c-5.72-.54-8.84 1.51-10.27 5.25-.23 3.5 1.59 4.96 2.06 7.76a4.96 4.96 0 0 1 1.6 2.51c.71 1.58.39 4.18.46 6.4-.27.04-.25.36-.23.69-1.57 3.98-5.3 5.81-5.25 11.42 1.11-.26 1.13-1.61 1.83-2.28a4.06 4.06 0 0 1 2.51-1.83c2.13 1.27-.11 3.89-.46 5.48a15.67 15.67 0 0 0 -1.37 2.51c-.58.6-.72 2.44.23 2.74a30.1 30.1 0 0 1 2.51-4.34c1.01-1.12 1.91-3.32 3.88-2.74a3.42 3.42 0 0 1 -.23 2.97c-.68.62-.77 1.82-1.37 2.51a15.73 15.73 0 0 1 -1.37 2.51c-.13 1.17-1.06 1.53-1.14 2.74.78.29.87 1.27 1.83 1.37a12.27 12.27 0 0 0 1.37-2.28c.93-.29.9-1.54 2.06-1.6 1.55 1.81-.38 3.76-.69 5.71a7.57 7.57 0 0 0 3.2.91 10.48 10.48 0 0 1 .91-2.74c.74-.53.71-1.83 1.98-1.83zm9.59-11.64a2.19 2.19 0 0 1 3.43-2.06c.68 1.66-.05 3.5-1.6 3.65a2.3 2.3 0 0 1 -1.83-1.59zm18.95-1.14c.02-.31-.31-.27-.64-.23a1.25 1.25 0 0 1 -.5 0 9.59 9.59 0 0 0 -2.51-.91 25.27 25.27 0 0 1 -3.42-2.51c-.96-1.02-1.65-2.31-2.51-3.42-.27-1.56-.93-2.73-.91-4.57a6.36 6.36 0 0 1 2.28-4.11c.45-1.6 1.7-2.41 2.51-3.65a30.39 30.39 0 0 1 5.24-3.43 26.96 26.96 0 0 1 3.2-1.14c.59-.18.84 0 1.6-.23a.49.49 0 0 0 .23-.23 2.77 2.77 0 0 1 .69.01 1.25 1.25 0 0 0 1.14-.24c9.4-.57 15.65 2.01 18.5 7.99a11.35 11.35 0 0 1 .46 4.34 8.83 8.83 0 0 1 -2.06 4.34 32.91 32.91 0 0 1 -2.74 3.65c-4.27 1.82-8.46 3.72-13.93 4.34zm5.71-20.09c-.9.1-2.08.65-2.74.69-1.31.07-2.63 1-3.65 1.37a11.68 11.68 0 0 0 -.23 6.62c.03.09.39.16.23.46 2.95 3.52 9.27 3.67 15.53 3.88 2.57-1.47 5.38-2.69 6.17-5.94v-1.83c-.63-2.01-2.56-3.4-4.8-4.34a19.22 19.22 0 0 0 -7.03-1.11 30.8 30.8 0 0 0 -3.48.2zm-36.99 17.12a1.15 1.15 0 0 0 -.68-.68c-.03-1.29-.1-2.65.68-3.2.66-.46 1.33-.06 2.28.46.53 1.27.19 3.09-.91 3.42zm8.91-5.02a6.08 6.08 0 0 1 1.83-4.11 1.81 1.81 0 0 1 2.74.68c-.09 2.26-.73 3.99-2.28 4.8a2.69 2.69 0 0 1 -.27.02c-1.15 0-1.48-.81-2.03-1.39z"" transform=""translate(-89.708 -109.772)""/></svg>"
22d7d3facdcbf22bb0dbf76407b98b4b,"<svg xmlns=""http://www.w3.org/2000/svg"" viewBox=""0.0 0.0 200.0 200.0"" height=""200.0px"" width=""200.0px""><path fill=""#E5226B"" fill-opacity=""1.0""  filling=""0"" d=""M120.31999969482422 32.97200012207031 L120.31999969482422 84.02200317382812 L82.44100189208984 84.02200317382812 L82.44100189208984 12.180000305175781""></path>
<path fill=""#0092D2"" fill-opacity=""1.0""  filling=""0"" d=""M64.31999969482422 83.91200256347656 L135.67999267578125 83.91200256347656 L135.67999267578125 195.33399963378906 L64.31999969482422 195.33399963378906 L64.31999969482422 83.91200256347656 Z""></path>
<path fill=""#0085BF"" fill-opacity=""1.0""  filling=""0"" d=""M120.31999969482422 83.91200256347656 L100.16100311279297 83.91200256347656 L100.16100311279297 195.33399963378906 L135.67999267578125 195.33399963378906 L135.67999267578125 83.91200256347656 L120.31999969482422 83.91200256347656 Z""></path>
<path fill=""#C9005B"" fill-opacity=""1.0""  filling=""0"" d=""M100.16100311279297 84.02200317382812 L120.31999969482422 84.02200317382812 L120.31999969482422 32.97200012207031 L100.16100311279297 21.908004760742188 L100.16100311279297 84.02200317382812 Z""></path>
<path fill=""#E8557C"" fill-opacity=""1.0""  filling=""0"" d=""M118.56900024414062 38.236000061035156 C114.20500183105469 43.007999420166016 102.98400115966797 39.867000579833984 93.48799896240234 31.191001892089844 C84.00900268554688 22.550003051757812 79.8280029296875 11.657997131347656 84.19200134277344 6.890998840332031 C88.5270004272461 2.1190032958984375 99.75800323486328 5.272003173828125 109.24400329589844 13.930000305175781 C118.75199890136719 22.595001220703125 122.91400146484375 33.48699951171875 118.56900024414062 38.236000061035156 Z""></path></svg>"
db82e3784a60c9c9f3db667cf53a7855,"<svg xmlns=""http://www.w3.org/2000/svg"" viewBox=""0.0 0.0 200.0 200.0"" height=""200.0px"" width=""200.0px""><path fill="""" fill-opacity=""1.0""  filling=""0"" d=""M25.0 200.0 L0.0 200.0 L0.0 0.0 L200.0 0.0 L200.0 200.0 L25.0 200.0 Z M175.0 25.0 L25.0 25.0 L25.0 175.0 L175.0 175.0 L175.0 25.0 Z M87.5 37.5 A49.625 49.625 0.0 0 1 130.375 112.75000762939453 L148.5 130.76251220703125 A23.637500762939453 23.637500762939453 0.0 0 1 150.0 128.8625030517578 L150.0 132.32501220703125 L158.875 141.16250610351562 L141.125 158.83749389648438 L132.375 150.0 L128.875 150.0 C129.5 149.53750610351562 130.125 148.92498779296875 130.75 148.4375 L112.75000762939453 130.4250030517578 A49.32500076293945 49.32500076293945 0.0 0 1 87.5 137.5 A50.0 50.0 0.0 0 1 87.5 37.5 Z M87.5 112.5 A25.0 25.0 0.0 1 0 62.5 87.5 A25.0 25.0 0.0 0 0 87.5 112.5 Z""></path></svg>"
b81e1ec1740a7b11cd4821adf6dbe19b,"<svg xmlns=""http://www.w3.org/2000/svg"" viewBox=""0.0 0.0 200.0 200.0"" height=""200.0px"" width=""200.0px""><path fill="""" fill-opacity=""1.0""  filling=""0"" d=""M72.9166030883789 41.666603088378906 A6.25 6.25 0.0 0 0 72.9166030883789 54.166603088378906 L127.0833969116211 54.166603088378906 A6.25 6.25 0.0 0 0 127.0833969116211 41.666603088378906 L72.9166030883789 41.666603088378906 Z M72.9166030883789 75.0 A6.25 6.25 0.0 0 0 72.9166030883789 87.5 L127.0833969116211 87.5 A6.25 6.25 0.0 0 0 127.0833969116211 75.0 L72.9166030883789 75.0 Z M66.6666030883789 114.5833969116211 A6.25 6.25 0.0 0 1 72.9166030883789 108.3333969116211 L127.0833969116211 108.3333969116211 A6.25 6.25 0.0 0 1 127.0833969116211 120.8333969116211 L72.9166030883789 120.8333969116211 A6.25 6.25 0.0 0 1 66.6666030883789 114.5833969116211 Z M72.9166030883789 141.66659545898438 A6.25 6.25 0.0 0 0 72.9166030883789 154.16659545898438 L127.0833969116211 154.16659545898438 A6.25 6.25 0.0 0 0 127.0833969116211 141.66659545898438 L72.9166030883789 141.66659545898438 Z""></path></svg>"
cb8f6e2a3e24a2e03181ab6fd360e0c1,"<svg xmlns=""http://www.w3.org/2000/svg"" viewBox=""0.0 0.0 200.0 200.0"" height=""200.0px"" width=""200.0px""><path fill="""" fill-opacity=""1.0""  filling=""0"" d=""M120.0 56.66659927368164 L80.0 56.66659927368164 C78.6666030883789 56.66659927368164 77.3333969116211 56.0 77.3333969116211 54.666603088378906 C77.3333969116211 53.333396911621094 76.66659545898438 52.0 77.3333969116211 51.333396911621094 L97.3333969116211 24.666603088378906 C98.6666030883789 22.666603088378906 101.33340454101562 22.666603088378906 102.6666030883789 24.666603088378906 L122.66659545898438 51.333396911621094 C123.3333969116211 52.666603088378906 123.3333969116211 54.000003814697266 122.66659545898438 54.666603088378906 C122.0 55.33340072631836 121.3333969116211 56.66659927368164 120.0 56.66659927368164 Z M86.6666030883789 50.0 L113.33340454101562 50.0 L100.0 32.0 L86.6666030883789 50.0 Z M100.0 176.66659545898438 C98.6666030883789 176.66659545898438 98.0 176.0 97.3333969116211 175.33338928222656 L77.3333969116211 148.66659545898438 C76.66659545898438 147.33340454101562 76.66659545898438 146.0 77.3333969116211 145.33340454101562 C78.0 144.66659545898438 79.33340454101562 143.33340454101562 80.0 143.33340454101562 L120.0 143.33340454101562 C121.3333969116211 143.33340454101562 122.66659545898438 144.0 122.66659545898438 145.33340454101562 C122.66659545898438 146.66659545898438 123.3333969116211 148.0 122.66659545898438 148.66659545898438 L102.6666030883789 175.33338928222656 C102.0 176.0 101.33340454101562 176.66659545898438 100.0 176.66659545898438 Z M86.6666030883789 150.0 L100.0 168.0 L113.33340454101562 150.0 L86.6666030883789 150.0 Z M146.66659545898438 123.3333969116211 C146.0 123.3333969116211 145.33340454101562 123.3333969116211 145.33340454101562 122.66659545898438 C144.0 122.0 143.33340454101562 120.66659545898438 143.33340454101562 120.0 L143.33340454101562 80.0 C143.33340454101562 78.6666030883789 144.0 77.3333969116211 145.33340454101562 77.3333969116211 C146.66659545898438 76.66659545898438 148.0 76.66659545898438 148.66659545898438 77.3333969116211 L175.33338928222656 97.3333969116211 C176.0 98.0 176.66659545898438 98.6666030883789 176.66659545898438 100.0 C176.66659545898438 101.33340454101562 176.0 102.0 175.33338928222656 102.6666030883789 L148.66659545898438 122.66659545898438 C148.0 123.3333969116211 147.33340454101562 123.3333969116211 146.66659545898438 123.3333969116211 Z M150.0 86.6666030883789 L150.0 113.33340454101562 L168.0 100.0 L150.0 86.6666030883789 Z M53.333396911621094 123.3333969116211 C52.666603088378906 123.3333969116211 52.0 123.3333969116211 51.333396911621094 122.66659545898438 L24.666603088378906 102.6666030883789 C24.0 102.0 23.333396911621094 101.33340454101562 23.333396911621094 100.0 C23.333396911621094 98.6666030883789 24.0 98.0 24.666603088378906 97.3333969116211 L51.333396911621094 77.3333969116211 C52.666603088378906 76.66659545898438 54.000003814697266 76.66659545898438 54.666603088378906 77.3333969116211 C56.0 78.0 56.66659927368164 79.33340454101562 56.66659927368164 80.0 L56.66659927368164 120.0 C56.66659927368164 121.3333969116211 56.0 122.66659545898438 54.666603088378906 122.66659545898438 C54.666603088378906 123.3333969116211 54.000003814697266 123.3333969116211 53.333396911621094 123.3333969116211 Z M32.0 100.0 L50.0 113.33340454101562 L50.0 86.6666030883789 L32.0 100.0 Z M100.0 116.6666030883789 C90.6666030883789 116.6666030883789 83.3333969116211 109.3333969116211 83.3333969116211 100.0 C83.3333969116211 90.6666030883789 90.6666030883789 83.3333969116211 100.0 83.3333969116211 C109.3333969116211 83.3333969116211 116.6666030883789 90.6666030883789 116.6666030883789 100.0 C116.6666030883789 109.3333969116211 109.3333969116211 116.6666030883789 100.0 116.6666030883789 Z M100.0 90.0 C94.6666030883789 90.0 90.0 94.6666030883789 90.0 100.0 C90.0 105.3333969116211 94.6666030883789 110.0 100.0 110.0 C105.3333969116211 110.0 110.0 105.3333969116211 110.0 100.0 C110.0 94.6666030883789 105.3333969116211 90.0 100.0 90.0 Z""></path>
<path fill="""" fill-opacity=""1.0""  filling=""0"" d=""M100.0 196.66659545898438 C46.66659927368164 196.66659545898438 3.3333969116210938 153.33340454101562 3.3333969116210938 100.0 C3.3333969116210938 46.66659927368164 46.66659927368164 3.3333969116210938 100.0 3.3333969116210938 C153.33340454101562 3.3333969116210938 196.66659545898438 46.66659927368164 196.66659545898438 100.0 C196.66659545898438 153.33340454101562 153.33340454101562 196.66659545898438 100.0 196.66659545898438 Z M100.0 10.0 C50.66659927368164 10.0 10.0 50.66659927368164 10.0 100.0 C10.0 149.33338928222656 50.66659927368164 190.0 100.0 190.0 C149.33338928222656 190.0 190.0 149.33338928222656 190.0 100.0 C190.0 50.66659927368164 149.33338928222656 10.0 100.0 10.0 Z""></path></svg>"
a1822f1e1e899bcaf1e5e3cecb02d7ca,"<svg xmlns=""http://www.w3.org/2000/svg"" viewBox=""0.0 0.0 200.0 200.0"" height=""200.0px"" width=""200.0px""><path fill=""#7B83EB"" fill-opacity=""1.0""  filling=""0"" d=""M183.33299255371094 162.5 L16.66699981689453 162.5 C12.083000183105469 162.5 8.333000183105469 158.75 8.333000183105469 154.16700744628906 L8.333000183105469 37.5 C8.333000183105469 32.91699981689453 12.083000183105469 29.16699981689453 16.66699981689453 29.16699981689453 L183.33299255371094 29.16699981689453 C187.91700744628906 29.16699981689453 191.66700744628906 32.91699981689453 191.66700744628906 37.5 L191.66700744628906 154.16700744628906 C191.66700744628906 158.75 187.91700744628906 162.5 183.33299255371094 162.5 Z""></path>
<path fill=""#FFFFFF"" fill-opacity=""1.0""  filling=""0"" d=""M79.16699981689453 70.83300018310547 A20.83300018310547 20.83300018310547 0.0 1 0 120.83300018310547 70.83300018310547 A20.83300018310547 20.83300018310547 0.0 1 0 79.16699981689453 70.83300018310547 Z""></path>
<path fill=""#4B53BC"" fill-opacity=""1.0""  filling=""0"" d=""M25.0 133.33299255371094 L50.0 133.33299255371094 L50.0 150.0 L25.0 150.0 L25.0 133.33299255371094 Z M66.66699981689453 133.33299255371094 L91.66699981689453 133.33299255371094 L91.66699981689453 150.0 L66.66699981689453 150.0 L66.66699981689453 133.33299255371094 Z M108.33300018310547 133.33299255371094 L133.33299255371094 133.33299255371094 L133.33299255371094 150.0 L108.33300018310547 150.0 L108.33300018310547 133.33299255371094 Z M150.0 133.33299255371094 L175.0 133.33299255371094 L175.0 150.0 L150.0 150.0 L150.0 133.33299255371094 Z""></path>
<path fill=""#5059C9"" fill-opacity=""1.0""  filling=""0"" d=""M47.91699981689453 170.83299255371094 L147.91700744628906 170.83299255371094 L147.91700744628906 179.16700744628906 L47.91699981689453 179.16700744628906 L47.91699981689453 170.83299255371094 Z""></path>
<path fill=""#FFFFFF"" fill-opacity=""1.0""  filling=""0"" d=""M137.5 116.66699981689453 C136.66700744628906 112.5 134.16700744628906 108.75 130.0 106.25 C123.75 103.75 113.75 100.0 100.0 100.0 C86.25 100.0 75.83300018310547 103.75 70.41699981689453 106.25 C66.25 108.33300018310547 63.33300018310547 112.5 62.91699981689453 116.66699981689453 L137.5 116.66699981689453 Z""></path></svg>"
7f1a8304ece0d81fe025c385076708c3,"<svg xmlns=""http://www.w3.org/2000/svg"" viewBox=""0.0 0.0 200.0 200.0"" height=""200.0px"" width=""200.0px""><path fill=""#333333"" fill-opacity=""1.0""  filling=""0"" d=""M160.0 46.875 L50.0 46.875 L48.4379997253418 37.5 C46.875 28.438003540039062 39.0620002746582 21.875 30.0 21.875 L18.75 21.875 C15.311996459960938 21.875 12.5 24.688003540039062 12.5 28.125 C12.5 31.561996459960938 15.311996459960938 34.375 18.75 34.375 L30.0 34.375 C33.125 34.375 35.625 36.5629997253418 36.25 39.6879997253418 L50.9370002746582 124.06199645996094 L50.9370002746582 124.68800354003906 C52.1879997253418 130.31199645996094 57.1870002746582 134.375 63.125 134.375 L149.06199645996094 134.375 C155.0 134.375 160.31199645996094 130.0 161.25 124.06199645996094 L172.5 61.5629997253418 C172.5 60.9379997253418 172.81199645996094 60.0 172.81199645996094 59.375 C172.5 52.5 166.875 46.875 160.0 46.875 Z M149.06199645996094 121.875 L63.125 121.875 L52.5 59.375 L160.31199645996094 59.375 L149.06199645996094 121.875 Z M59.375 140.625 C49.0629997253418 140.625 40.625 149.06199645996094 40.625 159.375 C40.625 169.68800354003906 49.0629997253418 178.125 59.375 178.125 C69.68800354003906 178.125 78.125 169.68800354003906 78.125 159.375 C78.125 149.06199645996094 69.68800354003906 140.625 59.375 140.625 Z M59.375 165.625 C55.9379997253418 165.625 53.125 162.81199645996094 53.125 159.375 C53.125 155.93800354003906 55.9379997253418 153.125 59.375 153.125 C62.8120002746582 153.125 65.625 155.93800354003906 65.625 159.375 C65.625 162.81199645996094 62.8120002746582 165.625 59.375 165.625 Z M150.0 140.625 C139.68800354003906 140.625 131.25 149.06199645996094 131.25 159.375 C131.25 169.68800354003906 139.68800354003906 178.125 150.0 178.125 C160.31199645996094 178.125 168.75 169.68800354003906 168.75 159.375 C168.75 149.06199645996094 160.31199645996094 140.625 150.0 140.625 Z M150.0 165.625 C146.56199645996094 165.625 143.75 162.81199645996094 143.75 159.375 C143.75 155.93800354003906 146.56199645996094 153.125 150.0 153.125 C153.43800354003906 153.125 156.25 155.93800354003906 156.25 159.375 C156.25 162.81199645996094 153.43800354003906 165.625 150.0 165.625 Z""></path></svg>"
8abac35e-2595-4967-9767-75547161362f,"<svg xmlns=""http://www.w3.org/2000/svg"" viewBox=""0.0 0.0 200.0 200.0"" height=""200.0px"" width=""200.0px""><path fill=""#27D0D8"" fill-opacity=""1.0""  filling=""0"" d=""M190.76171875 71.1328125 C184.0234375 64.39453125 178.0078125 58.28125 172.36328125 52.5390625 C154.453125 34.3359375 140.3125 19.9609375 118.92578125 1.71875 L116.9140625 0.0 L42.8515625 0.0 C22.5 0.0 7.1484375 14.3359375 7.1484375 33.33984375 L7.1484375 161.9140625 C7.1484375 182.20703125 23.84765625 200.0 42.87109375 200.0 L157.1484375 200.0 C176.171875 200.0 192.87109375 182.20703125 192.87109375 161.9140625 L192.87109375 73.2421875 L190.76171875 71.1328125 Z M162.1875 62.578125 C166.42578125 66.875 170.859375 71.38671875 175.625 76.19140625 L140.46875 76.19140625 C128.0078125 76.19140625 116.66015625 65.9765625 116.66015625 54.765625 L116.66015625 18.65234375 C133.84765625 33.76953125 146.5625 46.69921875 162.1875 62.578125 Z M157.1484375 185.72265625 L42.8515625 185.72265625 C31.640625 185.72265625 21.42578125 174.375 21.42578125 161.9140625 L21.42578125 33.33984375 C21.42578125 22.12890625 30.234375 14.296875 42.8515625 14.296875 L102.3828125 14.296875 L102.3828125 54.765625 C102.3828125 73.7890625 120.17578125 90.48828125 140.46875 90.48828125 L178.5546875 90.48828125 L178.5546875 161.9140625 C178.57421875 174.375 168.359375 185.72265625 157.1484375 185.72265625 Z""></path></svg>"
9b9d1f2e-4e3e-401d-ab83-e99ec38e9e10,"<svg height=""128"" viewBox=""0 0 300 300"" width=""128"" xmlns=""http://www.w3.org/2000/svg""><g style=""fill-rule:evenodd;clip-rule:evenodd;stroke:#000000;stroke-width:8;stroke-linecap:round;stroke-linejoin:round;stroke-miterlimit:10""><path d=""m112 84h156l-31.11 40h-124.89z"" fill=""#2a8ee6""/><path d=""m100 56h147.99c13.26 0 24.01 10.77 24.01 24v24h-172z"" fill=""#26bbec""/><path d=""m36 100h84.37s39.63 21.25 39.63 84-51.68 84-51.68 84h-72.32z"" fill=""#ffdd95""/><path d=""m36 160h36.28c17.71 0 29.97 14.12 27.37 31.6l-11.38 76.4h-52.27z"" fill=""#ed5481""/><circle cx=""92"" cy=""96"" fill=""#fbad4a"" r=""56""/><circle cx=""100"" cy=""76"" fill=""#ffffff"" r=""12""/></g></svg>"
f2d07302e18ae7d9776178dffceb271f,"<svg xmlns=""http://www.w3.org/2000/svg"" viewBox=""0.0 0.0 200.0 200.0"" height=""200.0px"" width=""200.0px""><path fill="""" fill-opacity=""1.0""  filling=""0"" d=""M100.0 1.0427703857421875 L103.28008270263672 3.7572250366210938 C156.33145141601562 47.94276809692383 182.8572235107422 85.037109375 182.8572235107422 115.0400390625 C182.8572235107422 160.9599609375 145.7599639892578 198.1857452392578 100.0 198.1857452392578 C54.24004364013672 198.1857452392578 17.142776489257812 160.9599609375 17.142776489257812 115.0400390625 C17.142776489257812 84.42578125 44.76288986206055 46.42851257324219 100.0 1.0427703857421875 Z M100.0 12.1884765625 L99.0999984741211 12.948631286621094 C49.942771911621094 54.462890625 25.714256286621094 88.85722351074219 25.714256286621094 115.0400390625 C25.714256286621094 156.234375 58.98007583618164 189.6142578125 100.0 189.6142578125 C141.01991271972656 189.6142578125 174.28573608398438 156.234375 174.28573608398438 115.0400390625 C174.28573608398438 89.1371078491211 150.5714874267578 55.19999694824219 102.47714233398438 14.285743713378906 L100.0 12.1884765625 Z""></path></svg>"
db82a4a661507741ca0f6da7bdaee1c6,"<svg height=""128"" preserveAspectRatio=""xMidYMid meet"" viewBox=""0 0 64 64"" width=""128"" xmlns=""http://www.w3.org/2000/svg""><g fill=""#c94747""><path d=""m2 32c0 13.1 8.4 24.2 20 28.3v-56.6c-11.6 4.1-20 15.2-20 28.3z""/><path d=""m62 32c0-13.1-8.3-24.2-20-28.3v56.6c11.7-4.1 20-15.2 20-28.3""/></g><path d=""m22 60.3c3.1 1.1 6.5 1.7 10 1.7s6.9-.6 10-1.7v-56.6c-3.1-1.1-6.5-1.7-10-1.7s-6.9.6-10 1.7z"" fill=""#2872a0""/><circle cx=""13"" cy=""24"" fill=""#f9cf02"" r=""3.5"" stroke-width=""5""/><circle cx=""13"" cy=""22"" fill=""#c94747"" r=""4"" stroke-width=""5""/><g fill=""#f9cf02"" transform=""scale(5)""><circle cx=""2.6"" cy=""4.6"" r="".5""/><path d=""m2.3 3.6c0 .2.1.3.3.3s.4-.1.4-.3c0-.1-.1-.1-.1-.2v-.2.3s0 .1-.1.1-.1 0-.1-.1.1-.1.1-.2 0-.1-.1-.2c0-.1-.1-.1-.1-.2-.1 0 0 .2 0 .2s-.1.1-.1.2v.2s0 .1-.1.1-.1 0-.1-.1v-.1c0-.1-.1-.1 0-.2-.1.1 0 .1 0 .2z""/><path d=""m1.2 5.6v3.1h.6v-3.1zm2.2 0v3.1h.7v-3.1zm-1.4.5v.3h1.3v-.3zm0 1.8v.3h1.3v-.3zm0-2.3h1.3l-.7.4zm0 2.7h1.3l-.7.4z""/></g><circle cx=""13.2"" cy=""35.8"" fill=""#f9cf02"" r=""3.4""/><g fill=""#c94747""><path d=""m13.2 39.5c-2 0-3.6-1.6-3.6-3.6s1.6-3.6 3.6-3.6 3.6 1.6 3.6 3.6-1.6 3.6-3.6 3.6m0-6.9c-1.8 0-3.3 1.5-3.3 3.3s1.5 3.3 3.3 3.3 3.3-1.5 3.3-3.3-1.5-3.3-3.3-3.3""/><path d=""m13.2 39.5c-1.1 0-1.9-.9-1.9-1.9s.9-1.9 1.9-1.9c.8 0 1.5-.7 1.5-1.5s-.7-1.5-1.5-1.5v-.4c1.1 0 1.9.9 1.9 1.9 0 1.1-.9 1.9-1.9 1.9-.8 0-1.5.7-1.5 1.5s.7 1.5 1.5 1.5z""/><circle cx=""13.2"" cy=""34.1"" r="".7""/><circle cx=""13.2"" cy=""37.5"" r="".6""/></g></svg>"
0d31244c36f30e28fe93b814641bc343,"<svg xmlns=""http://www.w3.org/2000/svg"" viewBox=""0.0 0.0 200.0 200.0"" height=""200.0px"" width=""200.0px""><path fill=""#333333"" fill-opacity=""1.0""  filling=""0"" d=""M177.32400512695312 166.13299560546875 L157.38299560546875 166.13299560546875 C154.4340057373047 166.13299560546875 152.031005859375 163.72999572753906 152.031005859375 160.76199340820312 L152.031005859375 109.88300323486328 L47.96900177001953 109.88300323486328 L47.96900177001953 160.781005859375 C47.96900177001953 163.72999572753906 45.58599853515625 166.13299560546875 42.617000579833984 166.15199279785156 L22.676002502441406 166.15199279785156 C19.72699737548828 166.13299560546875 17.323997497558594 163.72999572753906 17.34400177001953 160.781005859375 L17.34400177001953 85.19499969482422 L5.332000732421875 85.19499969482422 C2.3830032348632812 85.1760025024414 0.0 82.77300262451172 0.0 79.8239974975586 L0.0 39.21900177001953 C0.0 36.27000045776367 2.3830032348632812 33.86700439453125 5.332000732421875 33.847999572753906 L194.6479949951172 33.847999572753906 C196.07400512695312 33.847999572753906 197.4219970703125 34.41400146484375 198.41799926757812 35.43000030517578 C199.41400146484375 36.44499969482422 199.97999572753906 37.8120002746582 199.97999572753906 39.21900177001953 L199.97999572753906 79.80500030517578 C199.97999572753906 82.75399780273438 197.59800720214844 85.15599822998047 194.6479949951172 85.1760025024414 L182.63699340820312 85.1760025024414 L182.63699340820312 160.76199340820312 C182.656005859375 163.72999572753906 180.2729949951172 166.13299560546875 177.32400512695312 166.13299560546875 Z M162.71499633789062 85.19499969482422 L162.71499633789062 155.41000366210938 L171.97300720214844 155.41000366210938 L171.97300720214844 85.19499969482422 L162.71499633789062 85.19499969482422 Z M28.027000427246094 85.19499969482422 L28.027000427246094 155.41000366210938 L37.28499984741211 155.41000366210938 L37.28499984741211 85.19499969482422 L28.027000427246094 85.19499969482422 Z M47.96900177001953 85.19499969482422 L47.96900177001953 99.14099884033203 L152.031005859375 99.14099884033203 L152.031005859375 85.19499969482422 L47.96900177001953 85.19499969482422 Z M10.683998107910156 64.88300323486328 L10.683998107910156 74.43399810791016 L189.33599853515625 74.43399810791016 L189.33599853515625 44.59000015258789 L10.683998107910156 44.59000015258789 L10.683998107910156 54.14099884033203 L149.90199279785156 54.14099884033203 C152.87100219726562 54.14099884033203 155.2729949951172 56.542999267578125 155.2729949951172 59.512001037597656 C155.2729949951172 62.47999954223633 152.87100219726562 64.88300323486328 149.90199279785156 64.88300323486328 L10.683998107910156 64.88300323486328 Z M165.91799926757812 64.88300323486328 C165.5659942626953 64.88300323486328 165.21499633789062 64.84400177001953 164.86300659179688 64.78500366210938 C164.51199340820312 64.70700073242188 164.17999267578125 64.60900115966797 163.86700439453125 64.4729995727539 C163.55499267578125 64.33599853515625 163.24200439453125 64.18000030517578 162.94900512695312 63.98400115966797 C162.656005859375 63.78900146484375 162.38299560546875 63.57400131225586 162.12899780273438 63.31999969482422 C161.875 63.066001892089844 161.66000366210938 62.792999267578125 161.46499633789062 62.5 C161.27000427246094 62.207000732421875 161.11300659179688 61.89500045776367 160.9770050048828 61.5629997253418 C160.83999633789062 61.22999954223633 160.74200439453125 60.89799880981445 160.66400146484375 60.566001892089844 C160.52699279785156 59.882999420166016 160.52699279785156 59.15999984741211 160.66400146484375 58.47700119018555 C160.74200439453125 58.125 160.83999633789062 57.792999267578125 160.9770050048828 57.46099853515625 C161.11300659179688 57.12900161743164 161.27000427246094 56.83599853515625 161.46499633789062 56.542999267578125 C161.66000366210938 56.25 161.875 55.97700119018555 162.12899780273438 55.742000579833984 C162.38299560546875 55.487998962402344 162.656005859375 55.27299880981445 162.94900512695312 55.077999114990234 C163.24200439453125 54.882999420166016 163.55499267578125 54.72700119018555 163.86700439453125 54.59000015258789 C164.19900512695312 54.452999114990234 164.531005859375 54.35499954223633 164.86300659179688 54.277000427246094 C165.19500732421875 54.21900177001953 165.5469970703125 54.18000030517578 165.87899780273438 54.18000030517578 C167.30499267578125 54.18000030517578 168.6719970703125 54.74599838256836 169.66799926757812 55.762001037597656 C169.9219970703125 56.01599884033203 170.13699340820312 56.28900146484375 170.33200073242188 56.582000732421875 C170.52699279785156 56.875 170.6840057373047 57.1870002746582 170.82000732421875 57.5 C170.95700073242188 57.832000732421875 171.05499267578125 58.16400146484375 171.13299560546875 58.51599884033203 C171.27000427246094 59.19900131225586 171.27000427246094 59.922000885009766 171.13299560546875 60.60499954223633 C171.05499267578125 60.957000732421875 170.95700073242188 61.28900146484375 170.82000732421875 61.60200119018555 C170.6840057373047 61.933998107910156 170.52699279785156 62.24599838256836 170.33200073242188 62.53900146484375 C170.13699340820312 62.832000732421875 169.9219970703125 63.10499954223633 169.66799926757812 63.35900115966797 C169.41400146484375 63.612998962402344 169.14100646972656 63.827999114990234 168.84800720214844 64.02300262451172 C168.55499267578125 64.21900177001953 168.24200439453125 64.375 167.92999267578125 64.51200103759766 C167.61700439453125 64.64800262451172 167.26600646972656 64.74600219726562 166.9340057373047 64.8239974975586 C166.6020050048828 64.86299896240234 166.27000427246094 64.9020004272461 165.91799926757812 64.88300323486328 Z""></path></svg>"
32c32e232654d64a03ef21e65f62578f,"<svg xmlns=""http://www.w3.org/2000/svg"" viewBox=""0.0 0.0 200.0 200.0"" height=""200.0px"" width=""200.0px""><path fill=""#272636"" fill-opacity=""1.0""  filling=""0"" d=""M134.0709991455078 199.98899841308594 L65.92900085449219 199.98899841308594 C62.152000427246094 199.98899841308594 59.09299850463867 196.96200561523438 59.09299850463867 193.17100524902344 C59.09299850463867 189.4080047607422 62.10200119018555 186.35299682617188 65.92900085449219 186.35299682617188 L95.45500183105469 186.35299682617188 L95.45500183105469 168.17300415039062 C65.33399963378906 168.17300415039062 40.9119987487793 143.75100708007812 40.9119987487793 113.62999725341797 C40.9119987487793 113.62999725341797 40.9119987487793 105.39900207519531 40.9119987487793 100.01300048828125 C40.9119987487793 98.80400085449219 41.39400100708008 97.63999938964844 42.249000549316406 96.78600311279297 C43.10300064086914 95.93099975585938 44.266998291015625 95.4489974975586 45.47600173950195 95.4489974975586 L45.47999954223633 95.4489974975586 C47.97999954223633 95.4489974975586 50.00299835205078 97.47200012207031 50.00299835205078 99.97200012207031 C50.00299835205078 105.35800170898438 50.00299835205078 113.62999725341797 50.00299835205078 113.62999725341797 C50.00299835205078 138.73300170898438 70.35199737548828 159.08200073242188 95.45500183105469 159.08200073242188 L104.54499816894531 159.08200073242188 C129.6479949951172 159.08200073242188 149.9969940185547 138.73300170898438 149.9969940185547 113.62999725341797 C149.9969940185547 113.62999725341797 149.9969940185547 105.34400177001953 149.9969940185547 99.96299743652344 C149.9969940185547 97.46700286865234 152.01499938964844 95.4489974975586 154.51100158691406 95.4489974975586 C154.552001953125 95.4489974975586 154.5919952392578 95.4489974975586 154.63299560546875 95.4489974975586 C155.81500244140625 95.4489974975586 156.94700622558594 95.91699981689453 157.7830047607422 96.75399780273438 C158.6199951171875 97.58999633789062 159.08799743652344 98.72200012207031 159.08799743652344 99.90399932861328 C159.08799743652344 105.28500366210938 159.08799743652344 113.62999725341797 159.08799743652344 113.62999725341797 C159.08799743652344 143.75100708007812 134.66600036621094 168.17300415039062 104.54499816894531 168.17300415039062 L104.54499816894531 186.35299682617188 L134.0709991455078 186.35299682617188 C137.84800720214844 186.35299682617188 140.90699768066406 189.3800048828125 140.90699768066406 193.17100524902344 C140.90699768066406 196.93499755859375 137.8979949951172 199.98899841308594 134.0709991455078 199.98899841308594 Z M140.90699768066406 68.1780014038086 L140.90699768066406 109.08899688720703 C140.90699768066406 131.6790008544922 122.5989990234375 149.99200439453125 100.0 149.99200439453125 C77.40599822998047 149.99200439453125 59.09299850463867 131.72000122070312 59.09299850463867 109.08899688720703 L59.09299850463867 68.1780014038086 L140.90699768066406 68.1780014038086 Z M124.04399871826172 95.4489974975586 C126.5989990234375 95.4489974975586 128.63499450683594 93.41300201416016 128.63499450683594 90.90399932861328 C128.63499450683594 88.37699890136719 126.58000183105469 86.35900115966797 124.04399871826172 86.35900115966797 L75.95600128173828 86.35900115966797 C73.4010009765625 86.35900115966797 71.36499786376953 88.3949966430664 71.36499786376953 90.90399932861328 C71.36499786376953 93.43099975585938 73.41999816894531 95.4489974975586 75.95600128173828 95.4489974975586 L124.04399871826172 95.4489974975586 Z M140.90699768066406 59.0880012512207 L140.90699768066406 45.446998596191406 C140.90699768066406 22.817001342773438 122.59400177001953 4.5449981689453125 100.0 4.5449981689453125 C77.4010009765625 4.5449981689453125 59.09299850463867 22.858001708984375 59.09299850463867 45.446998596191406 L59.09299850463867 59.0880012512207 L140.90699768066406 59.0880012512207 Z""></path></svg>"
thesantatitan_deepseek-svg-dataset_0004060,"<svg width=""64"" height=""64"" viewBox=""0 0 64 64"" fill=""none"" xmlns=""http://www.w3.org/2000/svg"">
<path d=""M32 0C14.33 0 0 14.33 0 32C0 49.67 14.33 64 32 64C49.67 64 64 49.67 64 32C64 14.33 49.67 0 32 0ZM28 36C28 36 28 28 36 28C36 28 36 36 32 36C32 36 28 36 28 36Z"" fill=""black""/>
</svg>"
thesantatitan_deepseek-svg-dataset_0000687,"<svg width=""400"" height=""400"" viewBox=""0 0 400 400"" xmlns=""http://www.w3.org/2000/svg"">
  <title>Bicycle</title>
  <desc>A simple vector illustration of a bicycle with a yellow seat on a black background</desc>
  <rect width=""400"" height=""400"" fill=""#000""/>
  <!-- Bike Frame -->
  <path d=""M180 100 L220 100 L265 140 L240 180 L240 280 L220 320 L180 320 L160 280 L160 240 L140 200 L180 100"" fill=""#333"" stroke=""#333"" stroke-width=""2""/>
  <!-- Handlebar -->
  <path d=""M180 100 C180 80 200 50 220 70"" stroke=""#666"" stroke-width=""4"" fill=""none""/>
  <!-- Seat -->
  <path d=""M240 200 L260 200 L265 180 L260 160 L240 160 L235 180 L240 200"" fill=""#FFD700"" stroke=""#666"" stroke-width=""2""/>
  <!-- Wheel (Left) -->
  <path d=""M100 260 C140 260 140 300 100 300 C60 300 60 260 100 260 Z"" fill=""#333""/>
  <!-- Pedal -->
  <circle cx=""100"" cy=""260"" r=""8"" fill=""#666"" />
  <circle cx=""120"" cy=""260"" r=""8"" fill=""#666"" />
  <line x1=""100"" y1=""260"" x2=""120"" y2=""260"" stroke=""#666"" stroke-width=""2""/>
  <!-- Chain -->
  <path d=""M140 200 C160 220 160 260 180 280"" stroke=""#333"" stroke-width=""4"" fill=""none""/>
  <!-- Chainring -->
  <path d=""M180 250 C180 270 160 270 160 250 L160 250 L180 250"" stroke=""#333"" stroke-width=""2"" fill=""none""/>
  <!-- Seat Stay -->
  <path d=""M240 180 L265 40"" stroke=""#333"" stroke-width=""2""/>
  <!-- Front Fork -->
  <path d=""M220 70 L60 140"" stroke=""#333"" stroke-width=""4""/>
  <!-- Brake -->
  <path d=""M60 140 L80 140"" stroke=""#333"" stroke-width=""2""/>
</svg>"
76cd9ce8bd8c824e3ef75f4d114114d1,"<svg xmlns=""http://www.w3.org/2000/svg"" viewBox=""0.0 0.0 200.0 200.0"" height=""200.0px"" width=""200.0px""><path fill=""#5D5D5D"" fill-opacity=""1.0""  filling=""0"" d=""M184.3489990234375 162.68499755859375 C184.3489990234375 172.29299926757812 176.5590057373047 180.08700561523438 166.94700622558594 180.08700561523438 L32.08300018310547 180.08700561523438 C22.47100067138672 180.08700561523438 14.680999755859375 172.29299926757812 14.680999755859375 162.68499755859375 L14.680999755859375 35.06700134277344 C14.680999755859375 25.458999633789062 22.47100067138672 17.665000915527344 32.08300018310547 17.665000915527344 L166.9459991455078 17.665000915527344 C176.55799865722656 17.665000915527344 184.34800720214844 25.45800018310547 184.34800720214844 35.06700134277344 L184.34800720214844 162.68499755859375 L184.3489990234375 162.68499755859375 Z""></path>
<path fill=""#FFFFFF"" fill-opacity=""1.0""  filling=""0"" d=""M158.92599487304688 79.96499633789062 L147.83200073242188 79.96499633789062 C146.0919952392578 79.96499633789062 144.4340057373047 80.37999725341797 142.6929931640625 81.7020034790039 C141.36700439453125 80.8759994506836 139.3000030517578 79.96499633789062 137.55999755859375 79.96499633789062 L133.6649932861328 79.96499633789062 L133.6649932861328 74.00399780273438 C133.6649932861328 69.28299713134766 129.7689971923828 64.9729995727539 124.63800048828125 64.9729995727539 L104.59200286865234 64.9729995727539 L104.59200286865234 55.94599914550781 L126.04499816894531 55.94599914550781 C128.61399841308594 55.94599914550781 130.35499572753906 54.20600128173828 130.35499572753906 51.63999938964844 C130.35499572753906 49.06999969482422 128.61500549316406 47.33700180053711 126.04499816894531 47.33700180053711 L74.62200164794922 47.33700180053711 C72.0530014038086 47.33700180053711 70.31199645996094 49.06999969482422 70.31199645996094 51.63999938964844 C70.31199645996094 54.20600128173828 72.052001953125 55.94599914550781 74.62200164794922 55.94599914550781 L96.06800079345703 55.94599914550781 L96.06800079345703 65.38800048828125 L75.85900115966797 65.38800048828125 C72.46700286865234 65.38800048828125 69.4010009765625 67.53900146484375 67.74299621582031 70.52300262451172 L64.35099792480469 76.48400115966797 L57.05699920654297 76.48400115966797 C51.93199920654297 76.48400115966797 48.029998779296875 80.37899780273438 48.029998779296875 85.51100158691406 L48.029998779296875 99.66999816894531 L39.41699981689453 99.66999816894531 L39.41699981689453 84.18699645996094 C39.41699981689453 81.62100219726562 37.676998138427734 79.88099670410156 35.11399841308594 79.88099670410156 C32.54499816894531 79.88099670410156 30.886001586914062 81.62100219726562 30.886001586914062 84.18699645996094 L30.886001586914062 127.00499725341797 C30.886001586914062 129.57000732421875 32.625999450683594 131.31500244140625 35.19599914550781 131.31500244140625 C37.75899887084961 131.31500244140625 39.50600051879883 129.5709991455078 39.50600051879883 127.00499725341797 L39.50600051879883 108.61699676513672 L48.029998779296875 108.61699676513672 L48.029998779296875 126.17500305175781 C48.029998779296875 130.89999389648438 51.93199920654297 135.20599365234375 57.05699920654297 135.20599365234375 L64.75900268554688 135.20599365234375 L77.5999984741211 148.03900146484375 C79.33999633789062 149.7830047607422 81.49500274658203 150.60499572753906 84.06400299072266 150.60499572753906 L137.56100463867188 150.60499572753906 C139.30099487304688 150.60499572753906 140.9600067138672 150.19400024414062 142.69400024414062 148.8719940185547 C144.0189971923828 149.7010040283203 146.0919952392578 150.60499572753906 147.83299255371094 150.60499572753906 L158.927001953125 150.60499572753906 C163.6510009765625 150.60499572753906 167.95399475097656 146.7169952392578 167.95399475097656 141.5780029296875 L167.95399475097656 88.90799713134766 C167.9530029296875 84.18699645996094 164.05799865722656 79.96499633789062 158.92599487304688 79.96499633789062 Z M159.4219970703125 141.16400146484375 C159.4219970703125 141.5780029296875 159.4219970703125 141.5780029296875 159.4219970703125 141.16400146484375 L147.83200073242188 141.5780029296875 C147.83200073242188 141.5780029296875 147.41700744628906 141.5780029296875 147.41700744628906 141.16400146484375 L147.41700744628906 134.70599365234375 C147.41700744628906 132.13699340820312 145.677001953125 130.3990020751953 143.10699462890625 130.3990020751953 L142.2779998779297 130.3990020751953 C139.71499633789062 130.3990020751953 137.97500610351562 132.13600158691406 137.97500610351562 134.70599365234375 L137.97500610351562 141.16400146484375 C137.97500610351562 141.16400146484375 137.97500610351562 141.5780029296875 137.55999755859375 141.5780029296875 L83.55999755859375 141.5780029296875 L69.4010009765625 127.00499725341797 C68.57099914550781 126.17500305175781 67.66100311279297 125.67900085449219 66.41699981689453 125.67900085449219 L56.974998474121094 125.67900085449219 C56.560001373291016 125.67900085449219 56.560001373291016 125.67900085449219 56.560001373291016 125.26499938964844 L56.560001373291016 85.0979995727539 C56.560001373291016 85.0979995727539 56.560001373291016 84.68299865722656 56.974998474121094 84.68299865722656 L66.83100128173828 84.68299865722656 C68.57099914550781 84.68299865722656 69.81500244140625 83.85700225830078 70.72599792480469 82.53199768066406 L75.44400024414062 74.00499725341797 L75.85900115966797 73.58699798583984 L124.72599792480469 73.58699798583984 L125.13400268554688 74.00499725341797 L125.13400268554688 84.26899719238281 C125.13400268554688 86.83899688720703 126.8740005493164 88.5790023803711 129.44400024414062 88.5790023803711 L137.55999755859375 88.5790023803711 C137.55999755859375 88.5790023803711 137.97500610351562 88.5790023803711 137.97500610351562 88.99400329589844 L137.97500610351562 95.4520034790039 C137.97500610351562 98.02100372314453 139.71499633789062 99.76200103759766 142.2779998779297 99.76200103759766 L143.10699462890625 99.76200103759766 C145.67599487304688 99.76200103759766 147.41700744628906 98.02200317382812 147.41700744628906 95.4520034790039 L147.41700744628906 88.99400329589844 C147.41700744628906 88.99400329589844 147.41700744628906 88.5790023803711 147.83200073242188 88.5790023803711 L158.92599487304688 88.5790023803711 C158.92599487304688 88.5790023803711 159.33999633789062 88.5790023803711 159.33999633789062 88.99400329589844 C159.4219970703125 88.90799713134766 159.4219970703125 141.16400146484375 159.4219970703125 141.16400146484375 Z""></path></svg>"
dd6c00e847681e312f0bddc999e60693,"<svg xmlns=""http://www.w3.org/2000/svg"" viewBox=""0.0 0.0 200.0 200.0"" height=""200.0px"" width=""200.0px""><path fill=""#E1E3E4"" fill-opacity=""1.0""  filling=""0"" d=""M97.4800033569336 159.12100219726562 L58.222999572753906 159.12100219726562 C51.757999420166016 159.12100219726562 46.52299880981445 155.156005859375 46.52299880981445 150.2729949951172 L46.52299880981445 50.39099884033203 C46.52299880981445 45.507999420166016 51.757999420166016 41.542999267578125 58.222999572753906 41.542999267578125 L97.4800033569336 41.542999267578125 C103.94499969482422 41.542999267578125 109.18000030517578 45.507999420166016 109.18000030517578 50.39099884033203 L109.18000030517578 150.2729949951172 C109.16000366210938 155.156005859375 103.9260025024414 159.12100219726562 97.4800033569336 159.12100219726562 Z""></path>
<path fill=""#424B54"" fill-opacity=""1.0""  filling=""0"" d=""M152.031005859375 117.9489974975586 L149.90199279785156 117.9489974975586 L155.0780029296875 90.7229995727539 C155.0780029296875 80.11699676513672 146.44500732421875 71.48400115966797 135.83999633789062 71.48400115966797 C125.23400115966797 71.48400115966797 116.60199737548828 80.11699676513672 116.60199737548828 90.7229995727539 C116.60199737548828 90.99600219726562 116.64099884033203 91.28900146484375 116.6989974975586 91.54299926757812 L123.0469970703125 117.9489974975586 L119.64800262451172 117.9489974975586 C111.91400146484375 117.9489974975586 105.6449966430664 124.23799896240234 105.6449966430664 131.9530029296875 C105.6449966430664 139.66799926757812 111.93399810791016 145.95700073242188 119.64800262451172 145.95700073242188 L152.05099487304688 145.95700073242188 C159.78500366210938 145.95700073242188 166.05499267578125 139.66799926757812 166.05499267578125 131.9530029296875 C166.05499267578125 124.23799896240234 159.74600219726562 117.9489974975586 152.031005859375 117.9489974975586 Z M123.69100189208984 90.33200073242188 C123.90599822998047 83.8280029296875 129.25799560546875 78.59400177001953 135.82000732421875 78.59400177001953 C142.52000427246094 78.59400177001953 147.94900512695312 84.04299926757812 148.00799560546875 90.05899810791016 L142.63699340820312 117.9489974975586 L130.31199645996094 117.9489974975586 L123.69100189208984 90.33200073242188 Z M152.031005859375 138.86700439453125 L119.62899780273438 138.86700439453125 C115.81999969482422 138.86700439453125 112.73400115966797 135.781005859375 112.73400115966797 131.97300720214844 C112.73400115966797 128.16400146484375 115.83999633789062 125.0780029296875 119.62899780273438 125.0780029296875 L127.26599884033203 125.0780029296875 C127.36299896240234 125.0780029296875 127.46099853515625 125.11699676513672 127.55899810791016 125.11699676513672 C127.69499969482422 125.11699676513672 127.83200073242188 125.0780029296875 127.96900177001953 125.0780029296875 L152.031005859375 125.0780029296875 C155.83999633789062 125.0780029296875 158.92599487304688 128.1840057373047 158.92599487304688 131.97300720214844 C158.92599487304688 135.76199340820312 155.82000732421875 138.86700439453125 152.031005859375 138.86700439453125 Z M107.28500366210938 72.4020004272461 C107.28500366210938 70.56600189208984 106.38700103759766 69.06199645996094 105.29299926757812 69.06199645996094 L66.91400146484375 69.06199645996094 C65.81999969482422 69.06199645996094 64.9219970703125 70.5469970703125 64.9219970703125 72.4020004272461 L64.9219970703125 72.85199737548828 C64.9219970703125 74.68800354003906 65.81999969482422 76.19100189208984 66.91400146484375 76.19100189208984 L105.31199645996094 76.19100189208984 C106.40599822998047 76.19100189208984 107.30500030517578 74.70700073242188 107.30500030517578 72.85199737548828 L107.30500030517578 72.4020004272461 L107.28500366210938 72.4020004272461 Z M107.28500366210938 100.48799896240234 L107.28500366210938 100.03900146484375 C107.28500366210938 98.2030029296875 106.38700103759766 96.6989974975586 105.29299926757812 96.6989974975586 L66.91400146484375 96.6989974975586 C65.81999969482422 96.6989974975586 64.9219970703125 98.18399810791016 64.9219970703125 100.03900146484375 L64.9219970703125 100.48799896240234 C64.9219970703125 102.3239974975586 65.81999969482422 103.8280029296875 66.91400146484375 103.8280029296875 L105.31199645996094 103.8280029296875 C106.40599822998047 103.80899810791016 107.28500366210938 102.3239974975586 107.28500366210938 100.48799896240234 Z M67.38300323486328 124.33599853515625 C66.03500366210938 124.33599853515625 64.9219970703125 125.81999969482422 64.9219970703125 127.6760025024414 L64.9219970703125 128.125 C64.9219970703125 129.96099853515625 66.01599884033203 131.46499633789062 67.38300323486328 131.46499633789062 L90.50800323486328 131.46499633789062 C91.8550033569336 131.46499633789062 92.96900177001953 129.97999572753906 92.96900177001953 128.125 L92.96900177001953 127.6760025024414 C92.96900177001953 125.83999633789062 91.875 124.33599853515625 90.50800323486328 124.33599853515625 L67.38300323486328 124.33599853515625 Z""></path>
<path fill=""#424B54"" fill-opacity=""1.0""  filling=""0"" d=""M113.41799926757812 155.5659942626953 L53.262001037597656 155.5659942626953 C51.50400161743164 155.5659942626953 50.097999572753906 153.96499633789062 50.097999572753906 152.01199340820312 L50.097999572753906 48.47700119018555 C50.097999572753906 46.52299880981445 51.52299880981445 44.922000885009766 53.262001037597656 44.922000885009766 L136.89500427246094 44.922000885009766 C138.65199279785156 44.922000885009766 140.0590057373047 46.52299880981445 140.0590057373047 48.47700119018555 L140.0590057373047 58.691001892089844 C140.0590057373047 60.66400146484375 141.64100646972656 62.24599838256836 143.61300659179688 62.24599838256836 C145.58599853515625 62.24599838256836 147.16799926757812 60.66400146484375 147.16799926757812 58.691001892089844 L147.16799926757812 48.47700119018555 C147.16799926757812 42.597999572753906 142.5590057373047 37.8120002746582 136.89500427246094 37.8120002746582 L53.262001037597656 37.8120002746582 C47.597999572753906 37.8120002746582 42.987998962402344 42.597999572753906 42.987998962402344 48.47700119018555 L42.987998962402344 152.01199340820312 C42.987998962402344 157.89100646972656 47.597999572753906 162.67599487304688 53.262001037597656 162.67599487304688 L113.41799926757812 162.67599487304688 C115.39099884033203 162.67599487304688 116.9729995727539 161.093994140625 116.9729995727539 159.12100219726562 C116.9729995727539 157.1479949951172 115.39099884033203 155.5659942626953 113.41799926757812 155.5659942626953 Z""></path></svg>"
02b8f76167c80dec8201c5cb4f15d3c3,"<svg fill=""none"" height=""128"" viewBox=""0 0 128 128"" width=""128"" xmlns=""http://www.w3.org/2000/svg"" xmlns:xlink=""http://www.w3.org/1999/xlink""><clipPath id=""a""><path d=""m0 0h128v128h-128z""/></clipPath><g clip-path=""url(#a)"" stroke=""#000000"" stroke-linejoin=""round""><path d=""m85.33 37.33c11.74 0 21.34 9.55 21.34 21.34v48h-96v-48c0-11.79 9.54-21.34 21.33-21.34z""/><path d=""m106.67 85.33v21.34h-96v-21.34z""/><path d=""m106.67 74.67h10.66""/><path d=""m101.33 106.67v10.66""/><path d=""m16 117.33v-10.66""/><path d=""m41.33 37.33v-10.66h-1.33c-4.43 0-8-3.63-8-8 0-4.43 3.57-8 8-8h5.33 26.67 5.33c4.38 0 8 3.57 8 8 0 4.37-3.62 8-8 8h-1.33v10.66z""/></g></svg>"
5b2c72f60d01bb99ae45460a3539acd3,"<svg xmlns=""http://www.w3.org/2000/svg"" viewBox=""0.0 0.0 200.0 200.0"" height=""200.0px"" width=""200.0px""><path fill=""#231F20"" fill-opacity=""1.0""  filling=""0"" d=""M196.80799865722656 163.27200317382812 L63.604000091552734 163.27200317382812 C62.93899917602539 163.27200317382812 61.60599899291992 162.60499572753906 60.939998626708984 162.60499572753906 L0.9990005493164062 102.66400146484375 C-0.33300018310546875 101.33200073242188 -0.33300018310546875 99.33399963378906 0.9990005493164062 98.00199890136719 L60.939998626708984 38.060001373291016 C61.60599899291992 37.39500045776367 62.27299880981445 37.39500045776367 63.604000091552734 37.39500045776367 L196.80799865722656 37.39500045776367 C198.80599975585938 36.72800064086914 200.13800048828125 38.060001373291016 200.13800048828125 40.058998107910156 L200.13800048828125 159.9409942626953 C200.13800048828125 161.94000244140625 198.80599975585938 163.27200317382812 196.80799865722656 163.27200317382812 Z M64.93699645996094 156.61099243164062 L193.47799682617188 156.61099243164062 L193.47799682617188 43.388999938964844 L64.93699645996094 43.388999938964844 L8.324996948242188 100.0 L64.93699645996094 156.61099243164062 Z""></path></svg>"
4d728b8028bde2a072dcf55f9830f137,"<svg xmlns=""http://www.w3.org/2000/svg"" viewBox=""0.0 0.0 200.0 200.0"" height=""200.0px"" width=""200.0px""><path fill="""" fill-opacity=""1.0""  filling=""0"" d=""M78.53900146484375 86.39299774169922 L62.819000244140625 140.78500366210938 L56.53099822998047 140.78500366210938 L40.81100082397461 86.39299774169922 L48.356998443603516 86.39299774169922 L59.361000061035156 127.58100128173828 L59.98899841308594 127.58100128173828 L70.99299621582031 86.39299774169922 L78.53900146484375 86.39299774169922 Z M103.69100189208984 140.156005859375 L96.45999908447266 140.156005859375 L96.45999908447266 86.39299774169922 L103.69100189208984 86.39299774169922 L103.69100189208984 140.156005859375 Z M157.7689971923828 102.74299621582031 C157.7689971923828 107.77300262451172 156.302001953125 111.75499725341797 153.3679962158203 114.68900299072266 C150.4149932861328 117.625 146.32899475097656 119.09200286865234 141.10499572753906 119.09200286865234 L131.98800659179688 119.09200286865234 L131.98800659179688 140.156005859375 L124.75499725341797 140.156005859375 L124.75499725341797 86.39299774169922 L141.10499572753906 86.39299774169922 C146.32899475097656 86.39299774169922 150.4149932861328 87.86000061035156 153.3679962158203 90.7959976196289 C156.302001953125 93.7300033569336 157.7689971923828 97.71199798583984 157.7689971923828 102.74299621582031 Z M150.53799438476562 102.74299621582031 C150.53799438476562 98.76000213623047 149.59500122070312 96.03600311279297 147.70899963378906 94.56800079345703 C145.8209991455078 93.10199737548828 142.99099731445312 92.36699676513672 139.218994140625 92.36699676513672 L131.98699951171875 92.36699676513672 L131.98699951171875 113.11799621582031 L139.218994140625 113.11799621582031 C142.99099731445312 113.11799621582031 145.82000732421875 112.38400268554688 147.70899963378906 110.91699981689453 C149.59500122070312 109.4489974975586 150.53799438476562 106.7249984741211 150.53799438476562 102.74299621582031 L150.53799438476562 102.74299621582031 Z M186.9029998779297 157.81100463867188 C186.9029998779297 164.4340057373047 181.5330047607422 169.802001953125 174.91099548339844 169.802001953125 L23.423995971679688 169.802001953125 C16.800003051757812 169.802001953125 11.430999755859375 164.4340057373047 11.430999755859375 157.81100463867188 L11.430999755859375 42.18899917602539 C11.430999755859375 35.566001892089844 16.800003051757812 30.197998046875 23.423995971679688 30.197998046875 L174.91099548339844 30.197998046875 C181.5330047607422 30.197998046875 186.9029998779297 35.566001892089844 186.9029998779297 42.18899917602539 L186.9029998779297 157.81100463867188 Z M177.28700256347656 66.73799896240234 L20.248001098632812 66.73799896240234 L20.248001098632812 154.22500610351562 C20.248001098632812 157.6790008544922 23.048004150390625 160.48199462890625 26.50499725341797 160.48199462890625 L171.02999877929688 160.48199462890625 C174.48599243164062 160.48199462890625 177.28700256347656 157.6790008544922 177.28700256347656 154.22500610351562 L177.28700256347656 66.73799896240234 L177.28700256347656 66.73799896240234 Z M177.28700256347656 56.40700149536133 L177.28700256347656 46.375 C177.28700256347656 42.91999816894531 174.48500061035156 40.11899948120117 171.02999877929688 40.11899948120117 L26.50499725341797 40.11899948120117 C23.048004150390625 40.11899948120117 20.248001098632812 42.91999816894531 20.248001098632812 46.375 L20.248001098632812 56.40700149536133 L177.28700256347656 56.40700149536133 Z""></path></svg>"
beec5bc1456e6f7d7521aa7c5dcaa469,"<svg xmlns=""http://www.w3.org/2000/svg"" viewBox=""0.0 0.0 200.0 200.0"" height=""200.0px"" width=""200.0px""><path fill=""#EF613A"" fill-opacity=""1.0""  filling=""0"" d=""M51.005859375 62.5625 C51.005859375 62.5625 -3.7941436767578125 65.28750610351562 19.343360900878906 8.974998474121094 C19.343360900878906 8.974998474121094 -27.244140625 54.287498474121094 24.180862426757812 96.45000457763672 M148.80584716796875 61.025001525878906 C148.80584716796875 61.025001525878906 203.5808563232422 63.73749923706055 180.443359375 7.4375 C180.443359375 7.4375 227.04336547851562 52.76250076293945 175.59335327148438 94.9124984741211""></path>
<path fill=""#F9785F"" fill-opacity=""1.0""  filling=""0"" d=""M186.54336547851562 141.8125 L15.293357849121094 141.8125 L15.293357849121094 131.5500030517578 C15.293357849121094 84.35000610351562 53.71835708618164 45.937503814697266 100.943359375 45.937503814697266 C148.130859375 45.937503814697266 186.54336547851562 84.35000610351562 186.54336547851562 131.5500030517578 L186.54336547851562 141.8125 Z M36.58086013793945 121.3125 L165.23086547851562 121.3125 A65.2249984741211 65.2249984741211 0.0 0 0 100.93085479736328 66.41250610351562 A65.26250457763672 65.26250457763672 0.0 0 0 36.58086013793945 121.3125 Z M15.380859375 148.5124969482422 L186.630859375 148.5124969482422 L186.630859375 169.0124969482422 L15.380859375 169.0124969482422 L15.380859375 148.5124969482422 Z""></path></svg>"
9cd0140cd4b2d2a32bf11812e2f7e238,"<svg xmlns=""http://www.w3.org/2000/svg"" viewBox=""0.0 0.0 200.0 200.0"" height=""200.0px"" width=""200.0px""><path fill="""" fill-opacity=""1.0""  filling=""0"" d=""M100.5 3.125 C47.375 3.125 4.125 43.75 4.125 93.75 C4.125 115.25 12.25 135.75 26.875 152.125 L16.375 184.375 C15.5 187.25 15.875 190.375 17.625 192.75 C19.375 195.125 22.125 196.625 25.125 196.625 C26.5 196.625 33.75 196.375 55.25 192.125 C69.125 189.375 78.75 185.125 83.375 182.75 C89.0 183.75 94.625 184.25 100.375 184.25 C153.5 184.25 196.75 143.625 196.75 93.625 C196.75 43.624996185302734 153.625 3.125 100.5 3.125 Z M65.125 102.625 C63.875 103.75 62.5 104.625 61.0 105.25 A12.4375 12.4375 0.0 0 1 47.375 102.625 C46.249996185302734 101.37499237060547 45.375 100.0 44.624996185302734 98.5 C44.0 97.0 43.75 95.375 43.75 93.75 C43.75 92.125 44.0 90.5 44.75 89.0 C45.375 87.5 46.249996185302734 86.125 47.375 84.875 C48.5 83.75 49.874996185302734 82.875 51.5 82.25 C56.124996185302734 80.25 61.624996185302734 81.375 65.125 84.875 C66.25 86.125 67.125 87.375 67.75 89.0 A12.4375 12.4375 0.0 0 1 65.125 102.625 Z M108.875 102.625 C107.62499237060547 103.75 106.25 104.625 104.75 105.25 A12.4375 12.4375 0.0 0 1 91.125 102.625 A12.375 12.375 0.0 0 1 87.5 93.75 C87.5 92.125 87.75 90.5 88.5 89.0 C89.125 87.5 90.0 86.125 91.125 84.875 C95.75 80.25 104.25 80.25 108.875 84.875 C110.0 86.125 110.875 87.5 111.5 89.0 A12.4375 12.4375 0.0 0 1 108.875 102.625 Z M152.625 102.625 C150.25 104.99999237060547 147.125 106.25 143.75 106.25 A12.375 12.375 0.0 0 1 132.25 89.0 C132.875 87.375 133.75 86.125 134.875 84.875 C139.5 80.25 147.875 80.25 152.625 84.875 C153.75 86.125 154.625 87.5 155.25 89.0 A12.4375 12.4375 0.0 0 1 152.625 102.625 Z""></path></svg>"
c2b6cc5e1354c632e1f672d7eb30bc2e,"<svg xmlns=""http://www.w3.org/2000/svg"" viewBox=""0.0 0.0 200.0 200.0"" height=""200.0px"" width=""200.0px""><path fill="""" fill-opacity=""1.0""  filling=""0"" d=""M100.0 65.4124984741211 C81.9625015258789 65.4124984741211 67.29159545898438 50.741600036621094 67.29159545898438 32.7041015625 C67.29159545898438 14.666603088378906 81.9625015258789 -0.0041046142578125 100.0 -0.0041046142578125 C118.03340148925781 -0.0041046142578125 132.70838928222656 14.666603088378906 132.70838928222656 32.7041015625 C132.70838928222656 50.741600036621094 118.03340148925781 65.4124984741211 100.0 65.4124984741211 Z M100.0 8.3291015625 C86.55839538574219 8.3291015625 75.625 19.2666015625 75.625 32.7041015625 C75.625 46.1416015625 86.5625 57.0791015625 100.0 57.0791015625 C113.4375 57.0791015625 124.375 46.1416015625 124.375 32.7041015625 C124.375 19.2666015625 113.44159698486328 8.3291015625 100.0 8.3291015625 Z M37.11249923706055 120.79999542236328 L30.25 116.0708999633789 C31.5 114.25410461425781 61.37909698486328 71.5166015625 100.0 71.5166015625 L100.0 79.8499984741211 C65.7125015258789 79.8499984741211 37.3916015625 120.39160919189453 37.11249923706055 120.79999542236328 Z M95.8333969116211 61.23750305175781 L104.1666030883789 61.23750305175781 L104.1666030883789 132.43341064453125 L95.8333969116211 132.43341064453125 L95.8333969116211 61.23750305175781 Z M80.96660614013672 199.42910766601562 C59.787498474121094 187.0749969482422 49.87089538574219 174.4709014892578 51.479103088378906 161.95840454101562 C54.4208984375 139.1083984375 94.3375015258789 127.32499694824219 98.87909698486328 126.0625 L101.12090301513672 134.08749389648438 C90.25410461425781 137.1291046142578 61.63750457763672 148.25839233398438 59.74160385131836 163.02499389648438 C58.62089920043945 171.7790985107422 67.41250610351562 181.875 85.1666030883789 192.23748779296875 L80.96660614013672 199.42910766601562 Z M162.8874969482422 120.79999542236328 C162.60411071777344 120.39160919189453 134.21661376953125 79.8499984741211 100.0 79.8499984741211 L100.0 71.5166015625 C138.62091064453125 71.5166015625 168.49160766601562 114.25410461425781 169.7458953857422 116.0708999633789 L162.8874969482422 120.79999542236328 Z M119.03339385986328 199.42910766601562 L114.83340454101562 192.2333984375 C132.59161376953125 181.875 141.3791046142578 171.77090454101562 140.2541046142578 163.0166015625 C138.35409545898438 148.22500610351562 109.74160766601562 137.11660766601562 98.87909698486328 134.08340454101562 L101.12090301513672 126.05839538574219 C105.6624984741211 127.32499694824219 145.5791015625 139.10409545898438 148.52090454101562 161.9541015625 C150.1291046142578 174.4709014892578 140.20840454101562 187.0749969482422 119.03339385986328 199.42910766601562 Z""></path></svg>"
3968b3d2665d692e689b25976462335b,"<svg xmlns=""http://www.w3.org/2000/svg"" viewBox=""0.0 0.0 200.0 200.0"" height=""200.0px"" width=""200.0px""><path fill="""" fill-opacity=""1.0""  filling=""0"" d=""M100.0 33.333396911621094 C118.41661071777344 33.333396911621094 133.33340454101562 48.249996185302734 133.33340454101562 66.6666030883789 C133.33340454101562 85.08340454101562 118.41661071777344 100.0 100.0 100.0 C81.5833969116211 100.0 66.6666030883789 85.08340454101562 66.6666030883789 66.6666030883789 C66.6666030883789 48.249996185302734 81.5833969116211 33.333396911621094 100.0 33.333396911621094 M100.0 116.6666030883789 C136.83338928222656 116.6666030883789 166.66659545898438 131.58338928222656 166.66659545898438 150.0 L166.66659545898438 166.66659545898438 L33.333396911621094 166.66659545898438 L33.333396911621094 150.0 C33.333396911621094 131.58338928222656 63.16659927368164 116.6666030883789 100.0 116.6666030883789 Z""></path></svg>"
12b37b7b73f422373d7548407bfcbe8f,"<svg height=""128"" viewBox=""0 0 24 24"" width=""128"" xmlns=""http://www.w3.org/2000/svg""><g fill=""none"" stroke=""#000000"" stroke-linecap=""round"" stroke-linejoin=""round"" stroke-width=""1.5""><path d=""m3 7h18""/><path d=""m3.81 7v2a6 6 0 0 0 6 6h4.19a6 6 0 0 0 6-6v-2""/><path d=""m15.85 14.71 1.15 2.29""/><path d=""m8.12 14.76-1.12 2.24""/></g></svg>"
09f2f0c8078e838e6d466dae721a98e7,"<svg xmlns=""http://www.w3.org/2000/svg"" viewBox=""0.0 0.0 200.0 200.0"" height=""200.0px"" width=""200.0px""><path fill="""" fill-opacity=""1.0""  filling=""0"" d=""M106.71875762939453 52.011714935302734 L93.125 52.011714935302734 L93.125 90.87890625 L12.4609375 90.87890625 L12.4609375 59.6875 C12.4609375 54.765625 16.38671875 50.839839935302734 21.328125 50.839839935302734 L58.0859375 50.839839935302734 C48.203121185302734 48.789058685302734 40.8203125 44.55078125 40.52734375 36.73828125 C40.25390625 27.55859375 50.625003814697266 12.6953125 65.7421875 16.09375 C81.3671875 19.609375 92.28515625 31.69921875 100.64453125 42.050777435302734 C109.08203125 31.50390625 121.03515625 17.890625 137.32421875 15.7421875 C150.95703125 14.0234375 162.20703125 27.6171875 160.76171875 36.6015625 C159.53125 44.472660064697266 151.9921875 48.75 142.36328125 50.820316314697266 L178.65234375 50.820316314697266 C183.57421875 50.820316314697266 187.51953125 54.765625 187.51953125 59.66796875 L187.51953125 90.859375 L106.89453125 90.859375 M67.421875 24.2578125 C59.8828125 21.2890625 55.46875 24.47265625 52.285160064697266 29.7265625 C50.546871185302734 32.6953125 48.7109375 36.640625 51.46484375 39.511714935302734 C58.7109375 46.97265625 78.61328125 46.425785064697266 91.97265625 45.0390625 C85.64453125 37.1875 77.91015625 28.3984375 67.421875 24.2578125 Z M149.86328125 39.453125 C155.05859375 32.8125 144.8828125 19.0234375 133.96484375 24.1015625 C123.515625 29.0234375 115.99610137939453 37.01171875 109.51171875 44.90234375 C115.09765625 45.390625 120.76171875 45.5078125 126.38671875 45.234375 C133.22265625 44.960941314697266 145.859375 44.492183685302734 149.86328125 39.453125 Z M21.97265625 98.02734375 L21.97265625 154.53125 C21.97265625 172.01171875 36.289058685302734 186.328125 53.769527435302734 186.328125 L93.22265625 186.328125 L93.22265625 98.02734375 L21.97265625 98.02734375 Z M106.77734375 98.02734375 L106.77734375 186.328125 L146.25 186.328125 C163.73046875 186.328125 178.046875 172.01171875 178.046875 154.53125 L178.046875 98.02734375 L106.77734375 98.02734375 Z""></path></svg>"
90e00776-4d3e-4b89-9398-9480fcde7a3e,"<svg height=""128"" viewBox=""0 0 163 163"" width=""128"" xmlns=""http://www.w3.org/2000/svg""><circle cx=""81.5"" cy=""81"" fill=""#adeada"" r=""80""/><path d=""m123.37 77.68-34 .62c2.76-9.67 2.07-12.6 1.48-15.9a19.88 19.88 0 0 0 -1.23-4.15c.18-.33.34-.64.47-.91a15.56 15.56 0 0 0 1.4-4.79 127.38 127.38 0 0 0 1-13.77 5.52 5.52 0 0 1 2.85-1.45c4.19-.64 8.14 4.61 9.83 8a19.42 19.42 0 0 1 1.63 5c.59 3.3 1.28 6.22-1.48 15.89l34-.61a7.68 7.68 0 0 1 7.45 9 7.89 7.89 0 0 1 -7.77 6.56h-1.6c4.17 0 7.55 3.74 7.55 8s-3.38 8-7.55 8h-3.77a7.5 7.5 0 1 1 0 15h-6.88a7.5 7.5 0 0 1 7.45 8.83 7.66 7.66 0 0 1 -7.81 6.21l-12.31.54a17.31 17.31 0 0 1 -6.22-.79c-3.46-1.11-9.9-3.37-9.75-3.67"" fill=""#95e2d6""/><path d=""m57.3 111.38v5a3.75 3.75 0 0 1 -3.75 3.75h-18.75a3.75 3.75 0 0 1 -3.8-3.75v-48.75a3.75 3.75 0 0 1 3.75-3.75h18.8a3.75 3.75 0 0 1 3.75 3.75z"" fill=""#fde45c""/><path d=""m122.79 75.78a7.71 7.71 0 0 1 0 15.41h-3.79a7.71 7.71 0 0 1 0 15.41h-6.88a7.65 7.65 0 0 1 7.45 9 7.84 7.84 0 0 1 -7.81 6.42h-29.15a32.6 32.6 0 0 1 -12.4-2.45l-12.6-8.17h-.31v-35.96h.63c2.34-2.2 7.82-9.08 14.06-17.5a57.9 57.9 0 0 0 3.51-5.88 15.48 15.48 0 0 0 1.39-4.79 124.65 124.65 0 0 0 1-13.77 5.48 5.48 0 0 1 2.86-1.44c4.18-.64 8.13 4.61 9.82 8a18.45 18.45 0 0 1 1.63 5c.6 3.29 1.29 6.22-1.47 15.88l34-.63a7.67 7.67 0 0 1 7.45 9 7.84 7.84 0 0 1 -7.81 6.42h-1.6z"" fill=""#fce7d0""/><path d=""m53.73 63.59h-2.31l-.42 2.24a13 13 0 0 1 .72 4.91l.28 40.85a3.33 3.33 0 0 1 -3.33 3.33l-17.5-.33v1.67a3.33 3.33 0 0 0 3.33 3.33h19.23a3.44 3.44 0 0 0 3.44-3.44v-48.65a3.64 3.64 0 0 0 -3.44-3.91z"" fill=""#f7c726""/><path d=""m53.55 121.62h-18.75a5.26 5.26 0 0 1 -5.25-5.25v-48.75a5.26 5.26 0 0 1 5.25-5.25h18.75a5.26 5.26 0 0 1 5.25 5.25v48.75a5.26 5.26 0 0 1 -5.25 5.25zm-18.75-56.25a2.25 2.25 0 0 0 -2.25 2.25v48.75a2.25 2.25 0 0 0 2.25 2.25h18.75a2.25 2.25 0 0 0 2.25-2.25v-48.75a2.25 2.25 0 0 0 -2.25-2.25z"" fill=""#5a150b""/><path d=""m87.64 61.45a2 2 0 0 1 -1.41-2.45c2-7.52 1-10.32.44-13.37a19 19 0 0 0 -1.67-4.93c-1.24-2.5-3.68-5.91-6.54-7.35a4.87 4.87 0 0 1 1.71-.59c4.19-.64 8.14 4.62 9.83 8a18.53 18.53 0 0 1 1.63 4.81c.59 3.29 2.46 7.85-.26 16.85z"" fill=""#f4c7ad""/><path d=""m131.53 69.05c-.69 3.8-4.72 6.18-9 6.18h-1.86c4.83 0 8.74 3.74 8.74 8s-3.91 8-8.74 8h-4.36c4.83 0 8.74 3.25 8.74 7.51s-3.91 7.49-8.74 7.49h-8c5.3 0 9.5 4.47 8.62 9.29-.69 3.8-4.71 6.71-9 6.71h-16.24c4.33 0 11.43-4.19 12.12-8a10 10 0 0 0 -.61-6 2.87 2.87 0 0 1 2.2-3.85c3.36-.86 6.25-2.66 6.27-5.56a7.76 7.76 0 0 0 -1.76-5.46 2.72 2.72 0 0 1 .29-4.1c2.1-1.63 3.44-4 3.44-5.85a7.16 7.16 0 0 0 -2.54-5.17 2.72 2.72 0 0 1 .64-4.43 7 7 0 0 0 3.59-4.78c.76-4.17-5.72-7.41-10-8.33l17.56-.59c5.32.02 9.52 4.12 8.64 8.94z"" fill=""#f4c7ad""/><g fill=""#5a150b""><path d=""m122.79 92.69h-7.71a1.5 1.5 0 0 1 0-3h7.71a1.5 1.5 0 0 1 0 3z""/><path d=""m122.79 92.69a1.5 1.5 0 0 1 0-3 6.21 6.21 0 0 0 0-12.41 1.5 1.5 0 0 1 0-3 9.21 9.21 0 0 1 0 18.41z""/><path d=""m119 108.1h-7.7a1.5 1.5 0 0 1 0-3h7.7a6.21 6.21 0 0 0 0-12.41 1.5 1.5 0 0 1 0-3 9.21 9.21 0 0 1 0 18.41z""/><path d=""m111.77 123.5h-29.16a33.94 33.94 0 0 1 -13-2.56l-.25-.13-12.6-8.17a1.5 1.5 0 0 1 1.63-2.52l12.48 8.09a30.94 30.94 0 0 0 11.7 2.29h29.16a6.23 6.23 0 0 0 4.92-10.28 6 6 0 0 0 -4.56-2.12 1.5 1.5 0 0 1 0-3 9 9 0 0 1 6.84 3.17 9.23 9.23 0 0 1 -7.16 15.23z""/><path d=""m124.39 77.27h-7.61a1.5 1.5 0 0 1 0-3h7.61a6.23 6.23 0 0 0 4.91-10.27 6 6 0 0 0 -4.55-2.12l-33.94.63a1.46 1.46 0 0 1 -1.22-.58 1.5 1.5 0 0 1 -.25-1.33c2.57-9 2.05-11.86 1.5-14.88l-.06-.32a16.91 16.91 0 0 0 -1.5-4.63c-1.57-3.17-5-7.71-8.25-7.21a3.68 3.68 0 0 0 -1.6.69 124.6 124.6 0 0 1 -1 13.25 16.92 16.92 0 0 1 -1.53 5.23 58.45 58.45 0 0 1 -3.66 6.12c-6.65 8.89-11.97 15.5-14.24 17.68a1.5 1.5 0 1 1 -2.05-2.19c2.16-2 7.48-8.66 13.88-17.3a56.34 56.34 0 0 0 3.37-5.65 13.92 13.92 0 0 0 1.25-4.34 123.49 123.49 0 0 0 1-13.58 1.5 1.5 0 0 1 .5-1.1 7 7 0 0 1 3.64-1.8c5.14-.78 9.57 5.19 11.38 8.85a19.81 19.81 0 0 1 1.76 5.43l.06.31c.55 3 1.12 6.09-1 14.3l32-.59a9 9 0 0 1 6.79 3.13 9.23 9.23 0 0 1 -7.19 15.27z""/></g></svg>"
3dabbae64ac72c4159037593bfc10c52,"<svg xmlns=""http://www.w3.org/2000/svg"" viewBox=""0.0 0.0 200.0 200.0"" height=""200.0px"" width=""200.0px""><path fill=""#F17E97"" fill-opacity=""1.0""  filling=""0"" d=""M195.20899963378906 59.220001220703125 C192.1739959716797 44.13399887084961 184.77000427246094 31.7969970703125 174.36099243164062 24.481002807617188 C164.83200073242188 17.783004760742188 153.2899932861328 15.778999328613281 140.9810028076172 18.68199920654297 C127.9020004272461 21.766998291015625 114.12699890136719 30.23200225830078 100.0 43.856998443603516 C85.8740005493164 30.23200225830078 72.0979995727539 21.766998291015625 59.02000045776367 18.68199920654297 C46.71099853515625 15.778999328613281 35.167999267578125 17.78399658203125 25.639999389648438 24.481002807617188 C15.231002807617188 31.7969970703125 7.8260040283203125 44.13399887084961 4.791999816894531 59.220001220703125 C1.78399658203125 74.17400360107422 3.516998291015625 89.61299896240234 9.673004150390625 102.69300079345703 C22.884002685546875 130.76800537109375 46.43000030517578 150.94200134277344 63.85499954223633 162.9219970703125 C82.67500305175781 175.86099243164062 98.18900299072266 182.12899780273438 98.83999633789062 182.38900756835938 C99.58000183105469 182.68499755859375 100.4209976196289 182.68499755859375 101.16100311279297 182.38900756835938 C101.81199645996094 182.1280059814453 117.32599639892578 175.86099243164062 136.14599609375 162.9219970703125 C153.5709991455078 150.94200134277344 177.11700439453125 130.76800537109375 190.3280029296875 102.69300079345703 C196.48399353027344 89.61299896240234 198.2169952392578 74.17400360107422 195.20899963378906 59.220001220703125 Z""></path>
<path fill=""#EE6482"" fill-opacity=""1.0""  filling=""0"" d=""M195.20899963378906 59.220001220703125 C192.1739959716797 44.13399887084961 184.77000427246094 31.7969970703125 174.36099243164062 24.481002807617188 C168.6540069580078 20.470001220703125 162.22500610351562 18.143997192382812 155.3419952392578 17.544998168945312 C157.68299865722656 18.576004028320312 159.93600463867188 19.84600067138672 162.08599853515625 21.35700225830078 C172.49600219726562 28.673004150390625 179.89999389648438 41.01100158691406 182.9340057373047 56.09600067138672 C185.94200134277344 71.0510025024414 184.20899963378906 86.48999786376953 178.05299377441406 99.56999969482422 C164.8419952392578 127.6449966430664 141.29600524902344 147.81900024414062 123.87100219726562 159.7989959716797 C108.30400085449219 170.5019989013672 95.00700378417969 176.63499450683594 90.50499725341797 178.5850067138672 C95.45999908447266 181.02499389648438 98.55699920654297 182.2760009765625 98.83999633789062 182.38900756835938 C99.5790023803711 182.68499755859375 100.4209976196289 182.68499755859375 101.16100311279297 182.38900756835938 C101.81199645996094 182.12899780273438 117.32499694824219 175.86199951171875 136.14599609375 162.92300415039062 C153.5709991455078 150.9429931640625 177.11599731445312 130.7689971923828 190.3280029296875 102.69300079345703 C196.48399353027344 89.61299896240234 198.2169952392578 74.17400360107422 195.20899963378906 59.220001220703125 Z""></path>
<path fill=""#EEEEEC"" fill-opacity=""1.0""  filling=""0"" d=""M56.25199890136719 141.98800659179688 C56.17399978637695 141.98800659179688 56.09600067138672 141.98500061035156 56.01599884033203 141.97900390625 C54.499000549316406 141.86500549316406 53.284000396728516 140.6739959716797 53.13999938964844 139.15899658203125 L48.202999114990234 87.32499694824219 L40.4370002746582 108.68099975585938 C39.987998962402344 109.91600036621094 38.814998626708984 110.73799896240234 37.5 110.73799896240234 L3.125 110.73799896240234 C1.3990020751953125 110.73799896240234 0.0 109.33899688720703 0.0 107.61299896240234 C0.0 105.88700103759766 1.3990020751953125 104.48799896240234 3.125 104.48799896240234 L35.311004638671875 104.48799896240234 L47.0629997253418 72.16999816894531 C47.5629997253418 70.7969970703125 48.94499969482422 69.95500183105469 50.395999908447266 70.13800048828125 C51.845001220703125 70.322998046875 52.97200012207031 71.48699951171875 53.111000061035156 72.94100189208984 L57.6349983215332 120.44000244140625 L59.46799850463867 113.1050033569336 C59.816001892089844 111.71399688720703 61.066001892089844 110.73799896240234 62.5 110.73799896240234 L69.84400177001953 110.73799896240234 L81.51899719238281 84.46800231933594 C82.08499908447266 83.19499969482422 83.4260025024414 82.44999694824219 84.80500030517578 82.64199829101562 C86.18499755859375 82.83399963378906 87.27100372314453 83.91600036621094 87.46900177001953 85.29499816894531 L91.9530029296875 116.69000244140625 L100.18800354003906 94.04499816894531 C100.66400146484375 92.73500061035156 101.95600128173828 91.89800262451172 103.33899688720703 91.99500274658203 C104.7300033569336 92.09100341796875 105.88800048828125 93.09500122070312 106.18000030517578 94.45800018310547 L112.86399841308594 125.64900207519531 L118.86000061035156 103.66500091552734 C119.22699737548828 102.31999969482422 120.44100189208984 101.37999725341797 121.83499908447266 101.36299896240234 C121.8479995727539 101.36299896240234 121.86100006103516 101.36299896240234 121.875 101.36299896240234 C123.25299835205078 101.36299896240234 124.47100067138672 102.26599884033203 124.86799621582031 103.58899688720703 L130.64300537109375 122.83799743652344 L143.80999755859375 56.999000549316406 C144.11000061035156 55.50299835205078 145.44000244140625 54.44200134277344 146.9709930419922 54.48899841308594 C148.4969940185547 54.5359992980957 149.76499938964844 55.678001403808594 149.9709930419922 57.189998626708984 L157.53199768066406 112.63500213623047 L159.53500366210938 106.625 C159.9600067138672 105.3479995727539 161.15499877929688 104.48799896240234 162.5 104.48799896240234 L196.875 104.48799896240234 C198.6009979248047 104.48799896240234 200.0 105.88700103759766 200.0 107.61299896240234 C200.0 109.33899688720703 198.6009979248047 110.73799896240234 196.875 110.73799896240234 L164.7519989013672 110.73799896240234 L159.21499633789062 127.35099792480469 C158.7550048828125 128.72999572753906 157.40699768066406 129.60800170898438 155.95899963378906 129.47500610351562 C154.51300048828125 129.33999633789062 153.35000610351562 128.22500610351562 153.1529998779297 126.78600311279297 L146.29200744628906 76.46399688720703 L134.31399536132812 136.3509979248047 C134.0330047607422 137.75799560546875 132.8300018310547 138.79299926757812 131.39700317382812 138.86000061035156 C129.9600067138672 138.9250030517578 128.66900634765625 138.00999450683594 128.2570037841797 136.63600158691406 L122.01799774169922 115.84100341796875 L115.51499938964844 139.68600463867188 C115.13500213623047 141.0760040283203 113.83999633789062 142.0240020751953 112.41400146484375 141.98699951171875 C110.9729995727539 141.94700622558594 109.74600219726562 140.92799377441406 109.44400024414062 139.51800537109375 L102.34700012207031 106.39700317382812 L93.56199645996094 130.55599975585938 C93.07099914550781 131.9029998779297 91.73200225830078 132.7480010986328 90.302001953125 132.5970001220703 C88.8759994506836 132.44900512695312 87.73400115966797 131.3489990234375 87.53099822998047 129.92999267578125 L82.81800079345703 96.93599700927734 L74.7300033569336 115.13200378417969 C74.22899627685547 116.26100158691406 73.11000061035156 116.98799896240234 71.8740005493164 116.98799896240234 L64.93900299072266 116.98799896240234 L59.28099822998047 139.62100219726562 C58.93199920654297 141.02000427246094 57.67399978637695 141.98800659179688 56.25199890136719 141.98800659179688 Z""></path></svg>"
36c10387fc114fd2117979d13f271868,"<svg fill=""none"" height=""128"" viewBox=""0 0 24 24"" width=""128"" xmlns=""http://www.w3.org/2000/svg""><path d=""m14.71 10.63l1.41-1.42-6.37-6.36-6.36 6.37 1.42 1.41 3.78-3.78.01 10.3c0 2.21 1.8 4 4 4l8-.01v-2l-8 .01c-1.1 0-2-.9-2-2l-.01-10.64z"" fill=""#000000""/></svg>"
b7eca035720fbc892f7694fb868ef297,"<svg fill=""none"" height=""128"" viewBox=""0 0 24 24"" width=""128"" xmlns=""http://www.w3.org/2000/svg""><g stroke=""#1c274c"" stroke-linecap=""round"" stroke-width=""1.5""><path d=""m8 18h-2.44c-1.97 0-3.56-1.59-3.56-3.56v-2.44c0-1.1.9-2 2-2s2 .9 2 2v1.2c0 .44.36.8.8.8h10.4c.44 0 .8-.36.8-.8v-1.2c0-1.1.9-2 2-2s2 .9 2 2v2.44c0 1.97-1.59 3.56-3.56 3.56h-6.44""/><path d=""m15 5c.93 0 1.39 0 1.78.08 1.59.31 2.83 1.55 3.14 3.14.08.39.08.85.08 1.78m-16 0c0-.93 0-1.39.08-1.78.31-1.59 1.55-2.83 3.14-3.14.39-.08.85-.08 1.78-.08h2""/><path d=""m20 19v-1m-16 1v-1""/></g></svg>"
4f82c239dd7865d70480fa760082e950,"<svg xmlns=""http://www.w3.org/2000/svg"" viewBox=""0.0 0.0 200.0 200.0"" height=""200.0px"" width=""200.0px""><path fill=""#FFEFF2"" fill-opacity=""1.0""  filling=""0"" d=""M10.0 100.0 C10.0 149.8000030517578 50.19999694824219 190.0 100.0 190.0 C149.8000030517578 190.0 190.0 149.8000030517578 190.0 100.0 C190.0 50.19999694824219 149.8000030517578 10.0 100.0 10.0 C50.19999694824219 10.0 10.0 50.19999694824219 10.0 100.0 Z""></path>
<path fill=""#F39AAB"" fill-opacity=""1.0""  filling=""0"" d=""M95.80000305175781 101.80000305175781 L95.80000305175781 84.5999984741211 C95.80000305175781 81.19999694824219 97.0 80.4000015258789 100.0 80.4000015258789 L129.40000915527344 80.4000015258789 C133.8000030517578 80.4000015258789 142.0 86.4000015258789 142.0 97.39999389648438 C142.0 99.5999984741211 140.0 101.60000610351562 137.8000030517578 101.60000610351562 L95.80000305175781 101.80000305175781 C95.80000305175781 101.60000610351562 95.80000305175781 101.80000305175781 95.80000305175781 101.80000305175781 Z M81.19999694824219 101.80000305175781 C75.4000015258789 101.80000305175781 70.80000305175781 97.0 70.80000305175781 91.19999694824219 C70.80000305175781 85.19999694824219 75.4000015258789 80.5999984741211 81.19999694824219 80.5999984741211 C87.0 80.5999984741211 91.5999984741211 85.39999389648438 91.5999984741211 91.19999694824219 C91.5999984741211 97.0 87.0 101.80000305175781 81.19999694824219 101.80000305175781 Z M142.0 110.39999389648438 L142.0 126.40000915527344 C142.0 128.60000610351562 140.0 130.60000610351562 137.8000030517578 130.60000610351562 C135.59999084472656 130.60000610351562 133.60000610351562 128.60000610351562 133.60000610351562 126.40000915527344 L133.60000610351562 118.79999542236328 C133.60000610351562 116.5999984741211 131.60000610351562 114.60000610351562 129.40000915527344 114.60000610351562 L70.5999984741211 114.60000610351562 C68.4000015258789 114.60000610351562 66.39999389648438 116.5999984741211 66.39999389648438 118.79999542236328 L66.39999389648438 126.40000915527344 C66.39999389648438 128.60000610351562 64.39999389648438 130.60000610351562 62.19999694824219 130.60000610351562 C60.000003814697266 130.60000610351562 58.0 128.60000610351562 58.0 126.40000915527344 L58.0 73.5999984741211 C58.0 71.80000305175781 58.79999923706055 69.4000015258789 62.19999694824219 69.4000015258789 C62.19999694824219 69.4000015258789 66.39999389648438 69.19999694824219 66.39999389648438 73.5999984741211 L66.39999389648438 101.60000610351562 C66.39999389648438 103.79999542236328 68.4000015258789 105.79999542236328 70.5999984741211 105.79999542236328 L137.8000030517578 105.79999542236328 C139.60000610351562 105.99999237060547 142.0 106.20000457763672 142.0 110.39999389648438 Z""></path></svg>"
5161f5f9cb93e860ab0a5f3433e87fdd,"<svg xmlns=""http://www.w3.org/2000/svg"" viewBox=""0.0 0.0 200.0 200.0"" height=""200.0px"" width=""200.0px""><path fill=""#2c2c2c"" fill-opacity=""1.0""  filling=""0"" d=""M180.625 65.89099884033203 C176.2169952392578 55.47100067138672 169.91000366210938 46.112998962402344 161.875 38.08000183105469 C153.83999633789062 30.0469970703125 144.48399353027344 23.737998962402344 134.06399536132812 19.330001831054688 C123.27300262451172 14.765998840332031 111.81400299072266 12.451004028320312 100.00399780273438 12.451004028320312 C88.19300079345703 12.451004028320312 76.73400115966797 14.765998840332031 65.94300079345703 19.330001831054688 C58.04899978637695 22.669998168945312 50.76599884033203 27.099998474121094 44.20500183105469 32.54499816894531 L44.20500183105469 19.854995727539062 C44.20500183105469 16.40399932861328 41.40599822998047 13.604995727539062 37.95500183105469 13.604995727539062 C34.503997802734375 13.604995727539062 31.705001831054688 16.40399932861328 31.705001831054688 19.854995727539062 L31.705001831054688 49.85900115966797 C31.705001831054688 53.31100082397461 34.503997802734375 56.10900115966797 37.95500183105469 56.10900115966797 L68.00399780273438 56.10900115966797 C71.45500183105469 56.10900115966797 74.25399780273438 53.31100082397461 74.25399780273438 49.85900115966797 C74.25399780273438 46.40800094604492 71.45500183105469 43.60900115966797 68.00399780273438 43.60900115966797 L50.49599838256836 43.60900115966797 C64.18900299072266 31.542999267578125 81.58999633789062 24.948997497558594 100.00599670410156 24.948997497558594 C141.36099243164062 24.948997497558594 175.00599670410156 58.59400177001953 175.00599670410156 99.9489974975586 C175.00599670410156 103.4000015258789 177.80499267578125 106.1989974975586 181.25599670410156 106.1989974975586 C184.70700073242188 106.1989974975586 187.50599670410156 103.4000015258789 187.50599670410156 99.9489974975586 C187.50399780273438 88.14099884033203 185.18899536132812 76.68199920654297 180.625 65.89099884033203 Z""></path>
<path fill=""#2c2c2c"" fill-opacity=""1.0""  filling=""0"" d=""M162.63299560546875 143.61700439453125 L132.58399963378906 143.61700439453125 C129.13299560546875 143.61700439453125 126.33399963378906 146.41600036621094 126.33399963378906 149.86700439453125 C126.33399963378906 153.3179931640625 129.13299560546875 156.11700439453125 132.58399963378906 156.11700439453125 L149.70899963378906 156.11700439453125 C135.98599243164062 168.2949981689453 118.51200103759766 174.94900512695312 100.00399780273438 174.94900512695312 C58.64799880981445 174.94900512695312 25.003997802734375 141.30499267578125 25.003997802734375 99.9489974975586 C25.003997802734375 96.49800109863281 22.205001831054688 93.6989974975586 18.753997802734375 93.6989974975586 C15.303001403808594 93.6989974975586 12.503997802734375 96.49800109863281 12.503997802734375 99.9489974975586 C12.503997802734375 111.75800323486328 14.818000793457031 123.21900177001953 19.38299560546875 134.00999450683594 C23.791000366210938 144.42999267578125 30.097999572753906 153.78700256347656 38.132999420166016 161.82000732421875 C46.167999267578125 169.85400390625 55.52299880981445 176.16200256347656 65.94300079345703 180.57000732421875 C76.73400115966797 185.13499450683594 88.19300079345703 187.44900512695312 100.00399780273438 187.44900512695312 C111.83599853515625 187.44900512695312 123.31600189208984 185.1269989013672 134.1269989013672 180.5449981689453 C142.23199462890625 177.10899353027344 149.6909942626953 172.5229949951172 156.38299560546875 166.87100219726562 L156.38299560546875 179.8730010986328 C156.38299560546875 183.32400512695312 159.1820068359375 186.1230010986328 162.63299560546875 186.1230010986328 C166.08399963378906 186.1230010986328 168.88299560546875 183.32400512695312 168.88299560546875 179.8730010986328 L168.88299560546875 149.86700439453125 C168.88299560546875 146.41600036621094 166.08399963378906 143.61700439453125 162.63299560546875 143.61700439453125 Z""></path></svg>"
2fca18de72c4a9c9cf0ded8580faacd9,"<svg xmlns=""http://www.w3.org/2000/svg"" viewBox=""0.0 0.0 200.0 200.0"" height=""200.0px"" width=""200.0px""><path fill=""#020202"" fill-opacity=""1.0""  filling=""0"" d=""M75.0 68.52499389648438 C75.0 68.5625 74.97500610351562 68.5999984741211 74.97500610351562 68.6500015258789 C74.97500610351562 68.6875 75.0 68.72500610351562 75.0 68.76249694824219 C75.0 70.375 74.32499694824219 71.8125 73.2874984741211 72.91250610351562 C73.2249984741211 72.9749984741211 73.19999694824219 73.0625 73.1500015258789 73.11250305175781 C72.94999694824219 73.3125 72.67500305175781 73.4375 72.44999694824219 73.61250305175781 C71.38749694824219 74.42500305175781 70.1500015258789 75.0 68.73750305175781 75.0 C68.69999694824219 75.0 68.67500305175781 74.98750305175781 68.63750457763672 74.98750305175781 C68.5999984741211 74.98750305175781 68.5625 75.0 68.52499389648438 75.0 L19.0 75.0 C15.375 75.0 12.5 72.19999694824219 12.5 68.75 C12.474998474121094 65.3125 15.400001525878906 62.5 18.974998474121094 62.5 L53.66250228881836 62.5 L14.450004577636719 23.3125 C11.912498474121094 20.76250457763672 11.849998474121094 16.725006103515625 14.300003051757812 14.300003051757812 C16.712501525878906 11.837501525878906 20.774993896484375 11.925003051757812 23.29999542236328 14.462501525878906 L62.5 53.66250228881836 L62.5 18.987503051757812 C62.48749923706055 15.387496948242188 65.3125 12.5 68.75 12.5 C72.1875 12.474998474121094 75.0 15.400001525878906 75.0 18.974998474121094 L75.0 68.52499389648438 Z M168.52499389648438 62.5 L133.83749389648438 62.5 L173.04998779296875 23.29999542236328 C175.58749389648438 20.75 175.64999389648438 16.725006103515625 173.21249389648438 14.287498474121094 C170.79998779296875 11.825004577636719 166.73748779296875 11.912498474121094 164.21249389648438 14.450004577636719 L125.01250457763672 53.64999771118164 L125.01250457763672 18.987503051757812 C125.01250457763672 15.387496948242188 122.1875 12.5 118.75 12.5 C115.31250762939453 12.474998474121094 112.5 15.400001525878906 112.5 18.974998474121094 L112.5 68.52499389648438 C112.5 68.5625 112.52499389648438 68.5999984741211 112.52499389648438 68.6500015258789 C112.52499389648438 68.6875 112.5 68.72500610351562 112.5 68.76249694824219 C112.5 70.375 113.17500305175781 71.8125 114.2125015258789 72.91250610351562 C114.2750015258789 72.9749984741211 114.30000305175781 73.0625 114.36250305175781 73.11250305175781 C114.5625 73.3125 114.8375015258789 73.4375 115.07500457763672 73.61250305175781 C116.11249542236328 74.42500305175781 117.34999084472656 75.0 118.76250457763672 75.0 C118.79999542236328 75.0 118.82499694824219 74.98750305175781 118.86249542236328 74.98750305175781 C118.9000015258789 74.98750305175781 118.9375 75.0 118.97499084472656 75.0 L168.5124969482422 75.0 C172.125 75.0 175.0 72.19999694824219 175.0 68.75 C175.02499389648438 65.3125 172.10000610351562 62.5 168.52499389648438 62.5 Z M75.0 118.75 C75.0 117.13750457763672 74.32499694824219 115.7125015258789 73.2874984741211 114.60000610351562 C73.2249984741211 114.5374984741211 73.19999694824219 114.45000457763672 73.1500015258789 114.38749694824219 C72.9375 114.19999694824219 72.67500305175781 114.07500457763672 72.44999694824219 113.90000915527344 C71.39999389648438 113.0875015258789 70.1500015258789 112.5 68.73750305175781 112.5 C68.69999694824219 112.5 68.67500305175781 112.52499389648438 68.63750457763672 112.52499389648438 C68.5999984741211 112.52499389648438 68.5625 112.5 68.52499389648438 112.5 L19.0 112.5 C15.375 112.5 12.5 115.31250762939453 12.5 118.75 C12.474998474121094 122.1875 15.400001525878906 125.0 18.974998474121094 125.0 L53.66250228881836 125.0 L14.450004577636719 164.21249389648438 C11.912498474121094 166.75 11.849998474121094 170.77499389648438 14.287498474121094 173.22500610351562 C16.699996948242188 175.6875 20.76250457763672 175.58749389648438 23.287498474121094 173.04998779296875 L62.48749923706055 133.85000610351562 L62.48749923706055 168.52499389648438 C62.48749923706055 172.1125030517578 65.3125 175.02499389648438 68.75 175.0 C72.1875 175.04998779296875 75.0 172.125 75.0 168.52499389648438 L75.0 119.00000762939453 C75.0 118.94999694824219 74.97500610351562 118.91249084472656 74.97500610351562 118.875 C74.97500610351562 118.82499694824219 75.0 118.78750610351562 75.0 118.75 Z M133.83749389648438 125.0 L168.52499389648438 125.0 C172.08749389648438 125.0 175.02499389648438 122.1875 175.0 118.75 C175.0 115.31250762939453 172.125 112.5 168.5 112.5 L118.97499084472656 112.5 C118.9375 112.5 118.9000015258789 112.52499389648438 118.86249542236328 112.52499389648438 C118.82499694824219 112.52499389648438 118.79999542236328 112.5 118.76250457763672 112.5 C117.34999084472656 112.5 116.10000610351562 113.0875015258789 115.05000305175781 113.90000915527344 C114.82499694824219 114.07500457763672 114.5625 114.19999694824219 114.3499984741211 114.38749694824219 C114.30000305175781 114.45000457763672 114.2750015258789 114.5374984741211 114.2125015258789 114.60000610351562 C113.17500305175781 115.7125015258789 112.5 117.13750457763672 112.5 118.75 C112.5 118.78750610351562 112.52499389648438 118.82499694824219 112.52499389648438 118.875 C112.52499389648438 118.91249084472656 112.5 118.94999694824219 112.5 119.00000762939453 L112.5 168.53750610351562 C112.5 172.125 115.31250762939453 175.04998779296875 118.75 175.0 C122.1875 175.02499389648438 125.01250457763672 172.125 125.01250457763672 168.52499389648438 L125.01250457763672 133.85000610351562 L164.21249389648438 173.04998779296875 C166.73748779296875 175.58749389648438 170.78750610351562 175.6875 173.21249389648438 173.22500610351562 C175.64999389648438 170.78750610351562 175.58749389648438 166.75 173.04998779296875 164.21249389648438 L133.83749389648438 125.0 Z""></path></svg>"
38f572d88d5ffd17a89013711afd22c9,"<svg xmlns=""http://www.w3.org/2000/svg"" viewBox=""0.0 0.0 200.0 200.0"" height=""200.0px"" width=""200.0px""><path fill=""#333333"" fill-opacity=""1.0""  filling=""0"" d=""M186.39999389648438 105.0 L109.56700134277344 105.0 A5.0 5.0 0.0 1 1 109.56700134277344 95.0 L186.39999389648438 95.0 A5.0 5.0 0.0 0 1 186.39999389648438 105.0 Z M186.39999389648438 172.1999969482422 L109.56700134277344 172.1999969482422 A5.0 5.0 0.0 1 1 109.56700134277344 162.1999969482422 L186.39999389648438 162.1999969482422 A5.0 5.0 0.0 0 1 186.39999389648438 172.1999969482422 Z M186.39999389648438 37.79999923706055 L109.56700134277344 37.79999923706055 A5.0 5.0 0.0 1 1 109.56700134277344 27.800003051757812 L186.39999389648438 27.800003051757812 A5.0 5.0 0.0 0 1 186.39999389648438 37.79999923706055 Z M71.16699981689453 172.1999969482422 A4.9670000076293945 4.9670000076293945 0.0 0 1 69.5999984741211 171.9669952392578 C52.46699905395508 166.23300170898438 49.599998474121094 147.73300170898438 47.099998474121094 131.36700439453125 C44.29999923706055 113.03299713134766 42.099998474121094 105.0 32.766998291015625 105.0 L13.567001342773438 105.0 A5.0 5.0 0.0 0 1 13.567001342773438 95.0 L32.766998291015625 95.0 C42.099998474121094 95.0 44.29999923706055 86.96700286865234 47.099998474121094 68.63300323486328 C49.632999420166016 52.266998291015625 52.46699905395508 33.733001708984375 69.5999984741211 28.033004760742188 A5.0 5.0 0.0 0 1 72.73300170898438 37.53300094604492 C61.43299865722656 41.29999923706055 59.400001525878906 55.29999923706055 57.0 70.13300323486328 C55.66699981689453 78.86699676513672 54.233001708984375 88.19999694824219 50.33300018310547 95.0 L71.16699981689453 95.0 A5.0 5.0 0.0 0 1 71.16699981689453 105.0 L50.29999923706055 105.0 C54.233001708984375 111.66699981689453 55.66699981689453 121.13300323486328 56.96699905395508 129.86700439453125 C59.233001708984375 144.6999969482422 61.400001525878906 158.6999969482422 72.69999694824219 162.4669952392578 A5.0 5.0 0.0 0 1 71.13300323486328 172.1999969482422 L71.16699981689453 172.1999969482422 Z""></path>
<path fill=""#333333"" fill-opacity=""1.0""  filling=""0"" d=""M60.20000076293945 102.83300018310547 A32.0 32.0 0.0 1 0 124.19999694824219 102.83300018310547 A32.0 32.0 0.0 1 0 60.20000076293945 102.83300018310547 Z""></path></svg>"
42efbb57f659a5d2ba4a12960936f87f,"<svg xmlns=""http://www.w3.org/2000/svg"" viewBox=""0.0 0.0 200.0 200.0"" height=""200.0px"" width=""200.0px""><path fill=""#D80027"" fill-opacity=""1.0""  filling=""0"" d=""M0.0 0.0 L200.0 0.0 L200.0 200.0 L0.0 200.0 L0.0 0.0 Z""></path>
<path fill=""#F0F0F0"" fill-opacity=""1.0""  filling=""0"" d=""M99.90899658203125 79.5770034790039 L109.072998046875 92.2040023803711 L123.91300201416016 87.39199829101562 L114.73500061035156 100.00900268554688 L123.89800262451172 112.63600158691406 L109.06199645996094 107.80699920654297 L99.88400268554688 120.4229965209961 L99.89399719238281 104.8219985961914 L85.05799865722656 99.99099731445312 L99.89900207519531 95.17900085449219 L99.90899658203125 79.5770034790039 Z""></path>
<path fill=""#F0F0F0"" fill-opacity=""1.0""  filling=""0"" d=""M74.9000015258789 131.56300354003906 C57.46799850463867 131.56300354003906 43.33599853515625 117.43199920654297 43.33599853515625 100.0 C43.33599853515625 82.56700134277344 57.46799850463867 68.43599700927734 74.9000015258789 68.43599700927734 C80.33499908447266 68.43599700927734 85.4489974975586 69.80999755859375 89.91400146484375 72.22899627685547 C82.91000366210938 65.37999725341797 73.33100128173828 61.152000427246094 62.76100158691406 61.152000427246094 C41.305999755859375 61.152000427246094 23.913002014160156 78.54499816894531 23.913002014160156 99.9990005493164 C23.913002014160156 121.4540023803711 41.305999755859375 138.8459930419922 62.76100158691406 138.8459930419922 C73.33100128173828 138.8459930419922 82.91000366210938 134.61900329589844 89.91400146484375 127.76899719238281 C85.4489974975586 130.18899536132812 80.33499908447266 131.56300354003906 74.9000015258789 131.56300354003906 Z""></path></svg>"
0b79739fa4bcb122783788213c782721,"<svg xmlns=""http://www.w3.org/2000/svg"" viewBox=""0.0 0.0 200.0 200.0"" height=""200.0px"" width=""200.0px""><path fill=""#2D2F64"" fill-opacity=""1.0""  filling=""0"" d=""M145.06991577148438 135.2599639892578 C167.53009033203125 179.09002685546875 223.36993408203125 171.89999389648438 235.86993408203125 134.55996704101562 C235.86993408203125 134.55996704101562 239.64004516601562 126.0199203491211 240.00001525878906 110.38008117675781 L240.00001525878906 33.900001525878906 L203.4599609375 0.0 L203.4599609375 93.3599624633789 C203.4599609375 93.3599624633789 199.5 137.9900360107422 145.05995178222656 135.2599639892578 L145.06991577148438 135.2599639892578 Z M41.35000228881836 135.95001220703125 C41.35000228881836 135.95001220703125 101.330078125 144.13006591796875 103.38008117675781 83.49003601074219 C102.45995330810547 26.550003051757812 176.35995483398438 22.759963989257812 196.4499969482422 63.69003677368164 C196.4499969482422 63.69003677368164 144.05995178222656 64.40995788574219 138.54998779296875 107.33008575439453 C138.54998779296875 107.33008575439453 139.23007202148438 160.2900390625 97.88008117675781 165.7400360107422 C97.88008117675781 165.7400360107422 53.06991958618164 173.419921875 41.35000228881836 135.94003295898438 L41.35000228881836 135.95001220703125 Z M94.95000457763672 64.75 C72.46991729736328 20.880081176757812 15.590034484863281 27.559959411621094 3.1199188232421875 64.89999389648438 C3.1199188232421875 64.89999389648438 1.3800811767578125 77.0 0.0 89.63008117675781 L0.0 166.09002685546875 L36.540042877197266 200.0 L36.54999542236328 106.65995788574219 C36.54999542236328 106.65995788574219 40.499996185302734 62.0 94.95000457763672 64.74003601074219 L94.95000457763672 64.75 Z""></path></svg>"
5f083a92f86834d90e63e720f8951d02,"<svg xmlns=""http://www.w3.org/2000/svg"" viewBox=""0.0 0.0 200.0 200.0"" height=""200.0px"" width=""200.0px""><path fill="""" fill-opacity=""1.0""  filling=""0"" d=""M68.75 100.0 A31.25 31.25 0.0 1 0 131.25 100.0 A31.25 31.25 0.0 1 0 68.75 100.0 Z M181.25 93.75 L174.74179077148438 93.75 C171.73574829101562 57.314064025878906 142.68594360351562 28.264259338378906 106.25 25.258209228515625 L106.25 18.75 C106.25 15.3125 103.43749237060547 12.5 100.0 12.5 C96.5625 12.5 93.75 15.3125 93.75 18.75 L93.75 25.258209228515625 C57.314064025878906 28.264259338378906 28.264259338378906 57.314064025878906 25.258209228515625 93.75 L18.75 93.75 C15.3125 93.75 12.5 96.5625 12.5 100.0 C12.5 103.43749237060547 15.3125 106.25 18.75 106.25 L25.258209228515625 106.25 C28.264259338378906 142.68594360351562 57.314064025878906 171.73574829101562 93.75 174.74179077148438 L93.75 181.25 C93.75 184.6875 96.5625 187.5 100.0 187.5 C103.43749237060547 187.5 106.25 184.6875 106.25 181.25 L106.25 174.74179077148438 C142.68594360351562 171.73574829101562 171.73574829101562 142.68594360351562 174.74179077148438 106.25 L181.25 106.25 C184.6875 106.25 187.5 103.43749237060547 187.5 100.0 C187.5 96.5625 184.6875 93.75 181.25 93.75 Z M106.25 162.18984985351562 L106.25 156.25 C106.25 152.8125 103.43749237060547 150.0 100.0 150.0 C96.5625 150.0 93.75 152.8125 93.75 156.25 L93.75 162.18984985351562 C64.22285461425781 159.2580108642578 40.74199295043945 135.77716064453125 37.810157775878906 106.25 L43.75 106.25 C47.1875 106.25 50.0 103.43749237060547 50.0 100.0 C50.0 96.5625 47.1875 93.75 43.75 93.75 L37.810157775878906 93.75 C40.74199295043945 64.22285461425781 64.22285461425781 40.74199295043945 93.75 37.810157775878906 L93.75 43.75 C93.75 47.1875 96.5625 50.0 100.0 50.0 C103.43749237060547 50.0 106.25 47.1875 106.25 43.75 L106.25 37.810157775878906 C135.77716064453125 40.74199295043945 159.2580108642578 64.22285461425781 162.18984985351562 93.75 L156.25 93.75 C152.8125 93.75 150.0 96.5625 150.0 100.0 C150.0 103.43749237060547 152.8125 106.25 156.25 106.25 L162.18984985351562 106.25 C159.2580108642578 135.77716064453125 135.77716064453125 159.2580108642578 106.25 162.18984985351562 Z""></path></svg>"
190a66384392df4f5e812a5d0f2d4e96,"<svg xmlns=""http://www.w3.org/2000/svg"" viewBox=""0.0 0.0 200.0 200.0"" height=""200.0px"" width=""200.0px""><path fill="""" fill-opacity=""1.0""  filling=""0"" d=""M100.0 125.0 C120.7093734741211 125.0 137.5 108.2093734741211 137.5 87.5 L137.5 37.5 C137.5 16.790626525878906 120.7093734741211 0.0 100.0 0.0 C79.29061889648438 0.0 62.5 16.790626525878906 62.5 37.5 L62.5 87.5 C62.5 108.21249389648438 79.29061889648438 125.0 100.0 125.0 Z M168.75 90.6968765258789 L168.74688720703125 90.64999389648438 L168.75 90.625 A9.375 9.375 0.0 1 0 150.0 90.625 C149.98748779296875 118.234375 127.609375 140.61248779296875 100.0 140.625 C72.390625 140.61248779296875 50.01250076293945 118.234375 50.0 90.625 A9.375 9.375 0.0 1 0 31.25 90.625 L31.25312042236328 90.64999389648438 L31.25 90.6968765258789 C31.25 125.46249389648438 57.10625076293945 154.11874389648438 90.625 158.671875 L90.625 181.25 L59.375 181.25 A9.375 9.375 0.0 1 0 59.375 200.0 L140.625 200.0 A9.375 9.375 0.0 1 0 140.625 181.25 L109.375 181.25 L109.375 158.671875 C142.89688110351562 154.11874389648438 168.75 125.46249389648438 168.75 90.6968765258789 Z""></path></svg>"
c8c93c790f4af02010dc5ae4b7977186,"<svg fill=""none"" height=""128"" viewBox=""0 0 24 24"" width=""128"" xmlns=""http://www.w3.org/2000/svg""><g stroke=""#33363f"" stroke-width=""2""><g stroke-linecap=""round""><path d=""m9 7h4""/><path d=""m9 15h3""/><path d=""m9 11h6""/></g><path d=""m19 11v-2c0-2.83 0-4.24-.88-5.12s-2.29-.88-5.12-.88h-2c-2.83 0-4.24 0-5.12.88s-.88 2.29-.88 5.12v6c0 2.83 0 4.24.88 5.12s2.29.88 5.12.88h1""/><circle cx=""17.5"" cy=""17.5"" r=""2.5""/><path d=""m21 21-1.5-1.5"" stroke-linecap=""round""/></g></svg>"
8d678bec7789b4f45a5937fd3569e327,"<svg xmlns=""http://www.w3.org/2000/svg"" viewBox=""0.0 0.0 200.0 200.0"" height=""200.0px"" width=""200.0px""><path fill=""#1A1A1A"" fill-opacity=""1.0""  filling=""0"" d=""M145.05799865722656 66.26499938964844 L134.97900390625 66.26499938964844 L134.97900390625 29.30699920654297 C134.97900390625 20.24500274658203 127.60900115966797 12.873001098632812 118.55000305175781 12.873001098632812 L81.4489974975586 12.873001098632812 C72.38800048828125 12.873001098632812 65.01799774169922 20.24500274658203 65.01799774169922 29.30699920654297 L65.01799774169922 66.26499938964844 L54.93899917602539 66.26499938964844 C37.25899887084961 66.26499938964844 22.875 80.64700317382812 22.875 98.32499694824219 L22.875 155.0679931640625 C22.875 172.7449951171875 37.25899887084961 187.1269989013672 54.93899917602539 187.1269989013672 L145.05799865722656 187.1269989013672 C162.74000549316406 187.1269989013672 177.125 172.7449951171875 177.125 155.0679931640625 L177.125 98.32499694824219 C177.125 80.64700317382812 162.74000549316406 66.26499938964844 145.05799865722656 66.26499938964844 Z M81.4489974975586 28.28099822998047 L118.55000305175781 28.28099822998047 C119.11299896240234 28.28099822998047 119.57099914550781 28.74200439453125 119.57099914550781 29.30699920654297 L119.57099914550781 41.76300048828125 L80.4260025024414 41.76300048828125 L80.4260025024414 29.30699920654297 C80.4260025024414 28.74200439453125 80.88500213623047 28.28099822998047 81.4489974975586 28.28099822998047 Z M161.7169952392578 155.0679931640625 C161.7169952392578 164.24899291992188 154.2429962158203 171.718994140625 145.05799865722656 171.718994140625 L54.93899917602539 171.718994140625 C45.755001068115234 171.718994140625 38.28300094604492 164.24899291992188 38.28300094604492 155.0679931640625 L38.28300094604492 98.32499694824219 C38.28300094604492 89.14199829101562 45.755001068115234 81.6729965209961 54.93899917602539 81.6729965209961 L72.72200012207031 81.6729965209961 C76.97599792480469 81.6729965209961 80.4260025024414 78.2229995727539 80.4260025024414 73.96900177001953 L80.4260025024414 57.17100143432617 L119.57099914550781 57.17100143432617 L119.57099914550781 73.96900177001953 C119.57099914550781 78.2229995727539 123.02100372314453 81.6729965209961 127.2760009765625 81.6729965209961 L145.05799865722656 81.6729965209961 C154.2429962158203 81.6729965209961 161.7169952392578 89.14199829101562 161.7169952392578 98.32499694824219 L161.7169952392578 155.0679931640625 Z""></path>
<path fill=""#1A1A1A"" fill-opacity=""1.0""  filling=""0"" d=""M145.16400146484375 94.08899688720703 C143.25999450683594 94.08899688720703 141.53900146484375 94.80599975585938 140.19500732421875 95.95099639892578 C139.7169952392578 96.13600158691406 139.25100708007812 96.37200164794922 138.8040008544922 96.66100311279297 C124.38899993896484 105.96299743652344 80.29299926757812 129.02099609375 62.53799819946289 116.86199951171875 L62.53799819946289 112.06500244140625 C62.53799819946289 110.52799987792969 63.566001892089844 109.22599792480469 64.97000122070312 108.80999755859375 C69.37999725341797 110.38700103759766 80.64299774169922 114.34600067138672 85.7959976196289 115.49199676513672 C89.95099639892578 116.41600036621094 94.06500244140625 113.79900360107422 94.98899841308594 109.6449966430664 C95.91300201416016 105.49199676513672 93.2959976196289 101.37699890136719 89.14199829101562 100.4530029296875 C84.78500366210938 99.48200225830078 72.80699920654297 95.26899719238281 68.55999755859375 93.72699737548828 C67.71800231933594 93.4209976196289 66.8270034790039 93.26399993896484 65.93099975585938 93.26399993896484 C55.5629997253418 93.26399993896484 47.130001068115234 101.697998046875 47.130001068115234 112.06500244140625 L47.130001068115234 143.4149932861328 C47.130001068115234 153.78399658203125 55.5629997253418 162.218994140625 65.93099975585938 162.218994140625 L134.0679931640625 162.218994140625 C144.4340057373047 162.218994140625 152.8679962158203 153.78399658203125 152.8679962158203 143.4149932861328 L152.8679962158203 101.79299926757812 C152.8679962158203 97.53800201416016 149.41799926757812 94.08899688720703 145.16400146484375 94.08899688720703 Z M134.0679931640625 146.81100463867188 L65.93099975585938 146.81100463867188 C64.05999755859375 146.81100463867188 62.53799819946289 145.28700256347656 62.53799819946289 143.4149932861328 L62.53799819946289 133.77099609375 C66.76300048828125 135.093994140625 71.30799865722656 135.6790008544922 76.02899932861328 135.6790008544922 C97.9540023803711 135.6790008544922 123.53700256347656 123.23400115966797 137.4600067138672 115.40799713134766 L137.4600067138672 143.4149932861328 C137.4600067138672 145.28700256347656 135.93899536132812 146.81100463867188 134.0679931640625 146.81100463867188 Z""></path></svg>"
c9515952342a43cf72b8a7727c194f03,"<svg xmlns=""http://www.w3.org/2000/svg"" viewBox=""0.0 0.0 200.0 200.0"" height=""200.0px"" width=""200.0px""><path fill="""" fill-opacity=""1.0""  filling=""0"" d=""M173.33299255371094 190.0 L30.0 190.0 C14.0 190.0 0.0 176.0 0.0 160.0 L0.0 73.33300018310547 C0.0 56.66699981689453 12.0 43.33300018310547 26.66699981689453 43.33300018310547 L83.33300018310547 43.33300018310547 C88.66699981689453 43.33300018310547 96.0 40.0 98.0 36.0 L105.33300018310547 21.33300018310547 C108.66699981689453 14.666999816894531 115.33300018310547 10.0 123.33300018310547 10.0 L173.33299255371094 10.0 C182.0 10.0 187.33299255371094 15.333000183105469 191.33299255371094 19.33300018310547 C193.33299255371094 21.33300018310547 195.33299255371094 26.66699981689453 196.66700744628906 28.66699981689453 C200.0 38.66699981689453 200.0 51.33300018310547 200.0 62.0 L200.0 160.0 C200.0 176.66700744628906 188.0 190.0 173.33299255371094 190.0 Z M26.66699981689453 50.0 C14.0 50.0 6.666999816894531 62.0 6.666999816894531 73.33300018310547 L6.666999816894531 160.0 C6.666999816894531 172.0 18.0 183.33299255371094 30.0 183.33299255371094 L173.33299255371094 183.33299255371094 C186.0 183.33299255371094 193.33299255371094 171.33299255371094 193.33299255371094 160.0 L193.33299255371094 62.0 C193.33299255371094 52.0 193.33299255371094 40.0 190.0 31.33300018310547 C189.33299255371094 29.33300018310547 187.33299255371094 24.66699981689453 186.0 24.0 C182.0 19.33300018310547 178.0 17.33300018310547 173.33299255371094 17.33300018310547 L123.33300018310547 17.33300018310547 C118.0 17.33300018310547 114.0 20.0 111.33300018310547 24.66699981689453 L104.0 39.33300018310547 C100.66699981689453 46.0 90.66699981689453 50.66699981689453 83.33300018310547 50.66699981689453 L26.66699981689453 50.0 Z""></path>
<path fill="""" fill-opacity=""1.0""  filling=""0"" d=""M193.33299255371094 50.0 L76.66699981689453 50.0 C74.66699981689453 50.0 73.33300018310547 48.66699981689453 73.33300018310547 46.66699981689453 C73.33300018310547 44.66699981689453 74.66699981689453 43.33300018310547 76.66699981689453 43.33300018310547 L193.33299255371094 43.33300018310547 C195.33299255371094 43.33300018310547 196.66700744628906 44.66699981689453 196.66700744628906 46.66699981689453 C196.66700744628906 48.66699981689453 195.33299255371094 50.0 193.33299255371094 50.0 Z M122.66699981689453 156.66700744628906 L66.0 156.66700744628906 C55.33300018310547 156.66700744628906 46.66699981689453 148.0 46.66699981689453 136.66700744628906 C46.66699981689453 126.66699981689453 53.33300018310547 118.66699981689453 62.66699981689453 116.66699981689453 C62.66699981689453 98.0 77.33300018310547 83.33300018310547 94.66699981689453 83.33300018310547 C109.33300018310547 83.33300018310547 121.33300018310547 92.66699981689453 125.33300018310547 106.66699981689453 C137.33299255371094 108.66699981689453 146.0 118.66699981689453 146.0 131.33299255371094 C146.66700744628906 145.33299255371094 136.0 156.66700744628906 122.66699981689453 156.66700744628906 Z M66.0 123.33300018310547 C59.33300018310547 123.33300018310547 53.33300018310547 129.33299255371094 53.33300018310547 136.66700744628906 C53.33300018310547 144.0 59.33300018310547 150.0 66.0 150.0 L122.0 150.0 C132.0 150.0 139.33299255371094 142.0 139.33299255371094 131.33299255371094 C139.33299255371094 121.33300018310547 132.0 113.33300018310547 122.66699981689453 113.33300018310547 C121.33300018310547 113.33300018310547 120.0 112.0 119.33300018310547 110.66699981689453 C116.66699981689453 98.66699981689453 106.66699981689453 90.0 94.66699981689453 90.0 C80.66699981689453 90.0 69.33300018310547 102.0 69.33300018310547 116.66699981689453 L69.33300018310547 119.33300018310547 C69.33300018310547 120.66699981689453 69.33300018310547 121.33300018310547 68.66699981689453 122.0 C68.0 123.33300018310547 66.66699981689453 123.33300018310547 66.0 123.33300018310547 Z""></path></svg>"
a768d35479dada1dae71da76807f058f,"<svg xmlns=""http://www.w3.org/2000/svg"" viewBox=""0.0 0.0 200.0 200.0"" height=""200.0px"" width=""200.0px""><path fill=""#231815"" fill-opacity=""1.0""  filling=""0"" d=""M159.41600036621094 156.53700256347656 C197.69900512695312 128.50599670410156 210.94900512695312 77.08799743652344 190.30099487304688 34.36500549316406 C190.10699462890625 33.964996337890625 189.91000366210938 33.563995361328125 189.71099853515625 33.16600036621094 L189.68899536132812 33.121002197265625 C174.65199279785156 3.0490036010742188 136.05299377441406 -6.0619964599609375 109.15599822998047 14.111000061035156 A23.240999221801758 23.240999221801758 0.0 0 0 102.68900299072266 21.566001892089844 C101.53299713134766 23.678001403808594 98.46700286865234 23.678001403808594 97.31099700927734 21.566001892089844 A23.288999557495117 23.288999557495117 0.0 0 0 90.84400177001953 14.111000061035156 C63.946998596191406 -6.0619964599609375 25.347999572753906 3.0490036010742188 10.311996459960938 33.12300109863281 L10.291000366210938 33.167999267578125 C10.092002868652344 33.566001892089844 9.895004272460938 33.96699523925781 9.701004028320312 34.36700439453125 C-10.946998596191406 77.08999633789062 2.3030014038085938 128.50799560546875 40.58599853515625 156.53900146484375 L91.70700073242188 193.968994140625 C96.6449966430664 197.58399963378906 103.35700225830078 197.58399963378906 108.29499816894531 193.968994140625 L159.41600036621094 156.53700256347656 Z""></path></svg>"
023d5f817a9967267a3dba34251f98df,"<svg xmlns=""http://www.w3.org/2000/svg"" viewBox=""0.0 0.0 200.0 200.0"" height=""200.0px"" width=""200.0px""><path fill=""#914C12"" fill-opacity=""1.0""  filling=""0"" d=""M132.6240234375 33.640037536621094 L150.6240234375 33.640037536621094 A4.0 4.0 0.0 0 1 154.6240234375 37.64003372192383 L154.6240234375 69.64004516601562 L131.72402954101562 64.35391235351562 A4.0 4.0 0.0 0 1 128.6240234375 60.458011627197266 L128.6240234375 37.638084411621094 A4.0 4.0 0.0 0 1 132.6240234375 33.638084411621094 L132.6240234375 33.640037536621094 Z""></path>
<path fill=""#BD6117"" fill-opacity=""1.0""  filling=""0"" d=""M40.143943786621094 79.84004211425781 L100.0 29.640045166015625 L159.85604858398438 79.84004211425781 A6.0 6.0 0.0 0 1 162.0 84.4400405883789 L162.0 167.64004516601562 A6.0 6.0 0.0 0 1 156.0 173.64004516601562 L44.0 173.64004516601562 A6.0 6.0 0.0 0 1 38.0 167.64004516601562 L38.0 84.4400405883789 A6.0 6.0 0.0 0 1 40.143943786621094 79.84198760986328 L40.143943786621094 79.84004211425781 Z""></path>
<path fill=""#70370B"" fill-opacity=""1.0""  filling=""0"" d=""M38.0 155.64004516601562 L162.0 155.64004516601562 L162.0 165.64004516601562 L38.0 165.64004516601562 L38.0 155.64004516601562 Z M38.0 129.64004516601562 L162.0 129.64004516601562 L162.0 139.64002990722656 L38.0 139.64002990722656 L38.0 129.64004516601562 Z M38.0 103.64004516601562 L162.0 103.64004516601562 L162.0 113.64002990722656 L38.0 113.64002990722656 L38.0 103.64004516601562 Z M38.0 77.6400375366211 L162.0 77.6400375366211 L162.0 87.64004516601562 L38.0 87.64004516601562 L38.0 77.6400375366211 Z M68.0 51.64004135131836 L134.0 51.64004135131836 L134.0 61.640037536621094 L68.0 61.640037536621094 L68.0 51.64004135131836 Z""></path>
<path fill=""#FC9A24"" fill-opacity=""1.0""  filling=""0"" d=""M27.07207489013672 90.29609680175781 A7.174023151397705 7.174023151397705 0.0 0 1 27.651954650878906 79.63008117675781 L93.9839859008789 26.361915588378906 L94.17793273925781 26.175979614257812 A7.966015338897705 7.966015338897705 0.0 0 1 97.7240219116211 24.322067260742188 L97.8900375366211 24.283981323242188 L98.0140609741211 24.259963989257812 A7.993945598602295 7.993945598602295 0.0 0 1 105.2699203491211 26.440032958984375 L105.3880844116211 26.559959411621094 L170.76795959472656 79.5999984741211 A7.2099609375 7.2099609375 0.0 0 1 171.32208251953125 90.29609680175781 L170.7619171142578 90.8560562133789 A8.0 8.0 0.0 0 1 160.06602478027344 91.40996551513672 L99.53398895263672 42.30390930175781 L38.32402038574219 91.4599609375 A8.0 8.0 0.0 0 1 27.656051635742188 90.88008117675781 L27.07207489013672 90.29609680175781 Z""></path>
<path fill=""#ABE4FE"" fill-opacity=""1.0""  filling=""0"" d=""M72.6240234375 69.64004516601562 L124.6240234375 69.64004516601562 C128.6240234375 69.64004516601562 128.6240234375 69.64004516601562 128.6240234375 73.6400375366211 L128.6240234375 101.64002990722656 C128.6240234375 105.64004516601562 128.6240234375 105.64004516601562 124.6240234375 105.64004516601562 L72.6240234375 105.64004516601562 C68.6240234375 105.64004516601562 68.6240234375 105.64004516601562 68.6240234375 101.64002990722656 L68.6240234375 73.6400375366211 C68.6240234375 69.64004516601562 68.6240234375 69.64004516601562 72.6240234375 69.64004516601562 Z""></path>
<path fill=""#FECD34"" fill-opacity=""1.0""  filling=""0"" d=""M80.6240234375 111.6400375366211 L116.6240234375 111.6400375366211 C120.62401580810547 111.6400375366211 120.62401580810547 111.6400375366211 120.62401580810547 115.64004516601562 L120.62401580810547 169.64004516601562 C120.62401580810547 173.64004516601562 120.62401580810547 173.64004516601562 116.6240234375 173.64004516601562 L80.6240234375 173.64004516601562 C76.6240234375 173.64004516601562 76.6240234375 173.64004516601562 76.6240234375 169.64004516601562 L76.6240234375 115.64004516601562 C76.6240234375 111.6400375366211 76.6240234375 111.6400375366211 80.6240234375 111.6400375366211 Z""></path>
<path fill=""#E30027"" fill-opacity=""1.0""  filling=""0"" d=""M107.62401580810547 137.64002990722656 L120.62401580810547 137.64002990722656 L120.62401580810547 147.64004516601562 L107.62401580810547 147.64004516601562 A5.0 5.0 0.0 0 1 107.62401580810547 137.64002990722656 Z""></path></svg>"
de9aefbc28b32b7996b92dda6ad0d460,"<svg xmlns=""http://www.w3.org/2000/svg"" viewBox=""0.0 0.0 200.0 200.0"" height=""200.0px"" width=""200.0px""><path fill=""#000000"" fill-opacity=""1.0""  filling=""0"" d=""M100.0 20.833396911621094 C155.22500610351562 20.833396911621094 183.33340454101562 48.94160079956055 183.33340454101562 104.1666030883789 C183.33340454101562 132.08340454101562 179.27499389648438 154.3583984375 169.58340454101562 167.75 C164.75 175.16661071777344 156.75 179.16659545898438 145.83340454101562 179.16659545898438 C126.80000305175781 179.16659545898438 116.6666030883789 167.00839233398438 116.6666030883789 145.83340454101562 C116.6666030883789 124.65839385986328 126.80000305175781 112.5 145.83340454101562 112.5 C154.47500610351562 112.5 161.2834014892578 115.0 166.13340759277344 119.7249984741211 C166.49160766601562 114.83340454101562 166.66659545898438 109.62500762939453 166.66659545898438 104.1666030883789 C166.66659545898438 58.1416015625 146.02499389648438 37.5 100.0 37.5 C53.974998474121094 37.5 33.333396911621094 58.1416015625 33.333396911621094 104.1666030883789 C33.333396911621094 109.6166000366211 33.5166015625 114.81660461425781 33.875 119.71659851074219 C38.72500228881836 115.0 45.53339385986328 112.5 54.166603088378906 112.5 C73.19999694824219 112.5 83.3333969116211 124.65839385986328 83.3333969116211 145.83340454101562 C83.3333969116211 167.00839233398438 73.19999694824219 179.16659545898438 54.166603088378906 179.16659545898438 C45.491600036621094 179.16659545898438 38.66660690307617 176.6416015625 33.80839538574219 171.8916015625 L33.774993896484375 171.91659545898438 L33.116600036621094 171.1833953857422 A24.6083984375 24.6083984375 0.0 0 1 30.400001525878906 167.70840454101562 C20.75 153.99160766601562 16.666603088378906 131.79159545898438 16.666603088378906 104.1666030883789 C16.666603088378906 48.94160079956055 44.77499771118164 20.833396911621094 100.0 20.833396911621094 Z""></path></svg>"
e9bb9c99188432d39681c16f3932baa8,"<svg xmlns=""http://www.w3.org/2000/svg"" viewBox=""0.0 0.0 200.0 200.0"" height=""200.0px"" width=""200.0px""><path fill="""" fill-opacity=""1.0""  filling=""0"" d=""M163.4765625 146.71875 L36.5234375 146.71875 C32.890625 146.71875 29.9609375 143.8671875 29.9609375 140.3515625 L29.9609375 91.50390625 L170.0390625 91.50390625 L170.0390625 140.3515625 C170.0390625 143.8671875 167.109375 146.71875 163.4765625 146.71875 Z M43.0859375 133.984375 L69.35546875 133.984375 L69.35546875 127.6171875 L43.0859375 127.6171875 L43.0859375 133.984375 Z M108.75 114.86327362060547 L43.0859375 114.86327362060547 L43.0859375 121.23046875 L108.75 121.23046875 L108.75 114.86327362060547 Z M29.9609375 59.6484375 C29.9609375 56.1328125 32.890625 53.281246185302734 36.5234375 53.281246185302734 L163.4765625 53.281246185302734 C167.109375 53.281246185302734 170.0390625 56.1328125 170.0390625 59.6484375 L170.0390625 78.76953125 L29.9609375 78.76953125 L29.9609375 59.6484375 Z""></path></svg>"
d51db1cba1c46a0de571af7d65e6ac18,"<svg xmlns=""http://www.w3.org/2000/svg"" viewBox=""0.0 0.0 200.0 200.0"" height=""200.0px"" width=""200.0px""><path fill=""#434343"" fill-opacity=""1.0""  filling=""0"" d=""M12.887504577636719 0.0 L75.0999984741211 0.0 C82.0875015258789 0.0 87.75 5.637504577636719 87.75 12.612495422363281 L68.0 32.30000305175781 L167.75 132.0625 L187.375 112.5 C194.33749389648438 112.5 199.98748779296875 118.125 199.98748779296875 125.07499694824219 L199.98748779296875 186.89999389648438 C199.98748779296875 193.83749389648438 194.33749389648438 199.47500610351562 187.375 199.47500610351562 L125.3499984741211 199.47500610351562 C118.375 199.47500610351562 112.73750305175781 193.83749389648438 112.73750305175781 186.89999389648438 L132.5124969482422 167.1875 L32.76250457763672 67.4375 L12.887504577636719 87.25 C5.900001525878906 87.25 0.2375030517578125 81.5999984741211 0.2375030517578125 74.63750457763672 L0.2375030517578125 12.612495422363281 C0.25 5.637504577636719 5.912498474121094 0.0 12.887504577636719 0.0 L12.887504577636719 0.0 Z""></path></svg>"
c973d2ca1c58f013c507decae31a0c26,"<svg xmlns=""http://www.w3.org/2000/svg"" viewBox=""0.0 0.0 200.0 200.0"" height=""200.0px"" width=""200.0px""><path fill="""" fill-opacity=""1.0""  filling=""0"" d=""M99.1009750366211 118.64805603027344 L94.1500015258789 118.64805603027344 L94.1500015258789 125.8490219116211 L99.1009750366211 125.8490219116211 C101.5009765625 125.8490219116211 102.90098571777344 124.09902954101562 102.90098571777344 122.24803924560547 C102.90098571777344 120.39706420898438 101.5009765625 118.64805603027344 99.1009750366211 118.64805603027344 Z M140.0 10.0 L60.000003814697266 10.0 C32.38593292236328 10.0 10.0 32.38593292236328 10.0 60.000003814697266 L10.0 140.0 C10.0 167.61407470703125 32.38593292236328 190.0 60.000003814697266 190.0 L140.0 190.0 C167.61407470703125 190.0 190.0 167.61407470703125 190.0 140.0 L190.0 60.000003814697266 C190.0 32.38593292236328 167.61407470703125 10.0 140.0 10.0 Z M78.70195770263672 134.1990203857422 C78.70195770263672 142.64999389648438 72.001953125 146.6999969482422 65.30195617675781 146.6999969482422 C61.15195083618164 146.6999969482422 58.5009765625 145.6999969482422 55.600975036621094 142.8009796142578 L61.35097885131836 137.10000610351562 C62.45097351074219 138.1999969482422 63.350975036621094 138.90097045898438 65.30195617675781 138.90097045898438 C68.001953125 138.90097045898438 69.95195007324219 137.40097045898438 69.95195007324219 134.0009765625 L69.95195007324219 110.80000305175781 L78.70195770263672 110.80000305175781 L78.70195770263672 134.1990203857422 Z M99.5009765625 133.6990203857422 L94.1500015258789 133.6990203857422 L94.1500015258789 146.39999389648438 L85.39999389648438 146.39999389648438 L85.39999389648438 110.79804992675781 L99.5009765625 110.79804992675781 C107.4009780883789 110.79804992675781 111.6519546508789 116.3980484008789 111.6519546508789 122.24803924560547 C111.6519546508789 128.09805297851562 107.4009780883789 133.6990203857422 99.5009765625 133.6990203857422 Z M143.0519561767578 130.85000610351562 C143.0519561767578 136.60000610351562 142.15194702148438 139.9509735107422 139.45196533203125 142.70098876953125 C136.40194702148438 145.85098266601562 133.0009765625 146.7009735107422 129.10098266601562 146.7009735107422 C124.95098114013672 146.7009735107422 121.80000305175781 145.30194091796875 119.20000457763672 142.70098876953125 C115.44999694824219 138.9499969482422 115.60000610351562 133.9499969482422 115.60000610351562 128.60000610351562 C115.60000610351562 123.24901580810547 115.44999694824219 118.248046875 119.20000457763672 114.498046875 C121.80000305175781 111.89805603027344 124.80097961425781 110.498046875 129.10098266601562 110.498046875 C138.2509765625 110.498046875 142.15194702148438 116.44902038574219 143.001953125 122.29902648925781 L134.2009735107422 122.29902648925781 C133.5009765625 119.5990219116211 132.10098266601562 118.29901885986328 129.10098266601562 118.29901885986328 C127.5009765625 118.29901885986328 126.30097961425781 118.998046875 125.6509780883789 119.84902954101562 C124.8509750366211 120.89901733398438 124.3509750366211 122.09999084472656 124.3509750366211 128.60000610351562 C124.3509750366211 135.09999084472656 124.8509750366211 136.35000610351562 125.6509780883789 137.40097045898438 C126.30097961425781 138.2509765625 127.5009765625 138.90097045898438 129.10098266601562 138.90097045898438 C130.9509735107422 138.90097045898438 132.20098876953125 138.35000610351562 133.0009765625 137.5009765625 C134.0009765625 136.5009765625 134.35098266601562 135.0509796142578 134.35098266601562 133.6999969482422 L134.35098266601562 133.1999969482422 L129.10098266601562 133.1999969482422 L129.10098266601562 125.89903259277344 L143.0519561767578 125.89903259277344 L143.0519561767578 130.85000610351562 Z M173.0 87.0 L153.0 87.0 C130.90899658203125 87.0 113.0 69.09199523925781 113.0 47.000003814697266 L113.0 27.0 L133.0 27.0 C155.09100341796875 27.0 173.0 44.90801239013672 173.0 67.0 L173.0 87.0 Z""></path></svg>"
45486555-9f01-4a7e-8432-3734af76555c,"<svg height=""128"" viewBox=""0 0 24 24"" width=""128"" xmlns=""http://www.w3.org/2000/svg""><path d=""m4 1a1 1 0 0 0 -1 1v20a1 1 0 0 0 2 0v-7h6v2a1 1 0 0 0 1 1h8a1 1 0 0 0 1-1v-11a1 1 0 0 0 -1-1h-7v-1a1 1 0 0 0 -1-1h-7v-1a1 1 0 0 0 -1-1zm9 13v-7h6v9h-6zm-2-9v8h-6v-8z""/></svg>"
93319c64-c2b3-4b7a-a210-e95e9831f06f,"<svg height=""128"" viewBox=""0 0 16 16"" width=""128"" xmlns=""http://www.w3.org/2000/svg""><path d=""m5.5 8a.5.5 0 0 1 .5-.5h4a.5.5 0 0 1 0 1h-4a.5.5 0 0 1 -.5-.5z"" fill-rule=""evenodd""/><path d=""m10.27 2.51-.92-.94.72-.7.62.64.89-.01a2.89 2.89 0 0 1 2.92 2.92l-.01.89.64.62a2.89 2.89 0 0 1 0 4.13l-.64.62.01.89a2.89 2.89 0 0 1 -2.92 2.92l-.89-.01-.62.64a2.89 2.89 0 0 1 -4.13 0l-.62-.64-.89.01a2.89 2.89 0 0 1 -2.92-2.92l.01-.89-.64-.62a2.89 2.89 0 0 1 0-4.13l.64-.62-.01-.89a2.89 2.89 0 0 1 2.92-2.92l.89.01.62-.64a2.89 2.89 0 0 1 4.13 0l-.72.7a1.89 1.89 0 0 0 -2.7 0l-.92.94-1.32-.02a1.89 1.89 0 0 0 -1.91 1.91l.02 1.32-.94.92a1.89 1.89 0 0 0 0 2.7l.94.92-.02 1.32a1.89 1.89 0 0 0 1.91 1.91l1.32-.02.92.94a1.89 1.89 0 0 0 2.7 0l.92-.94 1.32.02a1.89 1.89 0 0 0 1.91-1.91l-.02-1.32.94-.92a1.89 1.89 0 0 0 0-2.7l-.94-.92.02-1.32a1.89 1.89 0 0 0 -1.91-1.91z""/></svg>"
1b36f0fd37021a1d271d1e655ab88e91,"<svg xmlns=""http://www.w3.org/2000/svg"" viewBox=""0.0 0.0 200.0 200.0"" height=""200.0px"" width=""200.0px""><path fill=""#6FCBF6"" fill-opacity=""1.0""  filling=""0"" d=""M15.889999389648438 99.83999633789062 A84.95999908447266 84.95999908447266 0.0 1 0 185.80999755859375 99.83999633789062 A84.95999908447266 84.95999908447266 0.0 1 0 15.889999389648438 99.83999633789062 Z""></path>
<path fill=""#68BEF3"" fill-opacity=""1.0""  filling=""0"" d=""M16.73999786376953 111.70999908447266 A84.11000061035156 73.08999633789062 0.0 1 0 184.9600067138672 111.70999908447266 A84.11000061035156 73.08999633789062 0.0 1 0 16.73999786376953 111.70999908447266 Z""></path>
<path fill=""#5CAAF0"" fill-opacity=""1.0""  filling=""0"" d=""M19.279998779296875 123.56999969482422 A81.56999969482422 61.22999954223633 0.0 1 0 182.4199981689453 123.56999969482422 A81.56999969482422 61.22999954223633 0.0 1 0 19.279998779296875 123.56999969482422 Z""></path>
<path fill=""#4F94EB"" fill-opacity=""1.0""  filling=""0"" d=""M23.709999084472656 135.44000244140625 A77.13999938964844 49.36000061035156 0.0 1 0 177.99000549316406 135.44000244140625 A77.13999938964844 49.36000061035156 0.0 1 0 23.709999084472656 135.44000244140625 Z""></path>
<path fill=""#3A8CE6"" fill-opacity=""1.0""  filling=""0"" d=""M33.290000915527344 151.33999633789062 A67.55999755859375 33.459999084472656 0.0 1 0 168.41000366210938 151.33999633789062 A67.55999755859375 33.459999084472656 0.0 1 0 33.290000915527344 151.33999633789062 Z""></path>
<path fill=""#FFFFFF"" fill-opacity=""1.0""  filling=""0"" d=""M90.20999908447266 137.44000244140625 C87.52999877929688 137.44000244140625 84.83999633789062 136.72999572753906 82.4000015258789 135.32000732421875 C77.51000213623047 132.5 74.58999633789062 127.44000244140625 74.58999633789062 121.79000091552734 L74.58999633789062 77.9000015258789 C74.58999633789062 72.25 77.51000213623047 67.19000244140625 82.4000015258789 64.37000274658203 C87.29000091552734 61.54999923706055 93.12999725341797 61.54999923706055 98.02999877929688 64.37000274658203 L136.0399932861328 86.30999755859375 C140.92999267578125 89.12999725341797 143.85000610351562 94.19000244140625 143.85000610351562 99.83999633789062 C143.85000610351562 105.48999786376953 140.92999267578125 110.55000305175781 136.0399932861328 113.37000274658203 L98.02999877929688 135.30999755859375 C95.56999969482422 136.72999572753906 92.88999938964844 137.44000244140625 90.20999908447266 137.44000244140625 Z M90.58000183105469 78.54000091552734 L90.58000183105469 121.13999938964844 L127.47000122070312 99.83999633789062 L90.58000183105469 78.54000091552734 Z""></path></svg>"
e806d9f46ba842485ff904bfcd677b0e,"<svg xmlns=""http://www.w3.org/2000/svg"" viewBox=""0.0 0.0 200.0 200.0"" height=""200.0px"" width=""200.0px""><path fill="""" fill-opacity=""1.0""  filling=""0"" d=""M187.5 112.5 C186.72500610351562 112.5 186.0749969482422 112.19999694824219 185.33749389648438 112.0625 C180.29998779296875 126.82499694824219 166.46249389648438 137.5 150.0 137.5 L150.0 50.0 L137.5 50.0 A12.5 12.5 0.0 0 0 125.0 37.5 L75.0 37.5 C68.0999984741211 37.5 62.5 43.099998474121094 62.5 50.0 L50.0 50.0 L50.0 150.0 A12.5 12.5 0.0 0 0 62.5 162.5 A12.5 12.5 0.0 0 1 75.0 150.0 L87.5 150.0 A12.5 12.5 0.0 0 1 100.0 162.5 L100.0 175.0 A12.5 12.5 0.0 0 1 87.5 187.5 L75.0 187.5 A12.5 12.5 0.0 0 1 62.5 175.0 C48.69999694824219 175.0 37.5 163.8000030517578 37.5 150.0 L37.5 135.27499389648438 A37.52910232543945 37.52910232543945 0.0 0 1 14.662498474121094 112.0625 C13.9375 112.19999694824219 13.275001525878906 112.5 12.5 112.5 A12.50410270690918 12.50410270690918 0.0 0 1 12.5 87.5 C13.237503051757812 87.5 13.875 87.80000305175781 14.587493896484375 87.92500305175781 A37.54159927368164 37.54159927368164 0.0 0 1 37.5 64.80000305175781 L37.5 50.0 A37.5 37.5 0.0 0 1 75.0 12.5 L125.0 12.5 A37.5 37.5 0.0 0 1 162.5 50.0 L162.5 64.80000305175781 A37.67910385131836 37.67910385131836 0.0 0 1 185.42498779296875 87.92500305175781 C186.125 87.80000305175781 186.75 87.5 187.5 87.5 A12.5 12.5 0.0 1 1 187.5 112.5 Z M37.5 87.5 L25.0 87.5 L25.0 112.5 L37.5 112.5 L37.5 87.5 Z M175.0 87.5 L162.5 87.5 L162.5 112.5 L175.0 112.5 L175.0 87.5 Z""></path></svg>"
b373d88e7addf0b42a6edb3236b0e013,"<svg xmlns=""http://www.w3.org/2000/svg"" viewBox=""0.0 0.0 200.0 200.0"" height=""200.0px"" width=""200.0px""><path fill=""#7dc5eb"" fill-opacity=""1.0""  filling=""0"" d=""M24.2760009765625 146.56300354003906 L32.04199981689453 188.656005859375 L68.26100158691406 188.5760040283203 L57.145999908447266 142.85899353027344 L24.2760009765625 146.56300354003906 Z M62.861000061035156 142.85899353027344 L45.71699905395508 85.71299743652344 L151.5399932861328 5.7089996337890625 L188.58200073242188 160.0030059814453 L62.861000061035156 142.85899353027344 Z""></path>
<path fill=""#333303"" fill-opacity=""1.0""  filling=""0"" d=""M80.00399780273438 57.14099884033203 L120.00700378417969 28.567001342773438 L148.5800018310547 154.28900146484375 L102.86299896240234 148.57400512695312 L80.00399780273438 57.14099884033203 Z M5.714996337890625 131.42999267578125 C2.0970001220703125 116.91000366210938 9.361000061035156 101.03399658203125 22.858001708984375 97.14299774169922 L45.71699905395508 85.71299743652344 L62.861000061035156 142.85899353027344 L40.00199890136719 148.57400512695312 C26.503997802734375 152.46600341796875 9.332000732421875 145.95700073242188 5.714996337890625 131.42999267578125 Z M176.12399291992188 108.0979995727539 L162.86599731445312 52.882999420166016 C165.6320037841797 51.957000732421875 168.5240020751953 51.465999603271484 171.43800354003906 51.42599868774414 A28.527000427246094 28.527000427246094 0.0 0 1 176.12399291992188 108.0979995727539 Z""></path></svg>"
thesantatitan_deepseek-svg-dataset_0002725,"<svg width=""100"" height=""100"" viewBox=""0 0 100 100"" xmlns=""http://www.w3.org/2000/svg"">
  <rect width=""100"" height=""100"" fill=""#000000""/>
  <defs>
    <linearGradient id=""petalGradient"" x1=""0%"" y1=""0%"" x2=""100%"" y2=""100%"">
      <stop offset=""0%"" style=""stop-color:#FFFFFF;stop-opacity:1""/>
      <stop offset=""100%"" style=""stop-color:#FF0000;stop-opacity:1""/>
    </linearGradient>
  </defs>
  <path d=""M50,50m-18,0a18,18 0 1,1 36,0a18,18 0 1,1-36,0"" fill=""url(#petalGradient)""/>
  <path d=""M50,50m-25,0a25,25 0 1,1 50,0a25,25 0 1,1-50,0"" fill=""url(#petalGradient)""/>
  <circle cx=""50"" cy=""50"" r=""18"" fill=""#FF0000""/>
  <path d=""M50,50m-28,0a28,28 0 1,1 56,0a28,28 0 1,1-56,0"" fill=""url(#petalGradient)""/>
</svg>"
ad7370692ccf45080b0313e775fdc09b,"<svg xmlns=""http://www.w3.org/2000/svg"" viewBox=""0.0 0.0 200.0 200.0"" height=""200.0px"" width=""200.0px""><path fill=""#2F3135"" fill-opacity=""1.0""  filling=""0"" d=""M169.46328735351562 200.0 L21.819137573242188 200.0 L21.819137573242188 78.44023895263672 L47.8740234375 78.44023895263672 L47.8740234375 52.389644622802734 L65.2607421875 52.389644622802734 L65.2607421875 78.44023895263672 L134.74041748046875 78.44023895263672 L134.74041748046875 52.389644622802734 L152.12734985351562 52.389644622802734 L152.12734985351562 78.44023895263672 L178.18223571777344 78.44023895263672 L178.18223571777344 200.0 L169.46328735351562 200.0 Z M160.7783203125 95.80586242675781 L39.189064025878906 95.80586242675781 L39.189064025878906 182.63436889648438 L160.7783203125 182.63436889648438 L160.7783203125 95.80586242675781 Z M134.6046905517578 52.12675857543945 A34.67617416381836 34.67617416381836 0.0 0 0 65.25664520263672 52.12675857543945 L47.869728088378906 52.12675857543945 L47.869728088378906 51.97832107543945 A51.961326599121094 51.961326599121094 0.0 0 1 151.79238891601562 51.97832107543945 L151.79238891601562 52.12675857543945 L134.6046905517578 52.12675857543945 Z""></path></svg>"
ea45dd1338d4e9dbf629a33711d73ae4,"<svg height=""128"" viewBox=""0 0 72 72"" width=""128"" xmlns=""http://www.w3.org/2000/svg""><path d=""m28.92 27.91c8.15-6.83 20.77-4.93 20.77-4.93s-.6 12.84-8.62 19.46-20.77 4.92-20.77 4.92.47-12.62 8.62-19.45z"" fill=""#b1cc33""/><g fill=""none"" stroke=""#000000"" stroke-linecap=""round"" stroke-linejoin=""round"" stroke-width=""2""><path d=""m29.63 27.91c8.15-6.83 20.77-4.93 20.77-4.93s-.6 12.84-8.62 19.46-20.77 4.92-20.77 4.92.47-12.62 8.62-19.45z""/><path d=""m54.09 38.54a10.25 10.25 0 0 1 -1.58 4.74 11.32 11.32 0 0 1 -7.9 4.74""/><path d=""m58.83 41.7a10.25 10.25 0 0 1 -1.58 4.74 11.32 11.32 0 0 1 -7.9 4.74""/><path d=""m17.74 30.64a10.25 10.25 0 0 1 1.58-4.74 11.32 11.32 0 0 1 7.9-4.74""/><path d=""m13 27.48a10.25 10.25 0 0 1 1.58-4.74 11.32 11.32 0 0 1 7.9-4.74""/><path d=""m18 50l2.9-2.98""/></g></svg>"
5a7b83c366f20f47b4fee61d4ed46672,"<svg xmlns=""http://www.w3.org/2000/svg"" viewBox=""0.0 0.0 200.0 200.0"" height=""200.0px"" width=""200.0px""><path fill=""#111111"" fill-opacity=""1.0""  filling=""0"" d=""M150.66400146484375 25.762001037597656 L49.33599853515625 25.762001037597656 C35.74200439453125 25.762001037597656 24.746002197265625 36.777000427246094 24.746002197265625 50.35200119018555 L24.746002197265625 115.56600189208984 C24.746002197265625 129.16000366210938 35.762001037597656 140.156005859375 49.33599853515625 140.156005859375 L57.012001037597656 140.156005859375 L46.816001892089844 164.08200073242188 C45.37099838256836 167.98800659179688 47.362998962402344 172.30499267578125 51.27000045776367 173.75 C55.17599868774414 175.19500732421875 59.492000579833984 173.2030029296875 60.9379997253418 169.2969970703125 L75.27300262451172 135.64500427246094 C75.29299926757812 135.58599853515625 75.33200073242188 135.50799560546875 75.35199737548828 135.44900512695312 L75.4489974975586 135.23399353027344 C75.50800323486328 135.0780029296875 75.5270004272461 134.90199279785156 75.58599853515625 134.74600219726562 C75.66400146484375 134.49200439453125 75.74199676513672 134.218994140625 75.8010025024414 133.94500732421875 C75.85900115966797 133.6719970703125 75.85900115966797 133.3979949951172 75.87899780273438 133.125 C75.89800262451172 132.94900512695312 75.93800354003906 132.79299926757812 75.93800354003906 132.61700439453125 C75.93800354003906 132.5590057373047 75.91799926757812 132.52000427246094 75.91799926757812 132.46099853515625 C75.91799926757812 132.16799926757812 75.87899780273438 131.89500427246094 75.83999633789062 131.6020050048828 C75.81999969482422 131.38699340820312 75.8010025024414 131.1719970703125 75.74199676513672 130.95700073242188 C75.68399810791016 130.72300720214844 75.6050033569336 130.48800659179688 75.5270004272461 130.25399780273438 C75.4489974975586 130.02000427246094 75.39099884033203 129.78500366210938 75.29299926757812 129.57000732421875 C75.19499969482422 129.35499572753906 75.0780029296875 129.16000366210938 74.96099853515625 128.96499633789062 C74.84400177001953 128.75 74.72699737548828 128.53500366210938 74.58999633789062 128.32000732421875 C74.4530029296875 128.125 74.2770004272461 127.93000030517578 74.12100219726562 127.75399780273438 C73.96499633789062 127.5780029296875 73.8280029296875 127.38300323486328 73.6520004272461 127.22699737548828 C73.47699737548828 127.0510025024414 73.28099822998047 126.91400146484375 73.08599853515625 126.75800323486328 C72.89099884033203 126.60199737548828 72.71499633789062 126.44499969482422 72.5 126.30899810791016 C72.3239974975586 126.19100189208984 72.12899780273438 126.09400177001953 71.93399810791016 125.99600219726562 C71.68000030517578 125.85900115966797 71.4260025024414 125.7229995727539 71.1719970703125 125.625 C71.11299896240234 125.6050033569336 71.0739974975586 125.56600189208984 71.03500366210938 125.5469970703125 C70.87899780273438 125.48799896240234 70.7030029296875 125.46900177001953 70.5469970703125 125.41000366210938 C70.29299926757812 125.33200073242188 70.0199966430664 125.25399780273438 69.74600219726562 125.19499969482422 C69.4729995727539 125.13700103759766 69.1989974975586 125.13700103759766 68.9260025024414 125.11699676513672 C68.75 125.0979995727539 68.59400177001953 125.05899810791016 68.41799926757812 125.05899810791016 L49.35499954223633 125.05899810791016 C44.082000732421875 125.05899810791016 39.80500030517578 120.78099822998047 39.80500030517578 115.50800323486328 L39.80500030517578 50.35200119018555 C39.80500030517578 45.077999114990234 44.082000732421875 40.80099868774414 49.35499954223633 40.80099868774414 L150.7030029296875 40.80099868774414 C155.9770050048828 40.80099868774414 160.25399780273438 45.077999114990234 160.25399780273438 50.35200119018555 L160.25399780273438 115.56600189208984 C160.25399780273438 120.83999633789062 155.9770050048828 125.11699676513672 150.7030029296875 125.11699676513672 L98.49600219726562 125.11699676513672 C94.33599853515625 125.11699676513672 90.97699737548828 128.49600219726562 90.97699737548828 132.63699340820312 C90.97699737548828 136.7969970703125 94.3550033569336 140.156005859375 98.49600219726562 140.156005859375 L150.66400146484375 140.156005859375 C164.25799560546875 140.156005859375 175.25399780273438 129.14100646972656 175.25399780273438 115.56600189208984 L175.25399780273438 50.35200119018555 C175.2729949951172 36.777000427246094 164.25799560546875 25.762001037597656 150.66400146484375 25.762001037597656 Z""></path>
<path fill=""#111111"" fill-opacity=""1.0""  filling=""0"" d=""M124.08200073242188 69.41400146484375 C124.08200073242188 65.25399780273438 120.7030029296875 61.89500045776367 116.56199645996094 61.89500045776367 L62.362998962402344 61.89500045776367 C58.202999114990234 61.89500045776367 54.84400177001953 65.27300262451172 54.84400177001953 69.41400146484375 C54.84400177001953 73.5739974975586 58.222999572753906 76.93399810791016 62.362998962402344 76.93399810791016 L116.56199645996094 76.93399810791016 C120.7229995727539 76.93399810791016 124.08200073242188 73.5739974975586 124.08200073242188 69.41400146484375 Z""></path>
<path fill=""#00C569"" fill-opacity=""1.0""  filling=""0"" d=""M101.50399780273438 104.04299926757812 L62.362998962402344 104.04299926757812 C58.202999114990234 104.04299926757812 54.84400177001953 100.66400146484375 54.84400177001953 96.52300262451172 C54.84400177001953 92.36299896240234 58.222999572753906 89.00399780273438 62.362998962402344 89.00399780273438 L101.50399780273438 89.00399780273438 C105.66400146484375 89.00399780273438 109.02300262451172 92.38300323486328 109.02300262451172 96.52300262451172 C109.02300262451172 100.66400146484375 105.66400146484375 104.04299926757812 101.50399780273438 104.04299926757812 Z""></path></svg>"
4a082d8ce70f07f2c8ec4343fb09607e,"<svg xmlns=""http://www.w3.org/2000/svg"" viewBox=""0.0 0.0 200.0 200.0"" height=""200.0px"" width=""200.0px""><path fill=""currentColor"" fill-opacity=""1.0""  filling=""0"" d=""M150.01699829101562 91.80799865722656 C147.76699829101562 91.80799865722656 145.60000610351562 90.89199829101562 144.10000610351562 89.39199829101562 A8.307999610900879 8.307999610900879 0.0 0 1 144.01699829101562 77.58300018310547 L144.01699829101562 77.5 L154.81700134277344 66.76699829101562 L130.10800170898438 66.76699829101562 A33.05799865722656 33.05799865722656 0.0 0 0 102.79199981689453 80.90799713134766 L98.45800018310547 86.98300170898438 A50.025001525878906 50.025001525878906 0.0 0 1 84.95800018310547 100.06700134277344 C90.125 103.48300170898438 94.69200134277344 107.875 98.375 113.0999984741211 L102.69999694824219 119.18299865722656 A33.242000579833984 33.242000579833984 0.0 0 0 130.01699829101562 133.39999389648438 L154.89999389648438 133.39999389648438 L144.02499389648438 122.58300018310547 A8.225000381469727 8.225000381469727 0.0 0 1 144.02499389648438 110.76699829101562 A8.25 8.25 0.0 0 1 155.85800170898438 110.76699829101562 L180.8419952392578 135.72500610351562 A8.192000389099121 8.192000389099121 0.0 0 1 183.0500030517578 143.51699829101562 A8.357999801635742 8.357999801635742 0.0 0 1 179.66700744628906 148.54200744628906 L155.77499389648438 172.4080047607422 C154.19200134277344 173.9080047607422 152.02499389648438 174.8249969482422 149.85800170898438 174.8249969482422 L150.02499389648438 175.0 C147.77499389648438 175.0 145.60800170898438 174.08299255371094 144.10800170898438 172.58299255371094 A8.300000190734863 8.300000190734863 0.0 0 1 144.02499389648438 160.77499389648438 L144.02499389648438 160.69200134277344 L154.73300170898438 150.04200744628906 L130.02499389648438 150.04200744628906 A50.28300094604492 50.28300094604492 0.0 0 1 89.04199981689453 128.6580047607422 L84.79199981689453 122.58300018310547 A33.28300094604492 33.28300094604492 0.0 0 0 57.474998474121094 108.44200134277344 L24.824996948242188 108.44200134277344 A8.291999816894531 8.291999816894531 0.0 0 1 16.66699981689453 100.125 A8.25 8.25 0.0 0 1 25.0 91.80799865722656 L57.80799865722656 91.80799865722656 A33.46699905395508 33.46699905395508 0.0 0 0 84.88300323486328 77.58300018310547 L89.13300323486328 71.58300018310547 A48.92499923706055 48.92499923706055 0.0 0 1 129.77499389648438 50.20000076293945 L154.89199829101562 50.20000076293945 L144.02499389648438 39.391998291015625 L144.02499389648438 39.30799865722656 A8.232999801635742 8.232999801635742 0.0 0 1 144.02499389648438 27.5 A8.25 8.25 0.0 0 1 155.85800170898438 27.5 L180.83299255371094 52.45800018310547 C181.58299255371094 53.18299865722656 182.14999389648438 54.016998291015625 182.5500030517578 54.92499923706055 A8.333000183105469 8.333000183105469 0.0 0 1 183.3249969482422 58.44200134277344 C183.27499389648438 61.29999923706055 181.8249969482422 63.79199981689453 179.64199829101562 65.29199981689453 L155.75799560546875 89.14199829101562 C154.1750030517578 90.64199829101562 152.00799560546875 91.55799865722656 149.8419952392578 91.55799865722656 L150.00799560546875 91.80799865722656 L150.01699829101562 91.80799865722656 Z""></path></svg>"
2bc39245-d640-43d8-9530-b286f936c0ba,"<svg height=""128"" viewBox=""0 0 52 52"" width=""128"" xmlns=""http://www.w3.org/2000/svg""><path d=""m27.41 3.1l4.6 15c.2.6.8.9 1.4.9h15c1.5 0 2.1 2 .9 2.9l-12.2 9c-.5.4-.7 1.1-.5 1.7l5.8 15.4c.4 1.4-1.1 2.6-2.3 1.7l-13.1-9.8c-.5-.4-1.2-.4-1.8 0l-13.2 9.8c-1.2.9-2.8-.3-2.3-1.7l5.6-15.4c.2-.6 0-1.3-.5-1.7l-12.2-9c-1.2-.9-.5-2.9.9-2.9h15c.7 0 1.2-.2 1.4-.9l4.7-15.1c.4-1.4 2.4-1.3 2.8.1zm-1.4 9.7c-.01 1.37-.01 20.74-.01 21.7.19.15 2.93 2.19 8.24 6.12.7.52 1.57-.18 1.34-.99l-3.27-8.61c-.35-.77 0-1.27.43-1.54l6.86-4.78c.7-.53.35-1.7-.52-1.7h-8.06c-.35 0-1.27-.11-1.52-1.01l-2.67-8.55c-.11-.4-.47-.62-.82-.64z""/></svg>"
56a3f65b116a470d99c361fc2adfd5b0,"<svg xmlns=""http://www.w3.org/2000/svg"" viewBox=""0.0 0.0 200.0 200.0"" height=""200.0px"" width=""200.0px""><path fill=""#080808"" fill-opacity=""1.0""  filling=""0"" d=""M144.2550048828125 0.572998046875 C133.3249969482422 2.4899978637695312 123.9739990234375 9.136001586914062 116.46099853515625 20.330001831054688 C112.64600372314453 26.009002685546875 110.71199798583984 33.21400451660156 110.71199798583984 41.74399948120117 C110.71199798583984 48.74100112915039 112.02999877929688 54.972999572753906 112.91500091552734 58.36899948120117 C98.3030014038086 71.29299926757812 12.544998168945312 147.16900634765625 9.505996704101562 150.20799255371094 C3.9950027465820312 155.72000122070312 0.96099853515625 163.04400634765625 0.96099853515625 170.83200073242188 C0.96099853515625 178.62600708007812 3.9950027465820312 185.9499969482422 9.505996704101562 191.4550018310547 C15.011001586914062 196.96600341796875 22.334999084472656 200.0 30.128997802734375 200.0 C37.91699981689453 200.0 45.24100112915039 196.96600341796875 50.75199890136719 191.4550018310547 C60.005001068115234 182.20199584960938 132.93899536132812 99.0719985961914 143.2480010986328 87.31400299072266 L181.11300659179688 83.87200164794922 L176.26699829101562 76.87100219726562 C184.0240020751953 73.31600189208984 188.9929962158203 67.35299682617188 192.0989990234375 61.909000396728516 C197.4770050048828 52.48899841308594 198.36099243164062 42.83300018310547 198.3979949951172 42.426998138427734 L199.03900146484375 35.01499938964844 L169.69400024414062 49.6870002746582 L157.44500732421875 49.683998107910156 L151.42100524902344 40.97700119018555 L152.21400451660156 33.85200500488281 L183.8419952392578 12.766998291015625 L179.03199768066406 9.246002197265625 C178.36700439453125 8.758003234863281 162.5590057373047 -2.6370010375976562 144.2550048828125 0.572998046875 Z M148.32000732421875 64.72599792480469 L146.04400634765625 61.4119987487793 L152.8489990234375 57.685001373291016 L155.13800048828125 60.9900016784668 L148.32000732421875 64.72599792480469 Z M141.30099487304688 54.50899887084961 L139.0489959716797 51.22800064086914 L145.81700134277344 47.52299880981445 L148.08200073242188 50.79499816894531 L141.30099487304688 54.50899887084961 Z M171.40899658203125 69.85199737548828 L163.21800231933594 58.018001556396484 L171.65899658203125 58.020999908447266 L188.3520050048828 49.67499923706055 C187.54600524902344 52.237998962402344 186.38699340820312 55.150001525878906 184.73800659179688 57.99100112915039 C181.3939971923828 63.755001068115234 176.93899536132812 67.71600341796875 171.40899658203125 69.85199737548828 Z M168.71099853515625 12.834999084472656 L144.35899353027344 29.072998046875 L143.2050018310547 39.45399856567383 L130.99899291992188 46.1349983215332 A4.168000221252441 4.168000221252441 0.0 0 0 128.947998046875 48.823001861572266 A4.302999973297119 4.302999973297119 0.0 0 0 128.83200073242188 49.78799819946289 C128.83200073242188 50.624000549316406 129.08799743652344 51.448001861572266 129.56500244140625 52.150001525878906 L143.58399963378906 72.5469970703125 A4.1620001792907715 4.1620001792907715 0.0 0 0 149.01600646972656 73.84100341796875 L159.91099548339844 67.88099670410156 L166.12899780273438 76.86799621582031 L139.177001953125 79.31900024414062 L138.07899475097656 80.56999969482422 C137.2429962158203 81.52200317382812 54.41400146484375 176.00799560546875 44.86199951171875 185.56500244140625 C40.92599868774414 189.5019989013672 35.69599914550781 191.66900634765625 30.128997802734375 191.66900634765625 C24.563003540039062 191.66900634765625 19.332000732421875 189.5019989013672 15.39599609375 185.56500244140625 C11.464996337890625 181.62899780273438 9.291999816894531 176.3979949951172 9.291999816894531 170.83099365234375 C9.291999816894531 165.27099609375 11.464996337890625 160.03399658203125 15.39599609375 156.10400390625 C18.063003540039062 153.44900512695312 92.10299682617188 87.9000015258789 120.40399932861328 62.867000579833984 L122.4729995727539 61.03900146484375 L121.59400177001953 58.42100143432617 C121.56999969482422 58.349998474121094 119.04900360107422 50.64799880981445 119.04900360107422 41.74300003051758 C119.04900360107422 34.89799499511719 120.50199890136719 29.255996704101562 123.3759994506836 24.9739990234375 C129.57699584960938 15.739997863769531 137.08399963378906 10.292999267578125 145.6959991455078 8.781997680664062 C154.82000732421875 7.180000305175781 163.41299438476562 10.22900390625 168.71099853515625 12.834999084472656 Z""></path>
<path fill=""#080808"" fill-opacity=""1.0""  filling=""0"" d=""M112.1520004272461 93.75900268554688 L53.22999954223633 152.68699645996094 C51.60100173950195 154.30999755859375 48.9640007019043 154.30999755859375 47.33399963378906 152.68699645996094 A4.170000076293945 4.170000076293945 0.0 0 1 47.33399963378906 146.79100036621094 L106.26200103759766 87.86599731445312 C107.88500213623047 86.23899841308594 110.52799987792969 86.23899841308594 112.1520004272461 87.86599731445312 C113.78099822998047 89.49299621582031 113.78099822998047 92.13300323486328 112.1520004272461 93.75900268554688 Z M38.49700164794922 161.5240020751953 C36.1349983215332 159.16200256347656 32.99700164794922 157.86199951171875 29.65899658203125 157.86199951171875 C26.31999969482422 157.86199951171875 23.177001953125 159.16200256347656 20.820999145507812 161.5240020751953 C18.458999633789062 163.88600158691406 17.15899658203125 167.0229949951172 17.15899658203125 170.36199951171875 C17.15899658203125 173.7010040283203 18.458999633789062 176.843994140625 20.820999145507812 179.1999969482422 C25.692001342773438 184.0760040283203 33.625999450683594 184.0760040283203 38.49700164794922 179.1999969482422 C40.85900115966797 176.843994140625 42.159000396728516 173.7010040283203 42.159000396728516 170.36199951171875 C42.159000396728516 167.0229949951172 40.85900115966797 163.88600158691406 38.49700164794922 161.5240020751953 Z M29.65899658203125 166.1999969482422 C30.770004272460938 166.1999969482422 31.819000244140625 166.63299560546875 32.60699462890625 167.4199981689453 C33.39399719238281 168.2010040283203 33.8280029296875 169.25100708007812 33.8280029296875 170.36199951171875 C33.8280029296875 171.47900390625 33.39399719238281 172.52200317382812 32.60699462890625 173.30999755859375 C30.97699737548828 174.93299865722656 28.333999633789062 174.93299865722656 26.71099853515625 173.30999755859375 A4.136000156402588 4.136000156402588 0.0 0 1 25.48999786376953 170.36199951171875 A4.120999813079834 4.120999813079834 0.0 0 1 26.71099853515625 167.4199981689453 A4.145999908447266 4.145999908447266 0.0 0 1 29.65899658203125 166.1999969482422 Z""></path></svg>"
d0dd63edc498d8af5ad88feec3a3aa45,"<svg height=""128"" viewBox=""0 -4 50 50"" width=""128"" xmlns=""http://www.w3.org/2000/svg""><path d=""m90 197h-.25c-1.54 7.89-12 14-24.75 14s-23.21-6.11-24.75-14h-.25v-10h.22a10.41 10.41 0 0 1 -.22-2c0-8.84 11.19-16 25-16s25 7.16 25 16a10.41 10.41 0 0 1 -.22 2h.22zm-25-25c-12.15 0-22 5.82-22 13s9.85 13 22 13 22-5.82 22-13-9.85-13-22-13zm0 29c-9.51 0-17.77-3.4-22-8.4v3.4h.09c.87 6.71 10.34 12 21.92 12s21.05-5.29 21.91-12h.08v-3.4c-4.23 5-12.49 8.4-22 8.4z"" transform=""translate(-40 -169)""/></svg>"
62bc19fa5c982a11799d408868ea7a34,"<svg xmlns=""http://www.w3.org/2000/svg"" viewBox=""0.0 0.0 200.0 200.0"" height=""200.0px"" width=""200.0px""><path fill=""#787878"" fill-opacity=""1.0""  filling=""0"" d=""M100.0 130.3820037841797 C116.22899627685547 130.3820037841797 129.4320068359375 117.17900085449219 129.4320068359375 100.94999694824219 L129.4320068359375 61.073001861572266 C129.4320068359375 44.84400177001953 116.22899627685547 31.64099884033203 100.0 31.64099884033203 C83.77100372314453 31.64099884033203 70.56800079345703 44.84400177001953 70.56800079345703 61.073001861572266 L70.56800079345703 100.9489974975586 C70.56800079345703 117.17900085449219 83.77100372314453 130.3820037841797 100.0 130.3820037841797 Z M81.96099853515625 61.073001861572266 C81.96099853515625 51.125999450683594 90.0530014038086 43.034000396728516 100.0 43.034000396728516 C109.9469985961914 43.034000396728516 118.03900146484375 51.125999450683594 118.03900146484375 61.073001861572266 L118.03900146484375 100.9489974975586 C118.03900146484375 110.89600372314453 109.9469985961914 118.98899841308594 100.0 118.98899841308594 C90.0530014038086 118.98899841308594 81.96099853515625 110.89600372314453 81.96099853515625 100.9489974975586 L81.96099853515625 61.073001861572266 Z""></path>
<path fill=""#787878"" fill-opacity=""1.0""  filling=""0"" d=""M141.77499389648438 92.40399932861328 L141.77499389648438 100.0 C141.77499389648438 123.03500366210938 123.03500366210938 141.77499389648438 100.0 141.77499389648438 C76.96499633789062 141.77499389648438 58.224998474121094 123.03500366210938 58.224998474121094 100.0 L58.224998474121094 92.40399932861328 L46.832000732421875 92.40399932861328 L46.832000732421875 100.0 C46.832000732421875 127.39299774169922 67.65499877929688 150.0070037841797 94.30400085449219 152.85899353027344 L94.30400085449219 168.35899353027344 L105.6969985961914 168.35899353027344 L105.6969985961914 152.85899353027344 C132.34500122070312 150.0070037841797 153.16799926757812 127.39299774169922 153.16799926757812 100.0 L153.16799926757812 92.40399932861328 L141.77499389648438 92.40399932861328 Z""></path></svg>"
019dc4ad-a0fe-4399-ac43-08b3934069f1,"<svg height=""128"" viewBox=""0 0 1024 1024"" width=""128"" xmlns=""http://www.w3.org/2000/svg""><path d=""m880.1 154h-736.2c-24.5 0-39.8 26.7-27.5 48l232.6 395.4v240.6c0 17.7 14.2 32 31.8 32h262.4c17.6 0 31.8-14.3 31.8-32v-240.6l232.7-395.4c12.2-21.3-3.1-48-27.6-48zm-276.7 644h-182.8v-156h182.9v156zm9.6-236.6-9.5 16.6h-183l-9.5-16.6-198.3-335.4h598.6z""/></svg>"
252a142060baed151fbdfe5c6e3b0dfb,"<svg xmlns=""http://www.w3.org/2000/svg"" viewBox=""0.0 0.0 200.0 200.0"" height=""200.0px"" width=""200.0px""><path fill=""#000000"" fill-opacity=""1.0""  filling=""0"" d=""M96.375 17.484375 A12.5 12.5 0.0 0 1 102.7318344116211 17.249420166015625 L103.625 17.484573364257812 L166.125 36.42402267456055 C171.14453125 37.944923400878906 174.65292358398438 42.42402267456055 174.97576904296875 47.60468673706055 L175.0 48.38671875 L175.0 116.6666030883789 C175.0 147.44493103027344 150.58554077148438 169.33358764648438 103.66893768310547 182.5519561767578 L100.0 183.5617218017578 L98.35546875 183.1130828857422 C50.796287536621094 170.14239501953125 25.712112426757812 148.5046844482422 25.015037536621094 117.98027801513672 L25.0 116.6666030883789 L25.0 48.38671875 C25.0 43.14179229736328 28.269142150878906 38.48515701293945 33.13359069824219 36.673831939697266 L33.875 36.423828125 L96.375 17.484375 Z M100.0 29.447265625 L37.5 48.38671875 L37.5 116.6666030883789 C37.5 139.880859375 56.34823989868164 157.51602172851562 95.7763671875 169.373046875 L97.7001953125 169.9421844482422 L100.0 170.59588623046875 L102.29981231689453 169.9421844482422 C141.73495483398438 158.462890625 161.232421875 141.390625 162.44003295898438 118.91407012939453 L162.4853515625 117.78573608398438 L162.5 116.66679382324219 L162.5 48.38671875 L100.0 29.447265625 Z M106.25 62.5 L106.25 85.4140625 L129.16659545898438 85.4166030883789 L129.16659545898438 97.9166030883789 L106.24589538574219 97.9140625 L106.25 120.8333969116211 L93.75 120.8333969116211 L93.74589538574219 97.9140625 L70.8333969116211 97.9166030883789 L70.8333969116211 85.4166030883789 L93.75 85.4140625 L93.75 62.5 L106.25 62.5 Z""></path></svg>"
0dc5c2d18af6c533f3bb0b897c4b0b92,"<svg xmlns=""http://www.w3.org/2000/svg"" viewBox=""0.0 0.0 200.0 200.0"" height=""200.0px"" width=""200.0px""><path fill=""#e48e66"" fill-opacity=""1.0""  filling=""0"" d=""M136.65699768066406 150.79200744628906 C137.2790069580078 154.30799865722656 136.3350067138672 157.91900634765625 134.072998046875 160.6820068359375 L109.64800262451172 190.51199340820312 C107.3219985961914 193.35000610351562 103.84500122070312 194.99600219726562 100.17400360107422 194.99600219726562 C96.50399780273438 194.99600219726562 93.0260009765625 193.35000610351562 90.6989974975586 190.51199340820312 L66.27400207519531 160.6820068359375 C64.01399993896484 157.91900634765625 63.069000244140625 154.30799865722656 63.689998626708984 150.79200744628906 L83.8499984741211 36.76900100708008 L116.5 36.76900100708008 L136.65699768066406 150.79200744628906 Z""></path>
<path fill=""#f8ec7d"" fill-opacity=""1.0""  filling=""0"" d=""M132.93899536132812 5.0 L116.5 36.76900100708008 L83.8499984741211 36.76900100708008 L67.40899658203125 5.0 L132.93899536132812 5.0 Z""></path>
<path fill=""#e2d574"" fill-opacity=""1.0""  filling=""0"" d=""M100.17400360107422 5.0 L67.40899658203125 5.0 L83.8499984741211 36.76900100708008 L100.17400360107422 36.76900100708008 L100.17400360107422 5.0 Z""></path>
<path fill=""#d18162"" fill-opacity=""1.0""  filling=""0"" d=""M100.17400360107422 36.76900100708008 L83.8499984741211 36.76900100708008 L63.689998626708984 150.79200744628906 C63.069000244140625 154.30799865722656 64.01399993896484 157.91900634765625 66.27400207519531 160.6820068359375 L90.6989974975586 190.51199340820312 C93.02200317382812 193.35800170898438 96.50199890136719 195.00399780273438 100.17400360107422 194.99600219726562 L100.17400360107422 36.76900100708008 Z""></path>
<path fill=""#63316d"" fill-opacity=""1.0""  filling=""0"" d=""M121.71700286865234 37.566001892089844 L137.3800048828125 7.301002502441406 C138.18299865722656 5.75 138.1179962158203 3.891998291015625 137.21200561523438 2.4000015258789062 C136.3040008544922 0.910003662109375 134.68499755859375 0.0 132.93899536132812 0.0 L67.40899658203125 0.0 C65.66500091552734 0.0 64.04399871826172 0.910003662109375 63.137001037597656 2.4000015258789062 C62.229000091552734 3.891998291015625 62.165000915527344 5.75 62.970001220703125 7.301002502441406 L78.63099670410156 37.56800079345703 L58.76599884033203 149.9250030517578 C57.888999938964844 154.87600708007812 59.220001220703125 159.96200561523438 62.40700149536133 163.8520050048828 L86.83200073242188 193.6820068359375 C90.10800170898438 197.6820068359375 95.00399780273438 200.0 100.17400360107422 200.0 C105.34400177001953 200.0 110.24199676513672 197.6820068359375 113.51699829101562 193.6820068359375 L137.9429931640625 163.85400390625 C141.1280059814453 159.96400451660156 142.45799255371094 154.87600708007812 141.58099365234375 149.9250030517578 L121.71700286865234 37.566001892089844 Z M124.7239990234375 10.0 L113.45899963378906 31.999000549316406 L86.8949966430664 31.999000549316406 L75.625 10.0 L124.7239990234375 10.0 Z M130.20599365234375 157.51499938964844 L105.78299713134766 187.3419952392578 C104.40599822998047 189.02200317382812 102.3489990234375 189.99600219726562 100.1760025024414 189.99600219726562 C98.00399780273438 189.99600219726562 95.947998046875 189.02200317382812 94.57099914550781 187.3419952392578 L70.1449966430664 157.51300048828125 C68.80899810791016 155.92300415039062 68.24700164794922 153.8209991455078 68.61599731445312 151.77699279785156 L88.04299926757812 41.999000549316406 L112.30400085449219 41.999000549316406 L131.73399353027344 151.77699279785156 C132.10299682617188 153.8209991455078 131.54200744628906 155.9250030517578 130.20399475097656 157.51499938964844 L130.20599365234375 157.51499938964844 Z""></path></svg>"
8c08a58c7f37e1a9dbefae50a6cc9f88,"<svg xmlns=""http://www.w3.org/2000/svg"" viewBox=""0.0 0.0 200.0 200.0"" height=""200.0px"" width=""200.0px""><path fill=""#363F5B"" fill-opacity=""1.0""  filling=""0"" d=""M150.5 181.33999633789062 L75.86000061035156 181.33999633789062 A6.0 6.0 0.0 1 1 75.86000061035156 169.33999633789062 L150.5 169.33999633789062 A6.539999961853027 6.539999961853027 0.0 0 0 156.82000732421875 164.02000427246094 L170.94000244140625 98.55999755859375 A10.239999771118164 10.239999771118164 0.0 0 0 168.94000244140625 89.91000366210938 A9.239999771118164 9.239999771118164 0.0 0 0 161.6300048828125 86.36000061035156 L114.9000015258789 86.36000061035156 A6.0 6.0 0.0 0 1 109.4000015258789 77.95999908447266 C121.52999877929688 50.15999984741211 117.27999877929688 38.66999816894531 114.88999938964844 35.029998779296875 A10.109999656677246 10.109999656677246 0.0 0 0 106.19999694824219 30.31999969482422 C101.19999694824219 30.31999969482422 99.19999694824219 35.220001220703125 96.86000061035156 45.5 C96.55000305175781 46.86000061035156 96.26000213623047 48.13999938964844 95.95999908447266 49.279998779296875 C87.7300033569336 80.83000183105469 66.80000305175781 92.06999969482422 50.0 92.06999969482422 L37.540000915527344 92.06999969482422 A6.519999980926514 6.519999980926514 0.0 0 0 31.209999084472656 98.75 L31.209999084472656 162.66000366210938 A6.519999980926514 6.519999980926514 0.0 0 0 37.540000915527344 169.33999633789062 L49.060001373291016 169.33999633789062 A6.0 6.0 0.0 0 1 49.060001373291016 181.33999633789062 L37.540000915527344 181.33999633789062 A18.530000686645508 18.530000686645508 0.0 0 1 19.209999084472656 162.66000366210938 L19.209999084472656 98.75 A18.530000686645508 18.530000686645508 0.0 0 1 37.540000915527344 80.06999969482422 L50.0 80.06999969482422 C56.0 80.06999969482422 76.20999908447266 77.63999938964844 84.4000015258789 46.25 C84.66999816894531 45.25 84.93000030517578 44.08000183105469 85.19999694824219 42.869998931884766 C87.12999725341797 34.290000915527344 90.7300033569336 18.31999969482422 106.19999694824219 18.31999969482422 A22.0 22.0 0.0 0 1 124.93000030517578 28.449996948242188 C129.6699981689453 35.69000244140625 132.92999267578125 49.38999938964844 123.77999877929688 74.36000061035156 L161.60000610351562 74.36000061035156 A21.34000015258789 21.34000015258789 0.0 0 1 178.25 82.36000061035156 A22.219999313354492 22.219999313354492 0.0 0 1 182.6699981689453 101.08000183105469 L168.5500030517578 166.5399932861328 A18.68000030517578 18.68000030517578 0.0 0 1 150.5 181.33999633789062 Z""></path>
<path fill=""#B11EFF"" fill-opacity=""1.0""  filling=""0"" d=""M52.65999984741211 157.0800018310547 A6.0 6.0 0.0 0 1 46.65999984741211 151.0800018310547 L46.65999984741211 113.36000061035156 A6.0 6.0 0.0 1 1 58.65999984741211 113.36000061035156 L58.65999984741211 151.0800018310547 A6.0 6.0 0.0 0 1 52.65999984741211 157.0800018310547 Z""></path></svg>"
01f9378aa823a0f5ac3ea1b849437c06,"<svg xmlns=""http://www.w3.org/2000/svg"" viewBox=""0.0 0.0 200.0 200.0"" height=""200.0px"" width=""200.0px""><path fill=""currentColor"" fill-opacity=""1.0""  filling=""0"" d=""M155.29299926757812 19.72699737548828 L44.512001037597656 19.72699737548828 C33.861000061035156 19.72699737548828 25.19499969482422 27.787002563476562 25.19499969482422 37.69499969482422 L25.19499969482422 150.19500732421875 C25.19499969482422 160.10299682617188 33.861000061035156 168.16400146484375 44.512001037597656 168.16400146484375 L155.29299926757812 168.16400146484375 C165.94400024414062 168.16400146484375 174.60899353027344 160.10299682617188 174.60899353027344 150.19500732421875 L174.60899353027344 122.85199737548828 C174.60899353027344 119.83100128173828 172.16099548339844 117.38300323486328 169.14100646972656 117.38300323486328 C166.1199951171875 117.38300323486328 163.6719970703125 119.83100128173828 163.6719970703125 122.85199737548828 L163.6719970703125 150.19500732421875 C163.6719970703125 154.07200622558594 159.91299438476562 157.2270050048828 155.29299926757812 157.2270050048828 L44.512001037597656 157.2270050048828 C39.891998291015625 157.2270050048828 36.132999420166016 154.07200622558594 36.132999420166016 150.19500732421875 L36.132999420166016 37.69499969482422 C36.132999420166016 33.81800079345703 39.891998291015625 30.66400146484375 44.512001037597656 30.66400146484375 L48.5629997253418 30.66400146484375 L48.5629997253418 57.22700119018555 C48.5629997253418 67.13500213623047 56.624000549316406 75.19499969482422 66.53199768066406 75.19499969482422 L135.43699645996094 75.19499969482422 C145.34500122070312 75.19499969482422 153.40499877929688 67.13500213623047 153.40499877929688 57.22700119018555 L153.40499877929688 30.66400146484375 L155.29299926757812 30.66400146484375 C159.91299438476562 30.66400146484375 163.6719970703125 33.81800079345703 163.6719970703125 37.69499969482422 L163.6719970703125 73.24199676513672 C163.6719970703125 76.26200103759766 166.1199951171875 78.71099853515625 169.14100646972656 78.71099853515625 C172.16099548339844 78.71099853515625 174.60899353027344 76.26200103759766 174.60899353027344 73.24199676513672 L174.60899353027344 37.69499969482422 C174.60899353027344 27.787002563476562 165.94400024414062 19.72699737548828 155.29299926757812 19.72699737548828 Z M142.46800231933594 57.22700119018555 C142.46800231933594 61.104000091552734 139.31399536132812 64.25800323486328 135.43699645996094 64.25800323486328 L66.53199768066406 64.25800323486328 C62.654998779296875 64.25800323486328 59.500999450683594 61.104000091552734 59.500999450683594 57.22700119018555 L59.500999450683594 30.66400146484375 L142.46800231933594 30.66400146484375 L142.46800231933594 57.22700119018555 Z""></path>
<path fill=""currentColor"" fill-opacity=""1.0""  filling=""0"" d=""M169.14100646972656 84.375 C166.1199951171875 84.375 163.6719970703125 86.822998046875 163.6719970703125 89.84400177001953 L163.6719970703125 108.2030029296875 C163.6719970703125 111.2239990234375 166.1199951171875 113.6719970703125 169.14100646972656 113.6719970703125 C172.16099548339844 113.6719970703125 174.60899353027344 111.2239990234375 174.60899353027344 108.2030029296875 L174.60899353027344 89.84400177001953 C174.60899353027344 86.822998046875 172.16099548339844 84.375 169.14100646972656 84.375 Z M72.20700073242188 120.11699676513672 C69.18699645996094 120.11699676513672 66.73799896240234 122.56600189208984 66.73799896240234 125.58599853515625 C66.73799896240234 128.6060028076172 69.18699645996094 131.05499267578125 72.20700073242188 131.05499267578125 L127.5979995727539 131.05499267578125 C130.6179962158203 131.05499267578125 133.0659942626953 128.6060028076172 133.0659942626953 125.58599853515625 C133.0659942626953 122.56600189208984 130.6179962158203 120.11699676513672 127.5979995727539 120.11699676513672 L72.20700073242188 120.11699676513672 Z""></path></svg>"
1dc699e6e000b9c92aeae85d6eb4be64,"<svg xmlns=""http://www.w3.org/2000/svg"" viewBox=""0.0 0.0 200.0 200.0"" height=""200.0px"" width=""200.0px""><path fill="""" fill-opacity=""1.0""  filling=""0"" d=""M175.21484375 41.738285064697266 C175.21484375 38.49609375 172.59765625 35.87890625 169.35546875 35.87890625 L62.558589935302734 35.87890625 L62.558589935302734 47.597660064697266 L169.35546875 47.597660064697266 C172.59765625 47.597660064697266 175.21484375 44.980464935302734 175.21484375 41.738285064697266 Z M35.13671875 47.597660064697266 L51.07421875 47.597660064697266 L51.07421875 35.87890625 L35.13671875 35.87890625 C31.89453125 35.87890625 29.27734375 38.49609375 29.27734375 41.738285064697266 C29.27734375 44.980464935302734 31.89453125 47.597660064697266 35.13671875 47.597660064697266 Z M169.35546875 93.92578125 L62.558589935302734 93.92578125 L62.558589935302734 105.64453887939453 L169.35546875 105.64453887939453 C172.59765625 105.64453887939453 175.21484375 103.02734375 175.21484375 99.78515625 C175.21484375 96.54296875 172.59765625 93.92578125 169.35546875 93.92578125 Z M29.27734375 99.78515625 C29.27734375 103.02734375 31.89453125 105.64453887939453 35.13671875 105.64453887939453 L51.07421875 105.64453887939453 L51.07421875 93.92578125 L35.13671875 93.92578125 C31.89453125 93.92578125 29.27734375 96.54296875 29.27734375 99.78515625 Z M169.35546875 153.84765625 L62.558589935302734 153.84765625 L62.558589935302734 165.56640625 L169.35546875 165.56640625 C172.59765625 165.56640625 175.21484375 162.94921875 175.21484375 159.70703125 C175.21484375 156.46484375 172.59765625 153.84765625 169.35546875 153.84765625 Z M29.27734375 159.70703125 C29.27734375 162.94921875 31.89453125 165.56640625 35.13671875 165.56640625 L51.07421875 165.56640625 L51.07421875 153.84765625 L35.13671875 153.84765625 C31.89453125 153.84765625 29.27734375 156.46484375 29.27734375 159.70703125 Z M187.36328125 6.62109375 L12.5390625 6.62109375 C9.296875 6.62109375 6.6796875 9.23828125 6.6796875 12.48046875 L6.6796875 187.3046875 C6.6796875 190.546875 9.296875 193.1640625 12.5390625 193.1640625 L187.36328125 193.1640625 C190.60546875 193.1640625 193.22265625 190.546875 193.22265625 187.3046875 L193.22265625 12.48046875 C193.22265625 9.23828125 190.60546875 6.62109375 187.36328125 6.62109375 Z M181.50390625 181.4453125 L18.3984375 181.4453125 L18.3984375 134.78515625 L169.35546875 134.78515625 C172.59765625 134.78515625 175.21484375 132.16796875 175.21484375 128.92578125 C175.21484375 125.68359375 172.59765625 123.06640625 169.35546875 123.06640625 L18.3984375 123.06640625 L18.3984375 76.85546875 L169.35546875 76.85546875 C172.59765625 76.85546875 175.21484375 74.23828125 175.21484375 70.99609375 C175.21484375 67.75390625 172.59765625 65.13671875 169.35546875 65.13671875 L18.3984375 65.13671875 L18.3984375 18.33984375 L181.50390625 18.33984375 L181.50390625 181.4453125 Z""></path></svg>"
8f8a6b6a8f41bcf6e6d82b9963c602f2,"<svg xmlns=""http://www.w3.org/2000/svg"" viewBox=""0.0 0.0 200.0 200.0"" height=""200.0px"" width=""200.0px""><path fill=""#262626"" fill-opacity=""1.0""  filling=""0"" d=""M0.0 12.5 L78.9625015258789 12.5 L99.875 38.75 L200.0 38.75 L200.0 187.5 L0.0 187.5 L0.0 12.5 Z M16.099998474121094 49.912498474121094 L16.099998474121094 67.44999694824219 L71.35000610351562 67.44999694824219 L92.1624984741211 93.8125 L184.1875 93.8125 L184.1875 76.125 L100.125 76.125 L78.94999694824219 49.912498474121094 L16.099998474121094 49.912498474121094 Z""></path></svg>"
52807a64aeff6b3ee944dea2c504a8ae,"<svg xmlns=""http://www.w3.org/2000/svg"" viewBox=""0.0 0.0 200.0 200.0"" height=""200.0px"" width=""200.0px""><path fill="""" fill-opacity=""1.0""  filling=""0"" d=""M58.01249694824219 40.07500457763672 C63.912498474121094 40.07500457763672 69.22500610351562 40.58749771118164 74.0625 41.63750457763672 C78.91250610351562 42.64999771118164 83.01249694824219 44.375003814697266 86.48750305175781 46.712501525878906 C89.92499542236328 49.062503814697266 92.57500457763672 52.187503814697266 94.53750610351562 56.087501525878906 C96.4124984741211 59.95000076293945 97.3499984741211 64.80000305175781 97.3499984741211 70.53750610351562 C97.3499984741211 76.75 95.95000457763672 81.9000015258789 93.125 86.04999542236328 C90.2750015258789 90.1875 86.13749694824219 93.55000305175781 80.5875015258789 96.2125015258789 C88.1624984741211 98.4000015258789 93.75 102.22500610351562 97.5 107.6624984741211 C101.25000762939453 113.13749694824219 103.05000305175781 119.70000457763672 103.05000305175781 127.42500305175781 C103.05000305175781 133.6750030517578 101.8375015258789 139.02499389648438 99.46249389648438 143.5625 A31.687501907348633 31.687501907348633 0.0 0 1 89.73750305175781 154.70001220703125 C85.67500305175781 157.58750915527344 80.98750305175781 159.6999969482422 75.75 161.0625 A63.150001525878906 63.150001525878906 0.0 0 1 59.662498474121094 163.1374969482422 L0.0124969482421875 163.1374969482422 L0.0124969482421875 40.08749771118164 L58.025001525878906 40.08749771118164 L58.01249694824219 40.07500457763672 Z M54.48750305175781 89.76250457763672 C59.287498474121094 89.76250457763672 63.27499771118164 88.625 66.39999389648438 86.32500457763672 C69.52499389648438 84.0625 71.01250457763672 80.3125 71.01250457763672 75.1500015258789 C71.01250457763672 72.30000305175781 70.5 69.9124984741211 69.48750305175781 68.07499694824219 A11.3125 11.3125 0.0 0 0 65.3125 63.775001525878906 A16.5625 16.5625 0.0 0 0 59.337501525878906 61.624996185302734 A37.25 37.25 0.0 0 0 52.38750076293945 61.0 L27.074996948242188 61.0 L27.074996948242188 89.75 L54.5 89.75 L54.48750305175781 89.76250457763672 Z M55.97500228881836 142.14999389648438 C58.63750076293945 142.14999389648438 61.17499923706055 141.91249084472656 63.55000305175781 141.3625030517578 A17.875 17.875 0.0 0 0 69.9124984741211 138.75 C71.7125015258789 137.53750610351562 73.23750305175781 135.9375 74.32499694824219 133.82501220703125 C75.42500305175781 131.75 75.92500305175781 129.10000610351562 75.92500305175781 125.86250305175781 C75.92500305175781 119.5374984741211 74.125 115.0 70.57499694824219 112.26249694824219 C67.0250015258789 109.5625 62.30000305175781 108.23750305175781 56.4375 108.23750305175781 L27.0625 108.23750305175781 L27.0625 142.10000610351562 L55.97500228881836 142.10000610351562 L55.97500228881836 142.14999389648438 Z M141.63751220703125 141.72500610351562 C145.3125 145.3125 150.58749389648438 147.1125030517578 157.46249389648438 147.1125030517578 C162.3874969482422 147.1125030517578 166.6875 145.86248779296875 170.2375030517578 143.3625030517578 C173.78750610351562 140.8625030517578 175.9375 138.21249389648438 176.7624969482422 135.47500610351562 L198.32501220703125 135.47500610351562 C194.85000610351562 146.21249389648438 189.61248779296875 153.83749389648438 182.42498779296875 158.4499969482422 C175.35000610351562 163.0625 166.6875 165.39999389648438 156.6374969482422 165.39999389648438 A51.375 51.375 0.0 0 1 137.64999389648438 162.03750610351562 A40.25 40.25 0.0 0 1 123.27500915527344 152.46249389648438 A43.875 43.875 0.0 0 1 114.2125015258789 137.6125030517578 A54.775001525878906 54.775001525878906 0.0 0 1 111.01249694824219 118.625 C111.01249694824219 111.95000457763672 112.11249542236328 105.73749542236328 114.2874984741211 99.98750305175781 C116.51249694824219 94.19999694824219 119.56249237060547 89.25 123.625 85.0625 C127.6875 80.875 132.4499969482422 77.5625 138.0749969482422 75.13750457763672 A46.14999771118164 46.14999771118164 0.0 0 1 156.6750030517578 71.5 C164.21249389648438 71.5 170.8125 72.94999694824219 176.47500610351562 75.9124984741211 C182.10000610351562 78.8375015258789 186.75 82.78750610351562 190.3874969482422 87.7125015258789 C194.02499389648438 92.63749694824219 196.60000610351562 98.29999542236328 198.1999969482422 104.625 C199.8000030517578 110.95000457763672 200.35000610351562 117.55000305175781 199.91250610351562 124.47500610351562 L135.5749969482422 124.47500610351562 C135.5749969482422 131.46249389648438 137.9250030517578 138.14999389648438 141.625 141.70001220703125 L141.63751220703125 141.72500610351562 Z M169.72500610351562 94.92499542236328 C166.83749389648438 91.7249984741211 161.875 89.9625015258789 155.89999389648438 89.9625015258789 C151.9875030517578 89.9625015258789 148.75 90.625 146.1750030517578 91.94999694824219 A19.549999237060547 19.549999237060547 0.0 0 0 139.96249389648438 96.875 A17.450000762939453 17.450000762939453 0.0 0 0 136.6875 103.16250610351562 C136.0625 105.3125 135.6750030517578 107.29999542236328 135.5500030517578 109.0250015258789 L175.39999389648438 109.0250015258789 C174.8125 102.7750015258789 172.66250610351562 98.1624984741211 169.7375030517578 94.92499542236328 L169.72500610351562 94.92499542236328 Z M130.5500030517578 50.0 L180.4375 50.0 L180.4375 62.150001525878906 L130.5500030517578 62.150001525878906 L130.5500030517578 50.0 Z""></path></svg>"
ebb8b5e83943b0f9350eb5ab7005cbb7,"<svg xmlns=""http://www.w3.org/2000/svg"" viewBox=""0.0 0.0 200.0 200.0"" height=""200.0px"" width=""200.0px""><path fill=""#666666"" fill-opacity=""1.0""  filling=""0"" d=""M95.11699676513672 67.85700225830078 C95.11699676513672 82.91200256347656 82.91200256347656 95.11699676513672 67.85700225830078 95.11699676513672 L46.400001525878906 95.11699676513672 C31.345001220703125 95.11699676513672 19.14099884033203 82.91200256347656 19.14099884033203 67.85700225830078 L19.14099884033203 46.400001525878906 C19.14099884033203 31.345001220703125 31.345001220703125 19.14099884033203 46.400001525878906 19.14099884033203 L67.85700225830078 19.14099884033203 C82.91200256347656 19.14099884033203 95.11699676513672 31.345001220703125 95.11699676513672 46.400001525878906 L95.11699676513672 67.85700225830078 Z M95.11699676513672 153.60000610351562 C95.11699676513672 168.65499877929688 82.91200256347656 180.85899353027344 67.85700225830078 180.85899353027344 L46.400001525878906 180.85899353027344 C31.345001220703125 180.85899353027344 19.14099884033203 168.65499877929688 19.14099884033203 153.60000610351562 L19.14099884033203 132.14300537109375 C19.14099884033203 117.08699798583984 31.345001220703125 104.88300323486328 46.400001525878906 104.88300323486328 L67.85700225830078 104.88300323486328 C82.91200256347656 104.88300323486328 95.11699676513672 117.08699798583984 95.11699676513672 132.14300537109375 L95.11699676513672 153.60000610351562 Z M180.85899353027344 67.85700225830078 C180.85899353027344 82.91200256347656 168.65499877929688 95.11699676513672 153.60000610351562 95.11699676513672 L132.14300537109375 95.11699676513672 C117.08699798583984 95.11699676513672 104.88300323486328 82.91200256347656 104.88300323486328 67.85700225830078 L104.88300323486328 46.400001525878906 C104.88300323486328 31.345001220703125 117.08699798583984 19.14099884033203 132.14300537109375 19.14099884033203 L153.60000610351562 19.14099884033203 C168.65499877929688 19.14099884033203 180.85899353027344 31.345001220703125 180.85899353027344 46.400001525878906 L180.85899353027344 67.85700225830078 Z M142.71499633789062 104.21900177001953 C121.64800262451172 104.21900177001953 104.56999969482422 121.2969970703125 104.56999969482422 142.36300659179688 C104.56999969482422 163.42999267578125 121.64800262451172 180.50799560546875 142.71499633789062 180.50799560546875 C163.781005859375 180.50799560546875 180.85899353027344 163.42999267578125 180.85899353027344 142.36300659179688 C180.85899353027344 121.2969970703125 163.781005859375 104.21900177001953 142.71499633789062 104.21900177001953 Z M142.71499633789062 164.71400451660156 C130.37100219726562 164.71400451660156 120.36399841308594 154.70700073242188 120.36399841308594 142.36300659179688 C120.36399841308594 130.02000427246094 130.37100219726562 120.01300048828125 142.71499633789062 120.01300048828125 C155.0590057373047 120.01300048828125 165.06500244140625 130.02000427246094 165.06500244140625 142.36300659179688 C165.06500244140625 154.70700073242188 155.0590057373047 164.71400451660156 142.71499633789062 164.71400451660156 Z""></path></svg>"
687dcd7afc538b8d02cb79732e11f704,"<svg xmlns=""http://www.w3.org/2000/svg"" viewBox=""0.0 0.0 200.0 200.0"" height=""200.0px"" width=""200.0px""><path fill=""#444444"" fill-opacity=""1.0""  filling=""0"" d=""M100.0 0.0 C44.76874923706055 0.0 0.0 44.76874923706055 0.0 100.0 C0.0 155.2312469482422 44.76874923706055 200.0 100.0 200.0 C155.2312469482422 200.0 200.0 155.2312469482422 200.0 100.0 C200.0 44.76874923706055 155.2312469482422 0.0 100.0 0.0 Z M62.5 150.0 C55.593753814697266 150.0 50.0 144.40625 50.0 137.5 C50.0 130.59375 55.593753814697266 125.0 62.5 125.0 C69.40625 125.0 75.0 130.59375 75.0 137.5 C75.0 144.40625 69.40625 150.0 62.5 150.0 Z M96.875 150.0 C96.875 124.1500015258789 75.8499984741211 103.125 50.0 103.125 L50.0 84.375 C86.1875 84.375 115.625 113.81249237060547 115.625 150.0 L96.875 150.0 Z M134.375 150.0 C134.375 127.46249389648438 125.60000610351562 106.2750015258789 109.6624984741211 90.3375015258789 C93.7249984741211 74.4000015258789 72.5374984741211 65.625 50.0 65.625 L50.0 46.875 C77.54374694824219 46.875 103.44375610351562 57.599998474121094 122.91874694824219 77.08125305175781 C142.3937530517578 96.5625 153.125 122.45625305175781 153.125 150.0 L134.375 150.0 Z""></path></svg>"
80626a7fb98cd3cda8c4c0166a414151,"<svg xmlns=""http://www.w3.org/2000/svg"" viewBox=""0.0 0.0 200.0 200.0"" height=""200.0px"" width=""200.0px""><path fill=""#3973DC"" fill-opacity=""1.0""  filling=""0"" d=""M47.56399917602539 99.44000244140625 L55.56399917602539 99.44000244140625 C55.56399917602539 123.69599914550781 75.30799865722656 143.43600463867188 99.56400299072266 143.43600463867188 C123.8239974975586 143.43600463867188 143.56399536132812 123.69599914550781 143.56399536132812 99.44000244140625 C143.56399536132812 75.18399810791016 123.81999969482422 55.43600082397461 99.56400299072266 55.43600082397461 C75.30799865722656 55.43600082397461 55.56399917602539 75.18399810791016 55.56399917602539 99.44000244140625 L47.56399917602539 99.44000244140625 C47.56399917602539 70.76399993896484 70.89199829101562 47.43600082397461 99.56400299072266 47.43600082397461 C128.24400329589844 47.43600082397461 151.56399536132812 70.76399993896484 151.56399536132812 99.44000244140625 C151.56399536132812 128.11599731445312 128.24400329589844 151.43600463867188 99.56400299072266 151.43600463867188 C70.88800048828125 151.43600463867188 47.56399917602539 128.11599731445312 47.56399917602539 99.44000244140625 Z M100.0 6.0 A4.0 4.0 0.0 0 1 104.0 10.0 L104.0 30.0 A4.0 4.0 0.0 0 1 96.0 30.0 L96.0 10.0 A4.0 4.0 0.0 0 1 100.0 6.0 Z M166.46800231933594 33.53199768066406 A4.0 4.0 0.0 0 1 166.46800231933594 39.1879997253418 L152.32400512695312 53.332000732421875 A4.0 4.0 0.0 0 1 146.66799926757812 47.67599868774414 L160.81199645996094 33.53199768066406 A4.0 4.0 0.0 0 1 166.46800231933594 33.53199768066406 Z M194.0 100.0 A4.0 4.0 0.0 0 1 190.0 104.0 L170.0 104.0 A4.0 4.0 0.0 0 1 170.0 96.0 L190.0 96.0 A4.0 4.0 0.0 0 1 194.0 100.0 Z M166.46800231933594 166.46800231933594 A4.0 4.0 0.0 0 1 160.81199645996094 166.46800231933594 L146.66799926757812 152.32400512695312 A4.0 4.0 0.0 0 1 152.32400512695312 146.66799926757812 L166.46800231933594 160.81199645996094 A4.0 4.0 0.0 0 1 166.46800231933594 166.46800231933594 Z M100.0 194.0 A4.0 4.0 0.0 0 1 96.0 190.0 L96.0 170.0 A4.0 4.0 0.0 0 1 104.0 170.0 L104.0 190.0 A4.0 4.0 0.0 0 1 100.0 194.0 Z M33.53199768066406 166.46800231933594 A4.0 4.0 0.0 0 1 33.53199768066406 160.81199645996094 L47.67599868774414 146.66799926757812 A4.0 4.0 0.0 0 1 53.332000732421875 152.32400512695312 L39.1879997253418 166.46800231933594 A4.0 4.0 0.0 0 1 33.53199768066406 166.46800231933594 Z M6.0 100.0 A4.0 4.0 0.0 0 1 10.0 96.0 L30.0 96.0 A4.0 4.0 0.0 0 1 30.0 104.0 L10.0 104.0 A4.0 4.0 0.0 0 1 6.0 100.0 Z M33.53199768066406 33.53199768066406 A4.0 4.0 0.0 0 1 39.1879997253418 33.53199768066406 L53.332000732421875 47.67599868774414 A4.0 4.0 0.0 0 1 47.67599868774414 53.332000732421875 L33.53199768066406 39.1879997253418 A4.0 4.0 0.0 0 1 33.53199768066406 33.53199768066406 Z""></path></svg>"
thesantatitan_deepseek-svg-dataset_0003439,"<svg width=""100"" height=""100"" viewBox=""0 0 100 100"" xmlns=""http://www.w3.org/2000/svg"">
  <rect width=""100"" height=""100"" fill=""#000000""/>
  <defs>
    <linearGradient id=""petalGradient"" x1=""0%"" y1=""0%"" x2=""100%"" y2=""100%"">
      <stop offset=""0%"" style=""stop-color:#FFFFFF;stop-opacity:1""/>
      <stop offset=""100%"" style=""stop-color:#FF0000;stop-opacity:1""/>
    </linearGradient>
  </defs>
  <path d=""M50,50m-18,0a18,18 0 1,1 36,0a18,18 0 1,1-36,0"" fill=""url(#petalGradient)""/>
  <path d=""M50,50m-25,0a25,25 0 1,1 50,0a25,25 0 1,1-50,0"" fill=""url(#petalGradient)""/>
  <circle cx=""50"" cy=""50"" r=""18"" fill=""#FF0000""/>
  <path d=""M50,50m-28,0a28,28 0 1,1 56,0a28,28 0 1,1-56,0"" fill=""url(#petalGradient)""/>
</svg>"
41d36fbc527fc6d0970316cdf3b932b1,"<svg xmlns=""http://www.w3.org/2000/svg"" viewBox=""0.0 0.0 200.0 200.0"" height=""200.0px"" width=""200.0px""><path fill=""currentColor"" fill-opacity=""1.0""  filling=""0"" d=""M166.66700744628906 25.0 C171.26300048828125 25.0 175.0 28.73699951171875 175.0 33.33300018310547 L175.0 125.0 A8.342000007629395 8.342000007629395 0.0 0 1 166.66700744628906 133.33099365234375 L94.66000366210938 133.33099365234375 L58.33300018310547 159.2790069580078 L58.33300018310547 133.33099365234375 L33.33300018310547 133.33099365234375 C28.735000610351562 133.33099365234375 25.0 129.593994140625 25.0 125.0 L25.0 33.33300018310547 C25.0 28.735000610351562 28.73699951171875 25.0 33.33300018310547 25.0 L166.66700744628906 25.0 M166.66700744628906 8.333000183105469 L33.33300018310547 8.333000183105469 C19.527000427246094 8.333000183105469 8.333000183105469 19.527000427246094 8.333000183105469 33.33300018310547 L8.333000183105469 125.0 C8.333000183105469 138.80599975585938 19.527000427246094 150.0 33.33300018310547 150.0 L41.66699981689453 150.0 L41.66699981689453 191.66700744628906 L100.0 150.0 L166.66700744628906 150.0 C180.47300720214844 150.0 191.66700744628906 138.80599975585938 191.66700744628906 125.0 L191.66700744628906 33.33300018310547 C191.66700744628906 19.527000427246094 180.47300720214844 8.333000183105469 166.66700744628906 8.333000183105469 Z""></path></svg>"
df6bd5343885ca965f03d4161ca708ca,"<svg xmlns=""http://www.w3.org/2000/svg"" viewBox=""0.0 0.0 200.0 200.0"" height=""200.0px"" width=""200.0px""><path fill=""#211B13"" fill-opacity=""1.0""  filling=""0"" d=""M181.25 50.0 C184.68800354003906 50.0 187.5 47.1879997253418 187.5 43.75 L187.5 18.75 C187.5 8.438003540039062 179.06199645996094 0.0 168.75 0.0 L31.25 0.0 C20.938003540039062 0.0 12.5 8.438003540039062 12.5 18.75 L12.5 181.25 C12.5 191.56199645996094 20.938003540039062 200.0 31.25 200.0 L133.125 200.0 C133.43800354003906 200.0 133.43800354003906 200.0 133.75 199.68800354003906 C134.06199645996094 199.68800354003906 134.06199645996094 199.375 134.375 199.375 C134.68800354003906 199.375 134.68800354003906 199.06199645996094 135.0 199.06199645996094 C135.31199645996094 199.06199645996094 135.31199645996094 198.75 135.31199645996094 198.75 L135.625 198.43800354003906 L185.625 151.56199645996094 C186.875 150.31199645996094 187.5 148.75 187.5 146.875 L187.5 81.25 C187.5 77.81199645996094 184.68800354003906 75.0 181.25 75.0 C177.81199645996094 75.0 175.0 77.81199645996094 175.0 81.25 L175.0 137.5 L131.25 137.5 C127.81199645996094 137.5 125.0 140.31199645996094 125.0 143.75 L125.0 187.5 L31.25 187.5 C27.811996459960938 187.5 25.0 184.68800354003906 25.0 181.25 L25.0 18.75 C25.0 15.311996459960938 27.811996459960938 12.5 31.25 12.5 L168.75 12.5 C172.18800354003906 12.5 175.0 15.311996459960938 175.0 18.75 L175.0 43.75 C175.0 47.1879997253418 177.81199645996094 50.0 181.25 50.0 Z M168.75 150.0 L137.5 179.375 L137.5 150.0 L168.75 150.0 Z""></path>
<path fill=""#FFB243"" fill-opacity=""1.0""  filling=""0"" d=""M137.5 56.25 L62.5 56.25 C59.0620002746582 56.25 56.25 59.0620002746582 56.25 62.5 C56.25 65.93800354003906 59.0620002746582 68.75 62.5 68.75 L137.5 68.75 C140.93800354003906 68.75 143.75 65.93800354003906 143.75 62.5 C143.75 59.0620002746582 140.93800354003906 56.25 137.5 56.25 Z M143.75 100.0 C143.75 96.56199645996094 140.93800354003906 93.75 137.5 93.75 L62.5 93.75 C59.0620002746582 93.75 56.25 96.56199645996094 56.25 100.0 C56.25 103.43699645996094 59.0620002746582 106.25 62.5 106.25 L137.5 106.25 C140.93800354003906 106.25 143.75 103.43699645996094 143.75 100.0 Z M62.5 131.25 C59.0620002746582 131.25 56.25 134.06199645996094 56.25 137.5 C56.25 140.93800354003906 59.0620002746582 143.75 62.5 143.75 L100.0 143.75 C103.43699645996094 143.75 106.25 140.93800354003906 106.25 137.5 C106.25 134.06199645996094 103.43699645996094 131.25 100.0 131.25 L62.5 131.25 Z""></path></svg>"
48c87959-d450-4a1b-bfd2-9b98e92ead19,"<svg xmlns=""http://www.w3.org/2000/svg"" viewBox=""0.0 0.0 200.0 200.0"" height=""200.0px"" width=""200.0px""><path fill=""#F73B2F"" fill-opacity=""1.0""  filling=""0"" d=""M153.125 113.59400177001953 A31.25 31.25 0.0 0 1 145.7779998779297 133.7220001220703 C136.75 144.44400024414062 120.91899871826172 163.2530059814453 106.98799896240234 179.85299682617188 C91.45600128173828 198.36300659179688 60.737998962402344 200.7779998779297 42.22800064086914 185.24400329589844 L42.22200012207031 185.24099731445312 A43.75 43.75 0.0 0 1 36.83100128173828 123.61299896240234 L60.305999755859375 95.63400268554688 C61.72200012207031 93.9469985961914 62.5 91.81199645996094 62.5 89.60900115966797 L62.5 46.875 L153.125 46.875 L153.125 113.59400177001953 Z""></path>
<path fill=""#F2EADB"" fill-opacity=""1.0""  filling=""0"" d=""M162.5 12.5 A9.375 9.375 0.0 0 0 153.125 3.125 L62.5 3.125 A9.375 9.375 0.0 0 0 53.125 12.5 L53.125 37.5 A9.375 9.375 0.0 0 0 62.5 46.875 L153.125 46.875 A9.375 9.375 0.0 0 0 162.5 37.5 L162.5 12.5 Z""></path>
<path fill=""#CEC7BA"" fill-opacity=""1.0""  filling=""0"" d=""M159.375 3.125 C162.18099975585938 39.4370002746582 126.81600189208984 48.534000396728516 62.5 46.875 L150.0 46.875 A12.484000205993652 12.484000205993652 0.0 0 0 158.83700561523438 43.21200180053711 A12.484000205993652 12.484000205993652 0.0 0 0 162.5 34.375 L162.5 12.5""></path>
<path fill=""#5AB947"" fill-opacity=""1.0""  filling=""0"" d=""M137.5 143.75 C152.23800659179688 131.65899658203125 156.86900329589844 111.4000015258789 153.125 84.375 C129.15899658203125 85.10600280761719 117.46900177001953 124.56600189208984 137.5 143.75 Z M87.5 193.75 C67.99099731445312 203.5469970703125 19.772003173828125 188.05599975585938 28.125 143.75 C54.683998107910156 149.86300659179688 75.20600128173828 165.55599975585938 87.5 193.75 Z""></path></svg>"
a1fd86df-eeda-4f7b-b38e-3600927245b9,"<svg height=""128"" viewBox=""0 0 36 36"" width=""128"" xmlns=""http://www.w3.org/2000/svg""><path d=""m27 27h-17v9h21v-5c0-2.21-1.79-4-4-4z"" fill=""#fa743e""/><path d=""m21.91 1.26c-2.02-.65-6.77-.48-7.96 1.07-3.09.06-6.71 2.85-7.19 6.54-.47 3.65.58 5.34.95 8.08.42 3.11 2.17 4.1 3.56 4.51 2.01 2.65 4.15 2.54 7.73 2.54 7 0 10.33-4.68 10.63-12.64.18-4.81-2.65-8.46-7.72-10.1z"" fill=""#ffac33""/><path d=""m15 22v6c0 1.66 1.34 3 3 3s3-1.34 3-3v-6z"" fill=""#ffdc5d""/><path d=""m25.91 11.7c-.68-.94-1.55-1.69-3.45-1.96.71.33 1.4 1.46 1.49 2.08s.18 1.13-.39.51c-2.26-2.5-4.72-1.52-7.16-3.04-1.7-1.07-2.22-2.25-2.22-2.25s-.21 1.57-2.79 3.18c-.75.47-1.64 1.5-2.14 3.03-.36 1.1-.25 2.08-.25 3.75 0 4.89 4.03 9 9 9s9-4.15 9-9c0-3.04-.32-4.23-1.09-5.3z"" fill=""#ffdc5d""/><path d=""m12.74 5.97h2.75v3.89h-2.75z"" fill=""#ffac33""/><path d=""m19 19.5h-2c-.28 0-.5-.22-.5-.5s.22-.5.5-.5h2c.28 0 .5.22.5.5s-.22.5-.5.5z"" fill=""#c1694f""/><path d=""m18.73 18.39 1.83.69s-6.53 13.75-7.41 15.02c-.88 1.28-1.87 2.06-4.57 1.76l10.16-17.47zm7.27 13.61h1v4h-1z"" fill=""#dd551f""/><path d=""m14.98 28.39s-2.36 4.42-2.87 5.34c-.28.5-1.31 2.01-2.32 2.01 0 0 2.21.12 3.12-1.68 1.29-2.55 1.96-3.79 2.42-4.65 0 0-.13-.33-.2-.48-.12-.24-.16-.53-.16-.53z"" fill=""#dd551f""/><path d=""m24.16 16.37c-.03-.06-.6-1.29-1.75-1.53l-.49 1.4c.04 0 .06-.01.1-.01 1.16 0 1.76.42 1.77.43.04.03.09.05.14.05s.11-.02.15-.05c.09-.07.11-.18.07-.28z"" fill=""#662113""/><path d=""m22.65 8.13-3.77-1.32c-1.04-.37-2.18.18-2.55 1.23l-.76 2.15-.28-1.14c-.17-.69-.83-1.49-1.77-1.2-.68.21-.89 1.13-.72 1.82l1.23 4.93-.35.98.61 1.27 5.66 1.99c.94.33 1.27-.61 1.27-.61l.7-1.99.49-1.4 1.46-4.17c.36-1.04-.19-2.18-1.23-2.55z"" fill=""#ef9645""/><path d=""m22.02 14.79c-1.42 0-2.11 1.52-2.14 1.58-.04.1-.02.22.07.28.08.07.2.07.29.01.01 0 .58-.4 1.67-.42l.49-1.4c-.12-.03-.25-.05-.39-.05z"" fill=""#4f140b""/><path d=""m12.51 7.66c.69-.17 1.38.25 1.56.93l.28 1.14.76-2.15c.37-1.04 1.51-1.59 2.55-1.23l3.77 1.32c1.04.37 1.59 1.51 1.23 2.55l-2.65 7.55s-.33.94-1.27.61l-5.67-1.98-.61-1.27.35-.98-1.23-4.93c-.17-.69.25-1.39.94-1.56z"" fill=""#ffdc5d""/><path d=""m18.74 12.05 1.66-4.72.94.33-1.66 4.72zm-2.83-.99 1.66-4.72.94.33-1.66 4.72z"" fill=""#ef9645""/><path d=""m21 23.36s-.56-1.12-1.68-1.68c-.25.51-.52 1.08-.81 1.68z"" fill=""#c1694f""/><path d=""m18.73 18.39-1.9 3.23-1.02 1.74-1.16 1.97.35 2.67c0 .59.18 1.14.48 1.61.98-1.99 2.1-4.3 3.04-6.25l.81-1.68c.74-1.55 1.24-2.61 1.24-2.61l-1.83-.69z"" fill=""#ef9645""/><path d=""m19.32 21.68c-.38-.19-.82-.32-1.32-.32-.44 0-.82.11-1.16.26l-1.02 1.74h2.7l.81-1.68z"" fill=""#662113""/><path d=""m14.28 29.85s-1.72 3.58-2.11 4.42c-.69 1.48-2.17 1.73-2.17 1.73-8 0-3.62-8.34-3.62-8.34l6.43-11.85 6.54 2.58z"" fill=""#fa743e""/></svg>"
35af79d442bd937fbe614fd6aaaaa12c,"<svg xmlns=""http://www.w3.org/2000/svg"" viewBox=""0.0 0.0 200.0 200.0"" height=""200.0px"" width=""200.0px""><path fill=""#000000"" fill-opacity=""1.0""  filling=""0"" d=""M191.59921264648438 94.0025405883789 L191.59921264648438 93.98046875 L191.31192016601562 93.53827667236328 C187.42129516601562 87.7021484375 182.6017608642578 82.79434204101562 176.96466064453125 78.92578125 C176.5224609375 72.4925765991211 175.0634765625 66.369140625 172.63165283203125 60.6875 C169.66932678222656 53.74609375 165.22596740722656 47.33515930175781 159.41192626953125 41.67578125 C153.6640625 36.060546875 147.142578125 31.771873474121094 140.04629516601562 28.898048400878906 C133.03848266601562 26.046485900878906 125.3453140258789 24.609375 117.18789672851562 24.609375 C104.9408187866211 24.609375 93.6884765625 27.991798400878906 83.74043273925781 34.645896911621094 C78.12519836425781 38.40390396118164 73.26191711425781 42.91386413574219 69.30488586425781 48.06464767456055 C66.3203125 47.31308364868164 63.15898132324219 46.915042877197266 59.88730239868164 46.915042877197266 C54.957420349121094 46.915042877197266 50.2265625 47.799415588378906 45.84941101074219 49.56796646118164 C41.47245788574219 51.33652114868164 37.44902801513672 53.989253997802734 33.8896484375 57.41562271118164 C30.2861328125 60.952735900878906 27.545120239257812 64.90995788574219 25.754295349121094 69.1988296508789 C23.8974609375 73.5757827758789 22.946876525878906 78.306640625 22.946876525878906 83.25859069824219 C22.946876525878906 84.6292953491211 23.013282775878906 85.97773742675781 23.16796875 87.30410766601562 C18.481246948242188 90.11172485351562 14.3251953125 93.7373046875 10.766014099121094 98.07011413574219 C3.625396728515625 106.69180297851562 0.0 116.728515625 0.0 127.91426086425781 C0.0 134.41366577148438 1.2378921508789062 140.58143615722656 3.6476516723632812 146.2849578857422 C6.03515625 151.92225646972656 9.638473510742188 157.11737060546875 14.347267150878906 161.67129516601562 C19.03398895263672 166.203125 24.295310974121094 169.6740264892578 29.976760864257812 171.97305297851562 C35.680267333984375 174.29434204101562 41.89238739013672 175.4658203125 48.43574142456055 175.4658203125 L145.83828735351562 175.4658203125 C153.1335906982422 175.4658203125 160.0749969482422 174.16151428222656 166.48593139648438 171.5751953125 C172.89706420898438 168.96661376953125 178.79940795898438 165.07577514648438 183.99453735351562 160.01327514648438 C189.2117156982422 154.9287109375 193.23516845703125 149.13671875 195.93222045898438 142.81405639648438 C198.62930297851562 136.4474639892578 200.0 129.55020141601562 200.0 122.3433609008789 C200.02207946777344 112.13008117675781 197.1923828125 102.57987976074219 191.59921264648438 94.0025405883789 Z M18.21601104736328 140.07284545898438 C16.624221801757812 136.35899353027344 15.828514099121094 132.2693328857422 15.828514099121094 127.93632507324219 C15.828514099121094 124.22245788574219 16.425392150878906 120.68534851074219 17.597068786621094 117.43574523925781 C18.7685546875 114.18594360351562 20.55937957763672 111.11308288574219 22.90253448486328 108.26132202148438 L22.991012573242188 108.1507797241211 C25.577537536621094 104.9896469116211 28.628318786621094 102.40312957763672 32.01054382324219 100.47968292236328 L40.389060974121094 95.72676086425781 L38.9521484375 86.1767578125 C38.8193359375 85.3587875366211 38.75312805175781 84.408203125 38.75312805175781 83.2587890625 C38.75312805175781 80.45097351074219 39.28378677368164 77.7982406616211 40.30058288574219 75.3443374633789 L40.4111328125 75.03495788574219 C41.40605163574219 72.78007507324219 42.9091796875 70.6578140258789 44.89883041381836 68.734375 C46.932613372802734 66.74491882324219 49.23183822631836 65.21952819824219 51.729881286621094 64.20254516601562 C54.25 63.20780944824219 56.991214752197266 62.69941329956055 59.86503982543945 62.69941329956055 C62.0537109375 62.69941329956055 64.13163757324219 62.98672103881836 66.0107421875 63.53926086425781 L75.47245788574219 66.3248062133789 L81.30859375 58.388675689697266 C84.31523132324219 54.298828125 88.09551239013672 50.73984146118164 92.51679992675781 47.77734375 C99.8121109008789 42.9140625 108.10214233398438 40.46015930175781 117.14375305175781 40.46015930175781 C123.26738739013672 40.46015930175781 128.9709014892578 41.52128601074219 134.099609375 43.62128829956055 C139.29473876953125 45.72148132324219 144.091796875 48.8828125 148.33633422851562 53.03886413574219 C152.625 57.23906326293945 155.8748016357422 61.903709411621094 158.04141235351562 66.94393920898438 C159.8318328857422 71.12226867675781 160.89295959472656 75.7646484375 161.18048095703125 80.7386703491211 L161.5783233642578 87.7906265258789 L167.4587860107422 91.68144226074219 C171.34942626953125 94.24589538574219 174.73184204101562 97.5619125366211 177.53945922851562 101.541015625 L178.09217834472656 102.3589859008789 C180.1259765625 105.4097671508789 181.65118408203125 108.6373062133789 182.64608764648438 111.9312515258789 C183.6628875732422 115.26934051513672 184.17147827148438 118.80644226074219 184.17147827148438 122.4320297241211 C184.17147827148438 127.49452209472656 183.2209014892578 132.29159545898438 181.36386108398438 136.712890625 C179.5068359375 141.06796264648438 176.67715454101562 145.1134796142578 172.9191436767578 148.76113891601562 C169.18301391601562 152.40878295898438 165.02694702148438 155.1720733642578 160.51719665527344 156.98477172851562 C155.9853515625 158.7976531982422 151.0334014892578 159.72616577148438 145.7941436767578 159.72616577148438 L48.45820617675781 159.72616577148438 C43.948246002197266 159.72616577148438 39.748046875 158.93028259277344 35.923431396484375 157.3828125 C32.165435791015625 155.87950134277344 28.606056213378906 153.51406860351562 25.378509521484375 150.39707946777344 C22.3056640625 147.41268920898438 19.940231323242188 144.0744171142578 18.3486328125 140.4931640625 L18.3486328125 140.47108459472656 L18.2158203125 140.0732421875 L18.21601104736328 140.07284545898438 Z M89.974609375 106.0287094116211 C92.0746078491211 106.0287094116211 94.064453125 105.21074676513672 95.56758117675781 103.70761108398438 L110.73281860351562 88.564453125 L110.73281860351562 143.0134735107422 C110.73281860351562 147.3683624267578 114.26992797851562 150.92755126953125 118.6468734741211 150.92755126953125 C123.001953125 150.92755126953125 126.56112670898438 147.3683624267578 126.56112670898438 142.9912109375 L126.56112670898438 88.564453125 L141.7042999267578 103.70761108398438 C143.20762634277344 105.21074676513672 145.1750030517578 106.0287094116211 147.29727172851562 106.0287094116211 C149.41952514648438 106.0287094116211 151.38711547851562 105.21074676513672 152.8904266357422 103.70761108398438 C155.9853515625 100.61270141601562 155.9853515625 95.5943374633789 152.8904266357422 92.521484375 L124.21796417236328 63.871089935302734 C122.71465301513672 62.36796951293945 120.7249984741211 61.54999542236328 118.62480163574219 61.54999542236328 C116.5248031616211 61.54999542236328 114.5130844116211 62.36796951293945 113.0318374633789 63.871089935302734 L84.38143920898438 92.521484375 C81.28652954101562 95.61640930175781 81.28652954101562 100.634765625 84.38143920898438 103.70761108398438 C85.8626937866211 105.21074676513672 87.8521499633789 106.0287094116211 89.974609375 106.0287094116211 Z""></path></svg>"
39698809c3776f5cf8b4addb39a847b3,"<svg xmlns=""http://www.w3.org/2000/svg"" viewBox=""0.0 0.0 200.0 200.0"" height=""200.0px"" width=""200.0px""><path fill=""#070102"" fill-opacity=""1.0""  filling=""0"" d=""M146.97300720214844 123.9260025024414 C153.32000732421875 113.49600219726562 156.97300720214844 101.25 156.97300720214844 88.1449966430664 C156.97300720214844 50.058998107910156 126.09400177001953 19.18000030517578 88.00800323486328 19.18000030517578 C49.922000885009766 19.18000030517578 19.061996459960938 50.058998107910156 19.061996459960938 88.1449966430664 C19.061996459960938 126.2300033569336 49.922000885009766 157.10899353027344 88.00800323486328 157.10899353027344 C101.09400177001953 157.10899353027344 113.33999633789062 153.45700073242188 123.7699966430664 147.12899780273438 L158.10499572753906 181.58200073242188 L181.27000427246094 158.33999633789062 L146.97300720214844 123.9260025024414 Z M87.98799896240234 124.64800262451172 C67.83200073242188 124.64800262451172 51.48400115966797 108.3010025024414 51.48400115966797 88.1449966430664 C51.48400115966797 67.98799896240234 67.83200073242188 51.64099884033203 87.98799896240234 51.64099884033203 C108.16400146484375 51.64099884033203 124.51200103759766 67.98799896240234 124.51200103759766 88.1449966430664 C124.51200103759766 108.31999969482422 108.16400146484375 124.64800262451172 87.98799896240234 124.64800262451172 Z""></path></svg>"
ac257ce0ad3fc16513c55487a6e0eec8,"<svg xmlns=""http://www.w3.org/2000/svg"" viewBox=""0.0 0.0 200.0 200.0"" height=""200.0px"" width=""200.0px""><path fill="""" fill-opacity=""1.0""  filling=""0"" d=""M99.99980163574219 8.038864135742188 L25.546287536621094 51.01777267456055 L100.4837875366211 94.2796859741211 L174.9328155517578 51.30078125 L99.99980163574219 8.038864135742188 Z M18.336715698242188 149.47576904296875 L93.033203125 192.6005859375 L93.033203125 106.0679702758789 L18.336715698242188 62.94316482543945 L18.336715698242188 149.47576904296875 Z M106.9644546508789 106.6294937133789 L106.9644546508789 192.60098266601562 L181.6632843017578 149.47616577148438 L181.6632843017578 63.50468826293945 L106.9644546508789 106.6294937133789 Z""></path></svg>"
034434f25044347627650b37c6ded315,"<svg xmlns=""http://www.w3.org/2000/svg"" viewBox=""0.0 0.0 200.0 200.0"" height=""200.0px"" width=""200.0px""><path fill=""currentColor"" fill-opacity=""1.0""  filling=""0"" d=""M100.0 183.33299255371094 C54.0 183.33299255371094 16.66699981689453 146.0 16.66699981689453 100.0 C16.66699981689453 54.0 54.0 16.66699981689453 100.0 16.66699981689453 C146.0 16.66699981689453 183.33299255371094 54.0 183.33299255371094 100.0 C183.33299255371094 146.0 146.0 183.33299255371094 100.0 183.33299255371094 M100.0 58.33300018310547 L58.33300018310547 100.0 L83.33300018310547 100.0 L83.33300018310547 133.33299255371094 L116.66699981689453 133.33299255371094 L116.66699981689453 100.0 L141.66700744628906 100.0 L100.0 58.33300018310547 Z""></path></svg>"
8cc54422f6df100049df0fa8b3297e7c,"<svg xmlns=""http://www.w3.org/2000/svg"" viewBox=""0.0 0.0 200.0 200.0"" height=""200.0px"" width=""200.0px""><path fill=""#464F58"" fill-opacity=""1.0""  filling=""0"" d=""M128.43124389648438 39.58125305175781 C130.3874969482422 39.58125305175781 131.98126220703125 41.18125534057617 131.98126220703125 43.13750457763672 L131.98126220703125 156.86248779296875 C131.98126220703125 158.81874084472656 130.3874969482422 160.4187469482422 128.43124389648438 160.4187469482422 L111.36250305175781 164.55624389648438 L88.5625 164.55624389648438 L71.57499694824219 160.4187469482422 C69.6187515258789 160.4187469482422 68.0250015258789 158.82501220703125 68.0250015258789 156.86248779296875 L68.0250015258789 43.13750457763672 C68.0250015258789 41.18125534057617 69.6187515258789 39.58125305175781 71.57499694824219 39.58125305175781 L128.43124389648438 39.58125305175781 M128.43124389648438 28.918746948242188 L71.56875610351562 28.918746948242188 C63.71875 28.918746948242188 57.35625076293945 35.287498474121094 57.35625076293945 43.13750457763672 L57.35625076293945 156.86248779296875 C57.35625076293945 164.71249389648438 63.72500228881836 171.08123779296875 71.56875610351562 171.08123779296875 L128.43124389648438 171.08123779296875 C136.28125 171.08123779296875 142.64999389648438 164.71249389648438 142.64999389648438 156.86248779296875 L142.64999389648438 43.13750457763672 C142.64999389648438 35.287498474121094 136.28125 28.918746948242188 128.43124389648438 28.918746948242188""></path>
<path fill=""#464F58"" fill-opacity=""1.0""  filling=""0"" d=""M57.35625076293945 142.64999389648438 L71.56875610351562 171.08123779296875 L128.43124389648438 171.08123779296875 L142.64999389648438 142.64999389648438 L57.35625076293945 142.64999389648438 Z M100.0 163.97500610351562 C96.07499694824219 163.97500610351562 92.89375305175781 160.7937469482422 92.89375305175781 156.86248779296875 C92.89375305175781 152.9375 96.07499694824219 149.75625610351562 100.0 149.75625610351562 C103.9312515258789 149.75625610351562 107.10624694824219 152.9375 107.10624694824219 156.86248779296875 C107.10624694824219 160.7937469482422 103.9312515258789 163.97500610351562 100.0 163.97500610351562 Z""></path></svg>"
eca474d62ec9c844fb98d910e5b4bddb,"<svg xmlns=""http://www.w3.org/2000/svg"" viewBox=""0.0 0.0 200.0 200.0"" height=""200.0px"" width=""200.0px""><path fill=""#0E0ED8"" fill-opacity=""1.0""  filling=""0"" d=""M91.6500015258789 106.5 L91.6500015258789 76.25 L101.5999984741211 77.7750015258789 L101.5999984741211 89.57499694824219 C101.5999984741211 91.67500305175781 103.30000305175781 93.375 105.4000015258789 93.375 C107.5 93.375 109.19999694824219 91.67500305175781 109.19999694824219 89.57499694824219 L109.19999694824219 78.94999694824219 L117.3499984741211 80.19999694824219 L117.3499984741211 89.57499694824219 C117.3499984741211 91.67500305175781 119.05000305175781 93.375 121.1500015258789 93.375 C123.25 93.375 124.94999694824219 91.67500305175781 124.94999694824219 89.57499694824219 L124.94999694824219 81.3499984741211 L151.1750030517578 85.3499984741211 C163.5749969482422 87.25 172.5749969482422 97.75 172.5749969482422 110.30000305175781 L172.5749969482422 124.375 L27.425003051757812 124.375 L27.425003051757812 114.0999984741211 L88.2249984741211 114.0 C90.07499694824219 114.0 91.5999984741211 112.5 91.5999984741211 110.6500015258789 L91.6500015258789 106.5 Z M152.3249969482422 77.80000305175781 L88.4000015258789 68.0250015258789 C87.30000305175781 67.8499984741211 86.19999694824219 68.17500305175781 85.3499984741211 68.9000015258789 C84.5 69.625 84.0250015258789 70.67500305175781 84.0250015258789 71.80000305175781 L84.0250015258789 106.5 L23.625 106.5 C21.525001525878906 106.5 19.824996948242188 108.19999694824219 19.824996948242188 110.30000305175781 L19.824996948242188 128.1999969482422 C19.824996948242188 130.3000030517578 21.525001525878906 132.0 23.625 132.0 L176.39999389648438 132.0 C178.5 132.0 180.1999969482422 130.3000030517578 180.1999969482422 128.1999969482422 L180.1999969482422 110.30000305175781 C180.1999969482422 102.44999694824219 177.39999389648438 94.8499984741211 172.27499389648438 88.875 C167.14999389648438 82.92500305175781 160.0749969482422 79.0 152.3249969482422 77.80000305175781 Z""></path>
<path fill=""#38F28C"" fill-opacity=""1.0""  filling=""0"" d=""M159.10000610351562 110.30000305175781 A3.799999952316284 3.799999952316284 0.0 1 0 166.6999969482422 110.30000305175781 A3.799999952316284 3.799999952316284 0.0 1 0 159.10000610351562 110.30000305175781 Z""></path>
<path fill=""#38F28C"" fill-opacity=""1.0""  filling=""0"" d=""M150.9250030517578 106.5 L101.44999694824219 106.5 C99.3499984741211 106.5 97.6500015258789 108.19999694824219 97.6500015258789 110.30000305175781 C97.6500015258789 112.4000015258789 99.3499984741211 114.0999984741211 101.44999694824219 114.0999984741211 L150.9250030517578 114.0999984741211 C153.02499389648438 114.0999984741211 154.72500610351562 112.4000015258789 154.72500610351562 110.30000305175781 C154.72500610351562 108.19999694824219 153.02499389648438 106.5 150.9250030517578 106.5 Z""></path></svg>"
4bdabc5bd786e2ab60383e19c1089f76,"<svg xmlns=""http://www.w3.org/2000/svg"" viewBox=""0.0 0.0 200.0 200.0"" height=""200.0px"" width=""200.0px""><path fill=""currentColor"" fill-opacity=""1.0""  filling=""0"" d=""M133.5019989013672 96.51200103759766 C142.83799743652344 87.61699676513672 148.66600036621094 75.06800079345703 148.66600036621094 61.18600082397461 C148.66600036621094 34.275001525878906 126.77300262451172 12.380996704101562 99.86100006103516 12.380996704101562 C72.9489974975586 12.380996704101562 51.058998107910156 34.27299499511719 51.058998107910156 61.18600082397461 C51.058998107910156 75.11499786376953 56.92599868774414 87.6989974975586 66.31800079345703 96.5999984741211 C34.72999572753906 109.82599639892578 12.479995727539062 141.05499267578125 12.479995727539062 177.38499450683594 C12.479995727539062 182.9239959716797 16.97100067138672 187.41400146484375 22.51000213623047 187.41400146484375 C28.048995971679688 187.41400146484375 32.53900146484375 182.9239959716797 32.53900146484375 177.38499450683594 C32.53900146484375 140.89999389648438 61.645999908447266 111.08999633789062 97.85700225830078 109.94499969482422 C98.52300262451172 109.9729995727539 99.18900299072266 109.98999786376953 99.86100006103516 109.98999786376953 C100.58599853515625 109.98999786376953 101.30500030517578 109.97100067138672 102.02100372314453 109.93900299072266 C138.30499267578125 111.00399780273438 167.49600219726562 140.84800720214844 167.49600219726562 177.38499450683594 C167.49600219726562 182.9239959716797 171.98599243164062 187.41400146484375 177.52499389648438 187.41400146484375 C183.06399536132812 187.41400146484375 187.55499267578125 182.9239959716797 187.55499267578125 177.38499450683594 C187.55299377441406 140.97300720214844 165.2030029296875 109.68599700927734 133.5019989013672 96.51200103759766 Z M71.11499786376953 61.18600082397461 C71.11499786376953 45.33399963378906 84.01000213623047 32.438995361328125 99.86100006103516 32.438995361328125 C115.71299743652344 32.438995361328125 128.60699462890625 45.33599853515625 128.60699462890625 61.18600082397461 C128.60699462890625 76.43399810791016 116.67400360107422 88.93900299072266 101.65599822998047 89.87100219726562 C101.11100006103516 89.86100006103516 100.56400299072266 89.8499984741211 100.01599884033203 89.8499984741211 C99.37899780273438 89.8499984741211 98.74400329589844 89.85900115966797 98.10900115966797 89.87300109863281 C83.0719985961914 88.96499633789062 71.11499786376953 76.4469985961914 71.11499786376953 61.18600082397461 Z""></path></svg>"
71ee158a22a6097284b46695521992a7,"<svg xmlns=""http://www.w3.org/2000/svg"" viewBox=""0.0 0.0 200.0 200.0"" height=""200.0px"" width=""200.0px""><path fill=""currentColor"" fill-opacity=""1.0""  filling=""0"" d=""M161.5330047607422 47.79999923706055 L88.93299865722656 47.79999923706055 A2.5329999923706055 2.5329999923706055 0.0 0 1 86.66699981689453 46.46699905395508 L77.93299865722656 34.33300018310547 A13.593000411987305 13.593000411987305 0.0 0 0 66.13300323486328 27.400001525878906 L38.53300094604492 27.400001525878906 C28.33300018310547 27.400001525878906 20.0 35.733001708984375 20.0 45.93299865722656 L20.0 154.1999969482422 C20.0 164.33299255371094 28.266998291015625 172.60000610351562 38.46699905395508 172.60000610351562 L161.5330047607422 172.60000610351562 A18.466999053955078 18.466999053955078 0.0 0 0 180.0 154.13299560546875 L180.0 66.33300018310547 C180.0 56.132999420166016 171.73300170898438 47.79999923706055 161.5330047607422 47.79999923706055 Z M79.86699676513672 94.66699981689453 C82.46700286865234 92.0 86.66699981689453 92.0 89.26699829101562 94.66699981689453 L93.33300018310547 98.73300170898438 L93.33300018310547 78.93299865722656 C93.33300018310547 75.19999694824219 96.33300018310547 72.26699829101562 100.0 72.26699829101562 C103.73300170898438 72.26699829101562 106.66699981689453 75.19999694824219 106.66699981689453 78.93299865722656 L106.66699981689453 98.66699981689453 L110.73300170898438 94.5999984741211 A6.639999866485596 6.639999866485596 0.0 0 1 120.13300323486328 94.5999984741211 C122.80000305175781 97.19999694824219 122.80000305175781 101.4000015258789 120.19999694824219 104.0 C104.15299987792969 119.9800033569336 105.08699798583984 119.24700164794922 103.73300170898438 120.33300018310547 C102.5999984741211 121.06700134277344 101.33300018310547 121.46700286865234 100.0 121.46700286865234 C98.66699981689453 121.46700286865234 97.33300018310547 121.06700134277344 96.26699829101562 120.33300018310547 A30725.6015625 30725.6015625 0.0 0 0 79.86699676513672 104.06700134277344 A6.639999866485596 6.639999866485596 0.0 0 1 79.86699676513672 94.66699981689453 Z M122.66699981689453 148.13299560546875 L77.33300018310547 148.13299560546875 C73.66699981689453 148.13299560546875 70.66699981689453 145.1999969482422 70.66699981689453 141.4669952392578 C70.66699981689453 137.8000030517578 73.66699981689453 134.8000030517578 77.33300018310547 134.8000030517578 L122.66699981689453 134.8000030517578 C126.4000015258789 134.8000030517578 129.33299255371094 137.8000030517578 129.33299255371094 141.4669952392578 C129.33299255371094 145.1999969482422 126.4000015258789 148.13299560546875 122.66699981689453 148.13299560546875 Z""></path></svg>"
9fa4222ec7965d5d3df86cd6b7967041,"<svg xmlns=""http://www.w3.org/2000/svg"" viewBox=""0.0 0.0 200.0 200.0"" height=""200.0px"" width=""200.0px""><path fill=""#212121"" fill-opacity=""1.0""  filling=""0"" d=""M16.002532958984375 99.93535614013672 A84.1197280883789 84.1197280883789 0.0 1 0 184.2419891357422 99.93535614013672 A84.1197280883789 84.1197280883789 0.0 1 0 16.002532958984375 99.93535614013672 Z""></path>
<path fill=""#E53935"" fill-opacity=""1.0""  filling=""0"" d=""M184.29550170898438 99.81620788574219 A84.2470703125 84.2470703125 0.0 0 1 144.7609405517578 171.25137329101562 A0.06464843451976776 0.06464843451976776 0.0 0 1 144.7234344482422 171.2705078125 L115.8148422241211 135.2468719482422 L139.76405334472656 137.88417053222656 C139.76405334472656 137.88417053222656 151.263671875 139.07403564453125 153.88397216796875 137.88417053222656 C156.28086853027344 136.9367218017578 169.2109375 118.7300796508789 169.2109375 118.7300796508789 C169.2109375 118.7300796508789 132.09042358398438 95.26581573486328 119.40174865722656 82.33476257324219 C120.8511734008789 60.54219055175781 117.7300796508789 31.55878448486328 117.7300796508789 31.800201416015625 C108.384765625 41.127349853515625 107.1949234008789 42.575782775878906 97.8505859375 51.19589614868164 C93.78202819824219 38.0244140625 91.8677749633789 33.47284698486328 87.8001937866211 20.300384521484375 C75.57421875 30.350784301757812 66.248046875 47.369529724121094 59.54121398925781 67.2490234375 A79.46015930175781 79.46015930175781 0.0 0 0 55.2685546875 72.3955078125 A110.7890625 110.7890625 0.0 0 0 52.573631286621094 76.09237670898438 A115.70097351074219 115.70097351074219 0.0 0 0 47.39081954956055 84.17304992675781 A174.24237060546875 174.24237060546875 0.0 0 0 43.953514099121094 90.2861328125 C36.16875457763672 104.90801239013672 29.777931213378906 121.66621398925781 24.241790771484375 136.751953125 A0.8666015267372131 0.8666015267372131 0.0 0 1 24.148826599121094 136.56600952148438 C9.008590698242188 105.34239196777344 14.550979614257812 68.03085327148438 38.11015319824219 42.55449295043945 C61.67031478881836 17.0771484375 98.43437957763672 8.641990661621094 130.7449188232422 21.297264099121094 C163.0554656982422 33.953712463378906 184.30859375 65.1167984008789 184.29647827148438 99.81718444824219 L184.29550170898438 99.81620788574219 Z""></path>
<path fill=""#FFFFFF"" fill-opacity=""1.0""  filling=""0"" d=""M102.3980484008789 69.8671875 C102.3980484008789 69.8671875 100.9677734375 61.48847961425781 100.0009765625 58.38554382324219 C106.46660614013672 52.14336013793945 107.43222045898438 51.19589614868164 113.65742492675781 45.21308517456055 C114.1392593383789 57.17753601074219 113.89765930175781 63.40176010131836 113.1734390258789 78.02265930175781 C109.58769226074219 74.4185562133789 102.3980484008789 69.8662109375 102.3980484008789 69.8662109375 L102.3980484008789 69.8671875 Z M74.3812484741211 111.05644989013672 C74.3812484741211 111.05644989013672 67.6744155883789 106.9876937866211 62.64004135131836 106.2816390991211 C64.0894546508789 102.91815948486328 67.91679382324219 98.60820007324219 68.8824234008789 97.4193344116211 C66.94999694824219 98.12637329101562 53.07246017456055 104.34941101074219 51.623046875 109.62519836425781 A75.54414367675781 75.54414367675781 0.0 0 1 63.12285232543945 113.45331573486328 A36.35702896118164 36.35702896118164 0.0 0 0 54.26132583618164 133.81463623046875 C54.26132583618164 133.81463623046875 76.2953109741211 130.4519500732422 92.8304672241211 132.6076202392578 C93.1162109375 132.7771453857422 93.44453430175781 132.85995483398438 93.7779312133789 132.84902954101562 L102.3980484008789 133.09042358398438 L129.78125 178.6824188232422 L130.00546264648438 179.0359344482422 C129.96817016601562 179.05410766601562 129.9490203857422 179.0724639892578 129.93084716796875 179.0724639892578 C78.2822265625 197.74374389648438 40.957618713378906 163.37364196777344 32.98808288574219 151.3537139892578 C33.021484375 151.25057983398438 33.04668426513672 151.1455078125 33.062889099121094 151.03848266601562 C40.234375 120.7177734375 49.077735900878906 84.43359375 63.364253997802734 73.71464538574219 C70.79550170898438 60.76542663574219 72.94999694824219 41.61113357543945 86.345703125 31.559768676757812 C89.70820617675781 41.61015701293945 94.9849624633789 62.45624923706055 98.5707015991211 72.50663757324219 C114.38163757324219 88.3173828125 138.32754516601562 107.9544906616211 154.36170959472656 116.09159851074219 C156.0334014892578 117.0572280883789 158.18887329101562 123.76425170898438 158.18887329101562 123.76425170898438 L151.7234344482422 131.9015655517578 L82.75995635986328 124.953125 A55.00918197631836 55.00918197631836 0.0 0 0 78.1337890625 124.76718139648438 A87.71366882324219 87.71366882324219 0.0 0 0 63.84707260131836 126.1419906616211 C67.1904296875 117.7632827758789 74.3812484741211 111.05644989013672 74.3812484741211 111.05644989013672 Z M96.6566390991211 102.19393920898438 C100.4837875366211 101.72929382324219 104.55254364013672 103.1605453491211 109.1039047241211 105.798828125 C113.41387176513672 104.5908203125 113.89668273925781 104.34941101074219 118.20780944824219 103.1605453491211 C112.68965148925781 99.09199523925781 106.70800018310547 94.78182983398438 98.5697250366211 95.970703125 A47.72343444824219 47.72343444824219 0.0 0 0 96.65567016601562 102.19393920898438 L96.6566390991211 102.19393920898438 Z""></path></svg>"
thesantatitan_deepseek-svg-dataset_0001094,"<svg width=""600"" height=""400"" viewBox=""0 0 600 400"" fill=""none"" xmlns=""http://www.w3.org/2000/svg"">
<path d=""M200 300 H400 L420 320 L380 340 L340 340 L300 320 Z"" fill=""#654321""/>
<path d=""M305 235 L265 235 L260 250 L300 250 Z"" fill=""#8B4513""/>
<path d=""M335 235 L375 235 L380 250 L340 250 Z"" fill=""#8B4513""/>
<path d=""M200 250 L400 250 L420 270 L380 270 Z"" fill=""#8B4513""/>
<path d=""M310 195 L280 195 L270 210 L300 210 Z"" fill=""#ff9999""/>
<path d=""M320 185 L340 185 L330 200 L315 200 Z"" fill=""#99ff99""/>
<path d=""M350 195 L380 195 L370 210 L355 210 Z"" fill=""#ffff99""/>
<path d=""M280 185 L300 185 L295 200 L285 200 Z"" fill=""#9999ff""/>
<path d=""M345 175 L365 175 L360 190 L345 190 Z"" fill=""#ff9999""/>
<path d=""M300 270 L315 270 L310 285 L295 285 Z"" fill=""#8B4513""/>
<path d=""M375 270 L390 270 L385 285 L370 285 Z"" fill=""#8B4513""/>
<path d=""M450 330 L470 330 L460 350 L450 350 Z"" fill=""#FFA07A""/>
<path d=""M450 360 L470 360 L460 380 L450 380 Z"" fill=""#FFA07A""/>
<path d=""M450 390 L470 390 L460 410 L450 410 Z"" fill=""#FFA07A""/>
<path d=""M450 420 L470 420 L460 440 L450 440 Z"" fill=""#FFA07A""/>
<path d=""M240 350 L260 350 L255 365 L245 365 Z"" fill=""#FFA07A""/>
<path d=""M240 380 L260 380 L255 395 L245 395 Z"" fill=""#FFA07A""/>
<path d=""M240 410 L260 410 L255 425 L245 425 Z"" fill=""#FFA07A""/>
<path d=""M240 440 L260 440 L255 455 L245 455 Z"" fill=""#FFA07A""/>
<path d=""M200 150 L400 150 L420 170 L380 170 Z"" fill=""#8B4513""/>
<path d=""M200 170 L400 170 L420 190 L380 190 Z"" fill=""#8B4513""/>
<path d=""M200 190 L400 190 L420 210 L380 210 Z"" fill=""#8B4513""/>
<path d=""M200 210 L400 210 L420 230 L380 230 Z"" fill=""#8B4513""/>
<path d=""M200 230 L400 230 L420 250 L380 250 Z"" fill=""#8B4513""/>
<path d=""M200 250 L400 250 L420 270 L380 270 Z"" fill=""#8B4513""/>
<path d=""M200 270 L400 270 L420 290 L380 290 Z"" fill=""#8B4513""/>
<path d=""M200 290 L400 290 L420 310 L380 310 Z"" fill=""#8B4513""/>
<path d=""M200 310 L400 310 L420 330 L380 330 Z"" fill=""#8B4513""/>
<path d=""M200 330 L400 330 L420 350 L380 350 Z"" fill=""#8B4513""/>
<path d=""M200 350 L400 350 L420 370 L380 370 Z"" fill=""#8B4513""/>
<path d=""M200 370 L400 370 L420 390 L380 390 Z"" fill=""#8B4513""/>
<path d=""M200 390 L400 390 L420 410 L380 410 Z"" fill=""#8B4513""/>
<path d=""M200 410 L400 410 L420 430 L380 430 Z"" fill=""#8B4513""/>
<path d=""M200 430 L400 430 L420 450 L380 450 Z"" fill=""#8B4513""/>
<path d=""M300 200 L320 200 L315 215 L295 215 Z"" fill=""#FFD700""/>
<path d=""M320 220 L340 220 L335 235 L325 235 Z"" fill=""#FFD700""/>
<path d=""M340 240 L360 240 L355 255 L345 255 Z"" fill=""#FFD700""/>
<path d=""M360 260 L380 260 L375 275 L365 275 Z"" fill=""#FFD700""/>
<path d=""M220 220 L240 220 L235 235 L225 235 Z"" fill=""#FFD700""/>
<path d=""M240 240 L260 240 L255 255 L245 255 Z"" fill=""#FFD700""/>
<path d=""M260 260 L280 260 L275 275 L265 275 Z"" fill=""#FFD700""/>
<path d=""M280 280 L300 280 L295 295 L285 295 Z"" fill=""#FFD700""/>
<path d=""M300 300 L320 300 L315 315 L295 315 Z"" fill=""#FFD700""/>
<path d=""M320 320 L340 320 L335 335 L325 335 Z"" fill=""#FFD700""/>
<path d=""M340 340 L360 340 L355 355 L345 355 Z"" fill=""#FFD700""/>
<path d=""M360 360 L380 360 L375 375 L365 375 Z"" fill=""#FFD700""/>
</svg>"
3332a2eeb90d4b8ace89ce52e857c0f1,"<svg xmlns=""http://www.w3.org/2000/svg"" viewBox=""0.0 0.0 200.0 200.0"" height=""200.0px"" width=""200.0px""><path fill=""#191F39"" fill-opacity=""1.0""  filling=""0"" d=""M100.0 101.4322280883789 C85.1597671508789 101.4332046508789 71.44648742675781 93.5166015625 64.02616882324219 80.66464233398438 C56.605857849121094 67.8130874633789 56.605857849121094 51.97871398925781 64.02616882324219 39.12675476074219 C71.44648742675781 26.275390625 85.1597671508789 18.3583984375 100.0 18.359375 C122.93887329101562 18.360748291015625 141.53378295898438 36.95703125 141.53378295898438 59.895896911621094 C141.53378295898438 82.83477020263672 122.93887329101562 101.43085479736328 100.0 101.4322280883789 Z M100.0 89.9740219116211 C110.74589538574219 89.9740219116211 120.67538452148438 84.24101257324219 126.04843139648438 74.9349594116211 C131.42147827148438 65.62870788574219 131.42147827148438 54.16289138793945 126.04843139648438 44.856834411621094 C120.67538452148438 35.55058288574219 110.7457046508789 29.817771911621094 100.0 29.817771911621094 C83.3882827758789 29.817771911621094 69.921875 43.2841796875 69.921875 59.895896911621094 C69.921875 76.50761413574219 83.3882827758789 89.9740219116211 100.0 89.9740219116211 Z M71.3541030883789 121.484375 C57.906639099121094 121.484375 47.005271911621094 132.3857421875 47.005271911621094 145.83340454101562 L47.005271911621094 167.31777954101562 C47.005271911621094 168.89315795898438 48.294334411621094 170.18222045898438 49.869728088378906 170.18222045898438 L150.13027954101562 170.18222045898438 C151.71231079101562 170.18222045898438 152.99472045898438 168.89981079101562 152.99472045898438 167.31777954101562 L152.99472045898438 145.83340454101562 C152.99472045898438 132.3857421875 142.09335327148438 121.484375 128.64590454101562 121.484375 L71.3541030883789 121.484375 Z M71.3541030883789 110.0259780883789 L128.64590454101562 110.0259780883789 A35.80722427368164 35.80722427368164 0.0 0 1 164.453125 145.83340454101562 L164.453125 167.31777954101562 C164.453125 175.22793579101562 158.04063415527344 181.640625 150.13027954101562 181.640625 L49.869728088378906 181.640625 C41.959571838378906 181.640625 35.546875 175.22813415527344 35.546875 167.31777954101562 L35.546875 145.83340454101562 A35.80722427368164 35.80722427368164 0.0 0 1 71.3541030883789 110.0259780883789 Z""></path></svg>"
thesantatitan_deepseek-svg-dataset_0003906,"<svg width=""100"" height=""100"" viewBox=""0 0 100 100"" xmlns=""http://www.w3.org/2000/svg"">
  <rect width=""100"" height=""100"" fill=""#000000""/>
  <defs>
    <linearGradient id=""petalGradient"" x1=""0%"" y1=""0%"" x2=""100%"" y2=""100%"">
      <stop offset=""0%"" style=""stop-color:#FFFFFF;stop-opacity:1""/>
      <stop offset=""100%"" style=""stop-color:#FF0000;stop-opacity:1""/>
    </linearGradient>
  </defs>
  <path d=""M50,50m-18,0a18,18 0 1,1 36,0a18,18 0 1,1-36,0"" fill=""url(#petalGradient)""/>
  <path d=""M50,50m-25,0a25,25 0 1,1 50,0a25,25 0 1,1-50,0"" fill=""url(#petalGradient)""/>
  <circle cx=""50"" cy=""50"" r=""18"" fill=""#FF0000""/>
  <path d=""M50,50m-28,0a28,28 0 1,1 56,0a28,28 0 1,1-56,0"" fill=""url(#petalGradient)""/>
</svg>"
90a05b017060160c10ff6d99d5899d03,"<svg xmlns=""http://www.w3.org/2000/svg"" viewBox=""0.0 0.0 200.0 200.0"" height=""200.0px"" width=""200.0px""><path fill=""#231815"" fill-opacity=""1.0""  filling=""0"" d=""M100.0 12.824996948242188 C51.67499923706055 12.824996948242188 12.5 52.0 12.5 100.32499694824219 C12.5 148.64999389648438 51.67499923706055 187.8249969482422 100.0 187.8249969482422 C148.3249969482422 187.8249969482422 187.5 148.64999389648438 187.5 100.32499694824219 C187.5 52.0 148.3249969482422 12.824996948242188 100.0 12.824996948242188 Z M100.0 175.3249969482422 C58.650001525878906 175.3249969482422 25.0 141.6750030517578 25.0 100.32499694824219 C25.0 58.974998474121094 58.650001525878906 25.324996948242188 100.0 25.324996948242188 C141.35000610351562 25.324996948242188 175.0 58.974998474121094 175.0 100.32499694824219 C175.0 141.6750030517578 141.35000610351562 175.3249969482422 100.0 175.3249969482422 Z""></path>
<path fill=""#231815"" fill-opacity=""1.0""  filling=""0"" d=""M131.60000610351562 95.46299743652344 C134.9499969482422 95.46299743652344 137.6750030517578 92.73799896240234 137.6750030517578 89.38700103759766 C137.6750030517578 86.03700256347656 134.9499969482422 83.31199645996094 131.60000610351562 83.31199645996094 L112.3499984741211 83.31199645996094 L127.81199645996094 67.41300201416016 C129.27499389648438 65.91200256347656 129.66299438476562 61.599998474121094 127.28700256347656 59.1619987487793 C124.91200256347656 56.724998474121094 120.4749984741211 57.29999923706055 119.0 58.8120002746582 L100.0 78.3499984741211 L80.625 58.42499923706055 C79.16300201416016 56.92499923706055 74.88800048828125 56.512001037597656 72.51200103759766 58.95000076293945 C70.13700103759766 61.387001037597656 70.36299896240234 65.53700256347656 71.82499694824219 67.05000305175781 L87.6500015258789 83.31199645996094 L70.83699798583984 83.31199645996094 C67.48799896240234 83.31199645996094 64.76300048828125 86.03700256347656 64.76300048828125 89.38700103759766 C64.76300048828125 92.73799896240234 67.48799896240234 95.46299743652344 70.83699798583984 95.46299743652344 L93.8499984741211 95.46299743652344 L93.8499984741211 107.61299896240234 L70.83699798583984 107.61299896240234 C67.48799896240234 107.61299896240234 64.76300048828125 110.33699798583984 64.76300048828125 113.68800354003906 C64.76300048828125 117.03700256347656 67.48799896240234 119.76300048828125 70.83699798583984 119.76300048828125 L93.8499984741211 119.76300048828125 L93.8499984741211 137.98699951171875 C93.8499984741211 141.33700561523438 96.57499694824219 144.06199645996094 99.92500305175781 144.06199645996094 L100.07499694824219 144.06199645996094 C103.42500305175781 144.06199645996094 106.1500015258789 141.33700561523438 106.1500015258789 137.98699951171875 L106.1500015258789 119.76300048828125 L131.60000610351562 119.76300048828125 C134.9499969482422 119.76300048828125 137.6750030517578 117.03700256347656 137.6750030517578 113.68800354003906 C137.6750030517578 110.33699798583984 134.9499969482422 107.61299896240234 131.60000610351562 107.61299896240234 L106.1500015258789 107.61299896240234 L106.1500015258789 95.46299743652344 L131.60000610351562 95.46299743652344 Z""></path></svg>"
81f0ef2e89e860a114af2d8a4d133baa,"<svg xmlns=""http://www.w3.org/2000/svg"" viewBox=""0.0 0.0 200.0 200.0"" height=""200.0px"" width=""200.0px""><path fill="""" fill-opacity=""1.0""  filling=""0"" d=""M66.92265319824219 162.1662139892578 L66.92265319824219 135.1904296875 C66.92265319824219 133.59921264648438 65.62812805175781 132.3046875 64.03691101074219 132.3046875 L44.9453125 132.3046875 C38.104103088378906 132.3046875 32.53828430175781 126.7388687133789 32.53828430175781 119.89765167236328 L32.53828430175781 50.240821838378906 C32.53828430175781 43.39960861206055 38.104103088378906 37.833595275878906 44.9453125 37.833595275878906 L155.05429077148438 37.833595275878906 C161.8957061767578 37.833595275878906 167.46151733398438 43.399417877197266 167.46151733398438 50.240821838378906 L167.46151733398438 119.89765167236328 C167.46151733398438 126.7388687133789 161.8957061767578 132.3046875 155.05429077148438 132.3046875 L102.8285140991211 132.3046875 C102.14042663574219 132.3046875 101.47325134277344 132.55137634277344 100.9505844116211 132.99960327148438 L66.92265319824219 162.1662139892578 Z M44.9453125 41.831050872802734 C40.30801010131836 41.831050872802734 36.53554916381836 45.60371017456055 36.53554916381836 50.24101638793945 L36.53554916381836 119.89785766601562 C36.53554916381836 124.53496551513672 40.30801010131836 128.3076171875 44.9453125 128.3076171875 L64.03691101074219 128.3076171875 C67.83222961425781 128.3076171875 70.919921875 131.39532470703125 70.919921875 135.1906280517578 L70.919921875 153.4753875732422 L98.3490219116211 129.96446228027344 C99.59590148925781 128.89590454101562 101.18671417236328 128.30743408203125 102.8285140991211 128.30743408203125 L155.05450439453125 128.30743408203125 C159.69180297851562 128.30743408203125 163.46444702148438 124.53475952148438 163.46444702148438 119.89765167236328 L163.46444702148438 50.240821838378906 C163.46444702148438 45.603515625 159.69180297851562 41.83086013793945 155.05450439453125 41.83086013793945 L44.9453125 41.83086013793945 L44.9453125 41.831050872802734 Z M65.5419921875 93.1650390625 C59.96249771118164 93.1650390625 55.42363357543945 88.62616729736328 55.42363357543945 83.046875 C55.42363357543945 77.4673843383789 59.96269607543945 72.9283218383789 65.5419921875 72.9283218383789 C71.12129211425781 72.9283218383789 75.6605453491211 77.4673843383789 75.6605453491211 83.046875 C75.6605453491211 88.6259765625 71.12129211425781 93.1650390625 65.5419921875 93.1650390625 Z M65.5419921875 76.9253921508789 C62.166603088378906 76.9253921508789 59.420894622802734 79.6712875366211 59.420894622802734 83.04667663574219 C59.420894622802734 86.421875 62.16679763793945 89.1675796508789 65.5419921875 89.1675796508789 C68.9169921875 89.1675796508789 71.66327667236328 86.42167663574219 71.66327667236328 83.04667663574219 C71.66327667236328 79.67167663574219 68.91718292236328 76.9253921508789 65.5419921875 76.9253921508789 Z M100.0 93.1650390625 C94.4205093383789 93.1650390625 89.88163757324219 88.62616729736328 89.88163757324219 83.046875 C89.88163757324219 77.4673843383789 94.42070007324219 72.9283218383789 100.0 72.9283218383789 C105.57949829101562 72.9283218383789 110.1185531616211 77.4673843383789 110.1185531616211 83.046875 C110.1185531616211 88.6259765625 105.57949829101562 93.1650390625 100.0 93.1650390625 Z M100.0 76.9253921508789 C96.62460327148438 76.9253921508789 93.87890625 79.6712875366211 93.87890625 83.04667663574219 C93.87890625 86.421875 96.62480163574219 89.1675796508789 100.0 89.1675796508789 C103.37519836425781 89.1675796508789 106.12129211425781 86.42167663574219 106.12129211425781 83.04667663574219 C106.12129211425781 79.67167663574219 103.37519836425781 76.9253921508789 100.0 76.9253921508789 Z M134.4578094482422 93.1650390625 C128.87850952148438 93.1650390625 124.3392562866211 88.62616729736328 124.3392562866211 83.046875 C124.3392562866211 77.4673843383789 128.87850952148438 72.9283218383789 134.4578094482422 72.9283218383789 C140.037109375 72.9283218383789 144.576171875 77.4673843383789 144.576171875 83.046875 C144.576171875 88.6259765625 140.037109375 93.1650390625 134.4578094482422 93.1650390625 Z M134.4578094482422 76.9253921508789 C131.08261108398438 76.9253921508789 128.33651733398438 79.6712875366211 128.33651733398438 83.04667663574219 C128.33651733398438 86.421875 131.08261108398438 89.1675796508789 134.4578094482422 89.1675796508789 C137.8332061767578 89.1675796508789 140.5789031982422 86.42167663574219 140.5789031982422 83.04667663574219 C140.5789031982422 79.67167663574219 137.8332061767578 76.9253921508789 134.4578094482422 76.9253921508789 Z""></path></svg>"
c3ce8e79074302a57f484a046a013c36,"<svg fill=""none"" height=""128"" viewBox=""0 0 128 128"" width=""128"" xmlns=""http://www.w3.org/2000/svg"" xmlns:xlink=""http://www.w3.org/1999/xlink""><clipPath id=""a""><path d=""m.22.22h126.84v126.84h-126.84z""/></clipPath><path d=""m.22.22h126.84v126.84h-126.84z"" fill=""none""/><g clip-path=""url(#a)""><path d=""m63.97 127.97c35.36 0 64-28.64 64-64 0-35.33-28.64-63.97-64-63.97-35.33 0-63.97 28.64-63.97 63.97 0 35.36 28.64 64 63.97 64"" fill=""#deeeff""/><path d=""m26.75 72.32c0 15.17 6.34 24.24 16.98 24.24 2.35 0 4.96-.48 7.71-1.36l7.79 5.17c2.13 1.42 5.04.86 6.45-1.3l34.77-52.35c1.42-2.13.83-5.01-1.3-6.45l-17.44-11.58c-2.16-1.41-5.04-.85-6.46 1.31l-34.77 52.35c-1.41 2.13-.85 5.01 1.31 6.45l3.76 2.51c-.75.05-1.52.1-2.27.1-2.64 0-4.32-.61-5.28-1.68-3.12-3.44 1.25-11.76 6.05-20.93 5.84-11.12 12.32-23.47 6.7-29.63-.86-.93-1.98-1.73-3.44-2.34-11.79-5.07-20.56 18.45-20.56 35.49zm5.89 9.79c.05.24.13.48.21.72 1.31-4.83 4.4-10.83 7.44-16.83 3.6-6.99 7.15-13.92 7.79-18.8.13-.91.13-1.73.03-2.51-.22-1.65-1.04-2.9-2.64-3.6-5.2-2.21-12.06 10.72-13.71 25.04-.24 2.06-.35 4.11-.35 6.19l1.23 9.79c-.91-3.12-1.17-6.35-1.23-8.75zm-1.23-8.75c0-.37 0-.72 0-1.04z"" fill=""#2e3ecd"" fill-rule=""evenodd""/><g fill=""#6bafff""><path d=""m76.21 39.04c.38-.56 1.1-.69 1.63-.35l2.91 1.95c.53.35 1.25.21 1.6-.32l1.94-2.91c.35-.56 1.07-.69 1.6-.34l3.9 2.58c.53.35.66 1.07.32 1.6l-1.92 2.91c-.38.53-.22 1.28.32 1.63l2.9 1.92c.54.37.67 1.09.32 1.62l-2.56 3.87c-.37.53-1.09.69-1.62.32l-2.91-1.92c-.53-.35-1.25-.21-1.6.32l-1.95 2.91c-.34.53-1.06.69-1.6.32l-3.89-2.56c-.53-.35-.67-1.1-.32-1.63l1.92-2.91c.37-.53.21-1.25-.32-1.6l-2.91-1.94c-.53-.35-.66-1.07-.32-1.6z""/><path d=""m72.4 65.12c1.92 0 3.49-1.57 3.49-3.49s-1.57-3.5-3.49-3.5c-1.95 0-3.49 1.58-3.49 3.5s1.54 3.49 3.49 3.49""/><path d=""m74.03 76.21c1.28 0 2.32-1.04 2.32-2.32s-1.04-2.34-2.32-2.34-2.32 1.06-2.32 2.34 1.04 2.32 2.32 2.32""/><path d=""m67.25 71.71c1.28 0 2.32-1.04 2.32-2.32 0-1.31-1.04-2.35-2.32-2.35-1.3 0-2.34 1.04-2.34 2.35 0 1.28 1.04 2.32 2.34 2.32""/><path d=""m60.16 82.37c1.28 0 2.32-1.04 2.32-2.32 0-1.3-1.04-2.34-2.32-2.34s-2.32 1.04-2.32 2.34c0 1.28 1.04 2.32 2.32 2.32""/><path d=""m55.01 90.13c1.28 0 2.32-1.04 2.32-2.34 0-1.28-1.04-2.32-2.32-2.32s-2.32 1.04-2.32 2.32c0 1.3 1.04 2.34 2.32 2.34""/><path d=""m60.45 67.2c1.28 0 2.32-1.04 2.32-2.32s-1.04-2.32-2.32-2.32-2.32 1.04-2.32 2.32 1.04 2.32 2.32 2.32""/></g></g></svg>"
5042ffa79825e6f2e6cee4a274ba4f5b,"<svg height=""128"" viewBox=""0 0 20 20"" width=""128"" xmlns=""http://www.w3.org/2000/svg""><path d=""m0 0h20v20h-20z"" fill=""none""/><path d=""m17 13v-10h-14v10zm-12 4h10v-2h-10z""/></svg>"
9505dcfe12be5fffcbb4ba231515c977,"<svg xmlns=""http://www.w3.org/2000/svg"" viewBox=""0.0 0.0 200.0 200.0"" height=""200.0px"" width=""200.0px""><path fill=""currentColor"" fill-opacity=""1.0""  filling=""0"" d=""M166.1580047607422 22.70800018310547 L33.513999938964844 22.70800018310547 C19.30999755859375 22.70800018310547 12.399002075195312 29.712997436523438 12.399002075195312 43.724998474121094 L12.399002075195312 127.79399871826172 C12.399002075195312 141.8070068359375 18.882003784179688 148.4290008544922 32.733001708984375 148.4290008544922 L53.06700134277344 148.4290008544922 L50.566001892089844 169.8280029296875 A6.968999862670898 6.968999862670898 0.0 0 0 54.28200149536133 175.9929962158203 A6.982999801635742 6.982999801635742 0.0 0 0 57.604000091552734 176.83399963378906 C58.96900177001953 176.83399963378906 60.334999084472656 176.4409942626953 61.50299835205078 175.65699768066406 L101.86900329589844 148.4290008544922 L166.93899536132812 148.4290008544922 C181.01699829101562 148.4290008544922 187.27200317382812 141.8070068359375 187.27200317382812 127.79399871826172 L187.27200317382812 43.724998474121094 C187.27200317382812 29.712997436523438 180.23500061035156 22.70800018310547 166.1580047607422 22.70800018310547 Z M59.21099853515625 95.73699951171875 C53.612998962402344 95.73699951171875 49.06399917602539 91.18599700927734 49.06399917602539 85.6050033569336 C49.06399917602539 80.0250015258789 53.61399841308594 75.45500183105469 59.21099853515625 75.45500183105469 C64.80699920654297 75.45500183105469 69.35700225830078 80.00700378417969 69.35700225830078 85.6050033569336 C69.35600280761719 91.2040023803711 64.78800201416016 95.73699951171875 59.21099853515625 95.73699951171875 Z M99.81400299072266 95.73699951171875 C94.18699645996094 95.73699951171875 89.61599731445312 91.18599700927734 89.61599731445312 85.6050033569336 C89.61599731445312 80.0250015258789 94.18800354003906 75.45500183105469 99.81400299072266 75.45500183105469 C105.44000244140625 75.45500183105469 110.01100158691406 80.00700378417969 110.01100158691406 85.6050033569336 C110.01100158691406 91.2040023803711 105.41999816894531 95.73699951171875 99.81400299072266 95.73699951171875 L99.81400299072266 95.73699951171875 Z M140.47999572753906 95.73699951171875 C134.85299682617188 95.73699951171875 130.2969970703125 91.18599700927734 130.2969970703125 85.6050033569336 C130.2969970703125 80.0250015258789 134.85299682617188 75.45500183105469 140.47900390625 75.45500183105469 C146.10400390625 75.45500183105469 150.67599487304688 80.00700378417969 150.67599487304688 85.6050033569336 C150.67599487304688 91.2040023803711 146.10499572753906 95.73699951171875 140.47900390625 95.73699951171875 L140.47999572753906 95.73699951171875 Z""></path></svg>"
74f6eac8-62ee-4eb8-8011-46240d04e009,"<svg xmlns=""http://www.w3.org/2000/svg"" viewBox=""0.0 0.0 200.0 200.0"" height=""200.0px"" width=""200.0px""><path fill=""#2172F4"" fill-opacity=""1.0""  filling=""0"" d=""M151.9921875 70.29296875 C151.93359375 70.01953125 151.8359375 69.765625 151.6796875 69.55078125 C152.16796875 66.1328125 152.01171875 63.984375 151.97265625 63.417972564697266 C151.93359375 52.773441314697266 146.46484375 42.79296875 136.54296875 35.33203125 C126.7578125 27.94921875 113.76953125 23.88671875 100.0 23.88671875 C86.23046875 23.88671875 73.2421875 27.94921875 63.45703125 35.3125 C53.53515625 42.79296875 48.06640625 52.75390625 48.02734375 63.417972564697266 C47.988285064697266 63.9453125 47.812496185302734 66.23046875 48.14453125 69.84375 C48.085941314697266 69.98046875 48.02734375 70.13671875 48.007808685302734 70.29296875 C45.29296875 84.4921875 46.953125 96.6796875 51.113285064697266 119.21875 C53.945316314697266 134.55078125 67.5 150.56640625 73.203125 156.73828125 C82.0703125 166.34765625 93.76953125 176.0546875 99.9609375 176.11328125 L100.0390625 176.11328125 C106.2109375 176.0546875 117.91015625 166.3671875 126.796875 156.73828125 C132.5 150.56640625 146.0546875 134.55078125 148.88671875 119.21875 C153.046875 96.6796875 154.70703125 84.4921875 151.9921875 70.29296875 Z M51.93359375 63.730464935302734 C51.93359375 63.65234375 51.953125 63.59375 51.953125 63.515628814697266 C51.953125 43.828125 73.515625 27.79296875 100.0 27.79296875 C122.109375 27.79296875 140.78125 38.9453125 146.3671875 54.1015625 C144.8046875 57.12890625 138.6328125 68.828125 133.125 74.43359375 C122.51953125 85.2734375 105.91796875 94.98046875 105.74219512939453 95.078125 C104.80467987060547 95.625 104.4921875 96.81640625 105.0390625 97.75390625 C105.41015625 98.37890625 106.0546875 98.73046875 106.73828125 98.73046875 C107.0703125 98.73046875 107.40235137939453 98.65234375 107.71484375 98.45703125 C108.41796112060547 98.046875 124.94140625 88.37890625 135.91796875 77.16796875 C140.37109375 72.6171875 145.0390625 64.74609375 147.79296875 59.726558685302734 C147.96875 60.976566314697266 148.06640625 62.2265625 148.06640625 63.515628814697266 C148.06640625 63.59375 148.06640625 63.69140625 148.0859375 63.76953125 C148.10546875 63.984375 150.60546875 86.484375 117.0703125 114.96092987060547 C114.94140625 116.77734375 112.91014862060547 118.4765625 111.01563262939453 120.05859375 C107.3828125 116.875 94.51171875 105.234375 86.328125 93.7109375 C76.9140625 80.44921875 73.984375 60.781253814697266 73.9453125 60.546875 C73.7890625 59.47265625 72.79296875 58.730472564697266 71.73828125 58.88671875 C70.6640625 59.042964935302734 69.921875 60.0390625 70.078125 61.093746185302734 C70.1953125 61.93359375 73.1640625 81.9140625 83.14453125 95.95703125 C91.34765625 107.51953125 103.69141387939453 118.80859375 107.96875 122.578125 C105.19530487060547 124.8828125 102.6953125 126.9140625 100.44921875 128.7109375 C100.1953125 128.65234375 77.265625 122.83203125 63.828121185302734 101.64063262939453 C56.796871185302734 90.56640625 53.945316314697266 80.83984375 52.773441314697266 74.62890625 C51.523433685302734 67.9296875 51.914058685302734 63.76953125 51.93359375 63.730464935302734 Z M145.0390625 118.515625 C143.1640625 128.59375 135.46875 141.5625 123.92578125 154.08203125 C113.4765625 165.41015625 103.57421875 172.1875 100.01952362060547 172.20703125 C96.46484375 172.1875 86.5625 165.41015625 76.11328125 154.08203125 C64.55078125 141.5625 56.85546875 128.59375 55.0 118.515625 C52.0703125 102.65624237060547 50.390625 92.05078125 50.6640625 82.3046875 C52.44140625 88.28125 55.44921875 95.68359375 60.56640625 103.75 C68.046875 115.52734375 78.22265625 122.71484375 85.44921875 126.6796875 C90.17578125 129.2578125 94.23828125 130.83984375 96.77734375 131.69921875 C84.6875 141.2109375 81.46484375 142.65625 80.8203125 142.87109375 C80.09765625 142.91015625 79.43359375 143.359375 79.140625 144.0625 C78.73046875 145.05859375 79.1796875 146.2109375 80.17578125 146.62109375 C80.41015625 146.71875 80.64453125 146.796875 80.9765625 146.796875 C81.953125 146.796875 83.61328125 146.11328125 87.734375 143.3203125 C94.453125 138.76953125 105.17578125 130.234375 119.6484375 117.94921875 C127.6953125 111.11328887939453 134.39453125 104.04296875 139.5703125 96.89453125 C143.75 91.1328125 146.93359375 85.33203125 149.08203125 79.62890625 C149.16015625 79.43359375 149.21875 79.2578125 149.27734375 79.08203125 C150.0 89.74609375 148.30078125 100.85938262939453 145.0390625 118.515625 Z""></path>
<path fill=""#2172F4"" fill-opacity=""1.0""  filling=""0"" d=""M64.0625 52.75390625 C65.1171875 52.75390625 65.95703125 51.914058685302734 65.95703125 50.859375 C66.0546875 50.3125 68.125 48.41796875 75.703125 46.484375 C74.4921875 47.83203125 73.84765625 49.296875 73.84765625 50.859375 C73.84765625 54.19921875 76.796875 57.187496185302734 82.1484375 59.27734375 C86.93359375 61.1328125 93.26171875 62.148441314697266 99.9609375 62.148441314697266 L99.98046875 62.148441314697266 C106.89453125 62.148441314697266 116.07421875 61.0546875 123.3984375 59.35546875 C127.421875 58.41796875 130.6640625 57.363285064697266 133.0078125 56.23046875 C134.19921875 55.6640625 137.8125 53.90625 137.8125 50.859375 C137.8125 49.8046875 136.953125 48.9453125 135.91796875 48.9453125 C134.86328125 48.9453125 134.0234375 49.78515625 134.0234375 50.839839935302734 C133.92578125 51.38671875 131.85546875 53.281246185302734 124.23828125 55.234371185302734 C125.44921875 53.88671875 126.09375 52.421875 126.09375 50.859375 C126.09375 47.519527435302734 123.14453125 44.53125 117.79296875 42.441402435302734 C113.00780487060547 40.585933685302734 106.6796875 39.5703125 99.98046875 39.5703125 C93.06640625 39.5703125 83.88671875 40.664066314697266 76.5625 42.36328125 C72.5390625 43.300785064697266 69.296875 44.35546875 66.953125 45.48828125 C65.76171875 46.054683685302734 62.148441314697266 47.812496185302734 62.148441314697266 50.859375 C62.167964935302734 51.894535064697266 63.0078125 52.75390625 64.0625 52.75390625 Z M122.3046875 50.839839935302734 C122.3046875 53.964839935302734 113.80859375 58.339847564697266 99.98046875 58.339847564697266 C86.15234375 58.339847564697266 77.65625 53.984375 77.65625 50.839839935302734 C77.65625 47.812496185302734 85.56640625 43.65234375 98.53515625 43.359375 L99.98046875 43.359375 C113.828125 43.33984375 122.3046875 47.714839935302734 122.3046875 50.839839935302734 Z""></path></svg>"
53327e66189097b0ff9f7e70945735dc,"<svg xmlns=""http://www.w3.org/2000/svg"" viewBox=""0.0 0.0 200.0 200.0"" height=""200.0px"" width=""200.0px""><path fill="""" fill-opacity=""1.0""  filling=""0"" d=""M99.5703125 186.77734375 C87.83203125 186.77734375 76.4453125 184.47265625 65.72265625 179.94140625 C55.37109375 175.56640625 46.07421875 169.296875 38.0859375 161.30859375 C30.09765625 153.3203125 23.828125 144.0234375 19.453125 133.671875 C14.921875 122.94921875 12.6171875 111.5625 12.6171875 99.82421875 C12.6171875 88.0859375 14.921875 76.69921875 19.453125 65.9765625 C23.828125 55.624996185302734 30.09765625 46.328128814697266 38.0859375 38.339839935302734 C46.07421875 30.3515625 55.37109375 24.08203125 65.72265625 19.70703125 C76.4453125 15.17578125 87.83203125 12.87109375 99.5703125 12.87109375 C111.30860137939453 12.87109375 122.6953125 15.17578125 133.41796875 19.70703125 C143.76953125 24.08203125 153.06640625 30.3515625 161.0546875 38.339839935302734 C169.04296875 46.328128814697266 175.3125 55.624996185302734 179.6875 65.9765625 C184.21875 76.69921875 186.5234375 88.0859375 186.5234375 99.82421875 C186.5234375 111.5625 184.21875 122.94921875 179.6875 133.671875 C175.3125 144.0234375 169.04296875 153.3203125 161.0546875 161.30859375 C153.06640625 169.296875 143.76953125 175.56640625 133.41796875 179.94140625 C122.6953125 184.4921875 111.2890625 186.77734375 99.5703125 186.77734375 Z M99.5703125 28.8671875 C60.44921875 28.8671875 28.61328125 60.703121185302734 28.61328125 99.82421875 C28.61328125 138.9453125 60.44921875 170.78125 99.5703125 170.78125 C138.69140625 170.78125 170.5078125 138.9453125 170.5078125 99.82421875 C170.5078125 60.703121185302734 138.69140625 28.8671875 99.5703125 28.8671875 Z M99.5703125 116.796875 C86.40625 116.796875 74.4921875 125.1171875 69.90234375 137.48046875 C68.359375 141.62109375 70.46875 146.23046875 74.62890625 147.7734375 C78.76953125 149.31640625 83.37890625 147.20703125 84.921875 143.046875 C87.1875 136.9140625 93.0859375 132.79296875 99.58984375 132.79296875 C106.15234375 132.79296875 112.05078125 136.953125 114.296875 143.1640625 C115.80078887939453 147.32421875 120.390625 149.47265625 124.55078125 147.96875 C128.7109375 146.46484375 130.859375 141.875 129.35546875 137.71484375 C124.8046875 125.21484375 112.83203125 116.796875 99.5703125 116.796875 Z M75.01953125 93.22265625 C70.60546875 93.22265625 67.01171875 89.62890625 67.01171875 85.21484375 L67.01171875 77.0703125 C67.01171875 72.65625 70.60546875 69.0625 75.01953125 69.0625 C79.43359375 69.0625 83.02734375 72.65625 83.02734375 77.0703125 L83.02734375 85.21484375 C83.02734375 89.6484375 79.43359375 93.22265625 75.01953125 93.22265625 Z M121.796875 93.22265625 C117.3828125 93.22265625 113.78905487060547 89.62890625 113.78905487060547 85.21484375 L113.78905487060547 77.0703125 C113.78905487060547 72.65625 117.3828125 69.0625 121.796875 69.0625 C126.2109375 69.0625 129.8046875 72.65625 129.8046875 77.0703125 L129.8046875 85.21484375 C129.8046875 89.6484375 126.23046875 93.22265625 121.796875 93.22265625 Z""></path></svg>"
b360fa0926a8b1957b1f26088fe97853,"<svg xmlns=""http://www.w3.org/2000/svg"" viewBox=""0.0 0.0 200.0 200.0"" height=""200.0px"" width=""200.0px""><path fill="""" fill-opacity=""1.0""  filling=""0"" d=""M99.98046875 171.8359375 C77.48046875 171.8359375 54.98046875 171.81640625 32.48046875 171.85546875 C29.0234375 171.85546875 25.703125 171.42578125 22.67578125 169.74609375 C16.11328125 166.1328125 12.578125 160.546875 12.55859375 153.046875 C12.5 123.65234375 12.48046875 94.2578125 12.55859375 64.8828125 C12.578125 56.640625 18.37890625 49.082027435302734 27.28515625 47.324214935302734 C28.76953125 47.031246185302734 30.3125 46.933589935302734 31.8359375 46.933589935302734 C37.558589935302734 46.89453125 43.28125 46.89453125 49.00390625 46.933589935302734 C49.765621185302734 46.933589935302734 50.1171875 46.738277435302734 50.351558685302734 45.99609375 C51.601566314697266 42.109375 52.91015625 38.26171875 54.19921875 34.39453125 C55.48828125 30.52734375 58.730472564697266 28.1640625 62.8125 28.1640625 L137.1484375 28.1640625 C141.015625 28.1640625 144.62890625 30.80078125 145.859375 34.4921875 C147.1484375 38.359375 148.45703125 42.226566314697266 149.70703125 46.09375 C149.90234375 46.718753814697266 150.1953125 46.933589935302734 150.87890625 46.933589935302734 C157.1875 46.914066314697266 163.49609375 46.85546875 169.8046875 46.97265625 C178.10546875 47.128902435302734 185.3125 53.183589935302734 186.9921875 61.30859375 C187.32421875 62.91015625 187.5 64.55078125 187.5 66.19140625 C187.5390625 95.05859375 187.51953125 123.90625 187.51953125 152.7734375 C187.51953125 158.8671875 185.33203125 164.00390625 180.52734375 167.8515625 C176.93359375 170.7421875 172.75390625 171.8359375 168.18359375 171.8359375 L99.98046875 171.8359375 Z M99.9609375 162.51953125 C122.734375 162.51953125 145.5078125 162.4609375 168.30078125 162.55859375 C173.53515625 162.578125 178.22265625 158.1640625 178.22265625 152.6171875 C178.1640625 123.80859375 178.203125 95.0 178.18359375 66.2109375 C178.18359375 65.390625 178.0859375 64.55078125 177.9296875 63.730464935302734 C177.1484375 59.86328125 173.26171875 56.15234375 168.4765625 56.210933685302734 C160.3125 56.289066314697266 152.1484375 56.23046875 143.984375 56.25 C143.4375 56.25 143.1640625 56.15234375 142.96875 55.56640625 C141.09375 49.843753814697266 139.16015625 44.16015625 137.28515625 38.437496185302734 C137.03125 37.67578125 136.69921875 37.441410064697266 135.8984375 37.441410064697266 C119.5703125 37.460933685302734 103.24217987060547 37.460933685302734 86.89453125 37.460933685302734 L63.984375 37.460933685302734 C63.49609375 37.460933685302734 63.10546875 37.460933685302734 62.91015625 38.0859375 C61.015625 43.828125 59.08203125 49.550785064697266 57.20703125 55.29296875 C56.972660064697266 56.015621185302734 56.699214935302734 56.26953125 55.898441314697266 56.26953125 C47.792972564697266 56.23046875 39.66796875 56.328125 31.5625 56.23046875 C26.3671875 56.171875 21.8359375 60.7421875 21.8359375 65.99609375 C21.89453125 94.8828125 21.85546875 123.76953125 21.875 152.65625 C21.875 153.4765625 21.97265625 154.31640625 22.12890625 155.13671875 C22.890625 158.84765625 26.69921875 162.59765625 31.73828125 162.578125 C54.47265625 162.48046875 77.20703125 162.51953125 99.9609375 162.51953125 Z M99.9609375 146.8359375 C75.44921875 146.796875 56.25 127.44140625 56.308589935302734 102.87109375 C56.3671875 78.65234375 75.80078125 59.39453125 100.07813262939453 59.414066314697266 C123.7890625 59.433589935302734 143.7109375 78.125 143.7109375 103.28125 C143.69140625 127.59765625 124.2578125 146.875 99.9609375 146.8359375 Z M99.94140625 137.51953125 C118.61328125 137.59765625 134.35546875 121.97265625 134.39453125 103.28125 C134.453125 84.47265625 118.84765625 68.80859375 100.0390625 68.75 C81.54296875 68.69140625 65.80078125 84.21875 65.5859375 102.5 C65.3515625 121.6796875 81.19140625 137.5390625 99.94140625 137.51953125 Z M150.0390625 75.546875 C150.0390625 70.1171875 154.58984375 65.625 160.05859375 65.64453125 C165.52734375 65.6640625 170.0390625 70.234375 170.0 75.7421875 C169.9609375 81.1328125 165.4296875 85.60546875 160.0 85.60546875 C154.4921875 85.60546875 150.0390625 81.09375 150.0390625 75.546875 Z""></path></svg>"
6ad7c2e050bff53dcea032cf7583bf0a,"<svg xmlns=""http://www.w3.org/2000/svg"" viewBox=""0.0 0.0 200.0 200.0"" height=""200.0px"" width=""200.0px""><path fill=""#B9523F"" fill-opacity=""1.0""  filling=""0"" d=""M175.44900512695312 87.98799896240234 L168.32000732421875 92.0510025024414 C167.47999572753906 92.5199966430664 166.97300720214844 93.41799926757812 166.97300720214844 94.3949966430664 L166.97300720214844 98.86699676513672 C166.97300720214844 99.8239974975586 167.47999572753906 100.7229995727539 168.32000732421875 101.21099853515625 L175.44900512695312 105.27300262451172 C176.56199645996094 105.91799926757812 177.98800659179688 105.68399810791016 178.8280029296875 104.68800354003906 C180.19500732421875 103.06600189208984 181.27000427246094 100.0780029296875 181.27000427246094 96.62100219726562 C181.27000427246094 93.18399810791016 180.21499633789062 90.1760025024414 178.8280029296875 88.55500030517578 C177.968994140625 87.5979995727539 176.56199645996094 87.34400177001953 175.44900512695312 87.98799896240234 Z""></path>
<path fill=""#B9523F"" fill-opacity=""1.0""  filling=""0"" d=""M63.77000045776367 55.60499954223633 L132.47999572753906 55.60499954223633 C152.52000427246094 55.60499954223633 168.906005859375 73.43800354003906 168.906005859375 95.25399780273438 L168.906005859375 97.06999969482422 C168.906005859375 118.86699676513672 152.52000427246094 136.718994140625 132.47999572753906 136.718994140625 L34.39500427246094 136.718994140625""></path>
<path fill=""#D65C45"" fill-opacity=""1.0""  filling=""0"" d=""M132.47999572753906 55.60499954223633 L63.77000045776367 55.60499954223633 L41.582000732421875 116.875 L139.16000366210938 116.875 C151.34800720214844 116.875 162.16799926757812 110.27300262451172 168.78900146484375 100.21499633789062 C168.86700439453125 99.18000030517578 168.906005859375 98.125 168.906005859375 97.06999969482422 L168.906005859375 95.25399780273438 C168.906005859375 73.43800354003906 152.52000427246094 55.60499954223633 132.47999572753906 55.60499954223633 Z""></path>
<path fill=""#FF866E"" fill-opacity=""1.0""  filling=""0"" d=""M144.531005859375 76.3479995727539 C143.86700439453125 76.3479995727539 143.1840057373047 76.13300323486328 142.59800720214844 75.7229995727539 C136.3280029296875 71.13300323486328 128.92599487304688 68.71099853515625 121.19100189208984 68.71099853515625 L53.672000885009766 68.71099853515625 C51.875 68.71099853515625 50.40999984741211 67.24600219726562 50.40999984741211 65.4489974975586 C50.40999984741211 63.652000427246094 51.875 62.1879997253418 53.672000885009766 62.1879997253418 L121.19100189208984 62.1879997253418 C130.33200073242188 62.1879997253418 139.06199645996094 65.05899810791016 146.46499633789062 70.46900177001953 C147.92999267578125 71.54299926757812 148.24200439453125 73.5739974975586 147.16799926757812 75.03900146484375 C146.54299926757812 75.89800262451172 145.5469970703125 76.3479995727539 144.531005859375 76.3479995727539 Z""></path>
<path fill=""#F9A380"" fill-opacity=""1.0""  filling=""0"" d=""M78.61299896240234 96.19100189208984 C70.1760025024414 118.5739974975586 50.89799880981445 136.718994140625 35.566001892089844 136.718994140625 C20.23400115966797 136.718994140625 14.648002624511719 118.55500030517578 23.08599853515625 96.1719970703125 C31.52300262451172 73.78900146484375 50.78099822998047 55.64500045776367 66.11299896240234 55.64500045776367 C81.44499969482422 55.64500045776367 87.0510025024414 73.78900146484375 78.61299896240234 96.19100189208984 Z""></path>
<path fill=""#FFE8CC"" fill-opacity=""1.0""  filling=""0"" d=""M70.27300262451172 87.73400115966797 C68.33999633789062 92.85199737548828 63.94499969482422 96.99199676513672 60.43000030517578 96.99199676513672 C56.91400146484375 96.99199676513672 55.64500045776367 92.85199737548828 57.577999114990234 87.73400115966797 C59.512001037597656 82.61699676513672 63.90599822998047 78.47699737548828 67.4219970703125 78.47699737548828 C70.93800354003906 78.47699737548828 72.20700073242188 82.63700103759766 70.27300262451172 87.73400115966797 Z""></path>
<path fill=""#F8C6AF"" fill-opacity=""1.0""  filling=""0"" d=""M38.125 118.47699737548828 C36.933998107910156 121.62100219726562 34.237998962402344 124.18000030517578 32.06999969482422 124.18000030517578 C29.9219970703125 124.18000030517578 29.121002197265625 121.62100219726562 30.311996459960938 118.47699737548828 C31.503997802734375 115.33200073242188 34.199005126953125 112.77300262451172 36.367000579833984 112.77300262451172 C38.53499984741211 112.77300262451172 39.316001892089844 115.31300354003906 38.125 118.47699737548828 Z M47.832000732421875 113.71099853515625 C47.167999267578125 115.46900177001953 45.66400146484375 116.8949966430664 44.452999114990234 116.8949966430664 C43.242000579833984 116.8949966430664 42.8129997253418 115.46900177001953 43.47700119018555 113.71099853515625 C44.14099884033203 111.9530029296875 45.64500045776367 110.5270004272461 46.85499954223633 110.5270004272461 C48.066001892089844 110.5270004272461 48.49599838256836 111.9530029296875 47.832000732421875 113.71099853515625 Z M39.15999984741211 76.91400146484375 C40.19499969482422 74.1989974975586 39.882999420166016 71.875 38.57400131225586 70.99600219726562 C35.60499572753906 74.23799896240234 32.792999267578125 77.87100219726562 30.292999267578125 81.7969970703125 C30.7030029296875 82.6760025024414 31.44499969482422 83.2030029296875 32.47999572753906 83.2030029296875 C34.862998962402344 83.2030029296875 37.85200119018555 80.39099884033203 39.15999984741211 76.91400146484375 Z""></path></svg>"
6bc65b1d3307d18e1f92706020aa894b,"<svg xmlns=""http://www.w3.org/2000/svg"" viewBox=""0.0 0.0 200.0 200.0"" height=""200.0px"" width=""200.0px""><path fill="""" fill-opacity=""1.0""  filling=""0"" d=""M99.869140625 191.44921875 C87.53125 191.44921875 75.560546875 189.03125 64.2890625 184.263671875 C53.404296875 179.66015625 43.62890625 173.0703125 35.236328125 164.67578125 C26.84375 156.283203125 20.251953125 146.5078125 15.6484375 135.623046875 C10.880859375 124.3515625 8.462890625 112.380859375 8.462890625 100.04296112060547 C8.462890625 87.705078125 10.880859375 75.734375 15.6484375 64.462890625 C20.251953125 53.578125 26.841796875 43.802738189697266 35.236328125 35.41015625 C43.62890625 27.017578125 53.404296875 20.42578125 64.2890625 15.822265625 C75.560546875 11.0546875 87.53125 8.63671875 99.869140625 8.63671875 C112.20703125 8.63671875 124.177734375 11.0546875 135.44921875 15.822265625 C146.333984375 20.42578125 156.109375 27.015625 164.501953125 35.41015625 C172.89453125 43.802738189697266 179.486328125 53.578125 184.08984375 64.462890625 C188.857421875 75.734375 191.275390625 87.705078125 191.275390625 100.04296112060547 C191.275390625 112.380859375 188.857421875 124.3515625 184.08984375 135.623046875 C179.486328125 146.5078125 172.896484375 156.283203125 164.501953125 164.67578125 C156.109375 173.068359375 146.333984375 179.66015625 135.44921875 184.263671875 C124.1796875 189.033203125 112.20703125 191.44921875 99.869140625 191.44921875 Z M99.869140625 16.44921875 C53.775386810302734 16.44921875 16.275390625 53.94921875 16.275390625 100.04296112060547 C16.275390625 146.13671875 53.775386810302734 183.63671875 99.869140625 183.63671875 C145.962890625 183.63671875 183.462890625 146.13671875 183.462890625 100.04296112060547 C183.462890625 53.94921875 145.962890625 16.44921875 99.869140625 16.44921875 Z M92.62890625 118.314453125 C91.77734375 115.79296875 91.3515625 113.099609375 91.3515625 110.23632049560547 C91.3515625 107.986328125 91.86328125 105.7109375 92.884765625 103.41016387939453 C93.908203125 101.109375 96.515625 97.931640625 100.70703125 93.875 C105.001953125 89.818359375 107.63477325439453 86.767578125 108.607421875 84.72265625 C109.580078125 82.677734375 110.06446075439453 80.734375 110.06446075439453 78.89453125 C110.06446075439453 75.623046875 108.90430450439453 73.041015625 106.587890625 71.1484375 C104.26953125 69.255859375 101.322265625 68.310546875 97.7421875 68.310546875 C91.50390625 68.310546875 86.05078125 70.765625 81.380859375 75.673828125 L81.380859375 65.19140625 C87.072265625 61.646484375 92.986328125 59.873043060302734 99.123046875 59.873043060302734 C105.39453125 59.873043060302734 110.42969512939453 61.458988189697266 114.232421875 64.62890625 C118.033203125 67.798828125 119.93359375 72.12890625 119.93359375 77.615234375 C119.93359375 80.240234375 119.37109375 82.90625 118.24609375 85.6171875 C117.12108612060547 88.326171875 114.18946075439453 91.931640625 109.451171875 96.431640625 C105.873046875 99.806640625 103.46875 102.44727325439453 102.2421875 104.357421875 C101.015625 106.26758575439453 100.40234375 108.328125 100.40234375 110.544921875 C100.40234375 113.033203125 100.998046875 115.625 102.19139862060547 118.31641387939453 L92.62890625 118.31641387939453 L92.62890625 118.314453125 Z M91.349609375 135.033203125 C91.349609375 133.26171875 91.99609375 131.736328125 93.29296875 130.45703125 C94.587890625 129.1796875 96.138671875 128.5390625 97.9453125 128.5390625 C99.751953125 128.5390625 101.302734375 129.177734375 102.59765625 130.45703125 C103.892578125 131.734375 104.541015625 133.26171875 104.541015625 135.033203125 C104.541015625 136.73828125 103.90234375 138.228515625 102.623046875 139.5078125 C101.345703125 140.78515625 99.869140625 141.42578125 98.201171875 141.42578125 C96.15625 141.42578125 94.501953125 140.77734375 93.2421875 139.482421875 C91.98046875 138.1875 91.349609375 136.705078125 91.349609375 135.033203125 Z""></path></svg>"
c3db0c52ced2e11be751309c2556006d,"<svg xmlns=""http://www.w3.org/2000/svg"" viewBox=""0.0 0.0 200.0 200.0"" height=""200.0px"" width=""200.0px""><path fill="""" fill-opacity=""1.0""  filling=""0"" d=""M57.5 90.80000305175781 L139.1999969482422 90.80000305175781 C141.60000610351562 90.60000610351562 143.60000610351562 88.70000457763672 143.70001220703125 86.29999542236328 C143.5 83.89999389648438 141.60000610351562 81.9000015258789 139.1999969482422 81.80000305175781 L57.5 81.80000305175781 C55.099998474121094 82.0 53.10000228881836 83.89999389648438 52.999996185302734 86.29999542236328 C52.89999771118164 88.5 55.19999694824219 90.80000305175781 57.5 90.80000305175781 Z M57.900001525878906 117.99999237060547 L83.80000305175781 117.99999237060547 C86.5 117.99999237060547 88.80000305175781 115.69999694824219 88.80000305175781 113.5 C88.80000305175781 110.80000305175781 86.5 109.0 83.80000305175781 109.0 L57.900001525878906 109.0 C55.19999694824219 109.0 52.89999771118164 110.80000305175781 52.89999771118164 113.5 C52.89999771118164 115.69999694824219 55.19999694824219 117.99999237060547 57.900001525878906 117.99999237060547 Z M57.900001525878906 145.1999969482422 L83.80000305175781 145.1999969482422 C86.5 145.1999969482422 88.80000305175781 142.89999389648438 88.80000305175781 140.6999969482422 C88.80000305175781 138.0 86.5 136.1999969482422 83.80000305175781 136.1999969482422 L57.900001525878906 136.1999969482422 C55.19999694824219 136.1999969482422 52.89999771118164 138.0 52.89999771118164 140.6999969482422 C52.89999771118164 142.89999389648438 55.19999694824219 145.1999969482422 57.900001525878906 145.1999969482422 Z M57.5 63.5 L139.1999969482422 63.5 C141.60000610351562 63.30000305175781 143.60000610351562 61.400001525878906 143.70001220703125 58.999996185302734 C143.5 56.599998474121094 141.60000610351562 54.599998474121094 139.1999969482422 54.5 L57.5 54.5 C55.099998474121094 54.70000076293945 53.10000228881836 56.599998474121094 52.999996185302734 58.999996185302734 C52.89999771118164 61.29999923706055 55.19999694824219 63.5 57.5 63.5 Z M166.39999389648438 18.099998474121094 L30.199996948242188 18.099998474121094 C27.800003051757812 18.29999542236328 25.800003051757812 20.20000457763672 25.699996948242188 22.599998474121094 L25.699996948242188 176.90000915527344 C25.699996948242188 179.20001220703125 28.0 181.39999389648438 30.199996948242188 181.39999389648438 L98.29999542236328 181.39999389648438 C101.0 181.39999389648438 102.80000305175781 179.60000610351562 102.80000305175781 176.90000915527344 C102.80000305175781 174.1999969482422 101.0 172.39999389648438 98.29999542236328 172.39999389648438 L34.79999542236328 172.39999389648438 L34.79999542236328 27.20000457763672 L161.89999389648438 27.20000457763672 L161.89999389648438 95.30000305175781 C161.89999389648438 98.0 163.6999969482422 99.80000305175781 166.39999389648438 99.80000305175781 C169.10000610351562 99.80000305175781 170.89999389648438 98.0 170.89999389648438 95.30000305175781 L170.89999389648438 22.699996948242188 C170.79998779296875 20.300003051757812 168.79998779296875 18.29999542236328 166.39999389648438 18.099998474121094 Z M143.70001220703125 117.99999237060547 C158.6999969482422 117.99999237060547 170.89999389648438 130.3000030517578 170.89999389648438 145.1999969482422 C170.89999389648438 160.1999969482422 158.60000610351562 172.39999389648438 143.70001220703125 172.39999389648438 C128.6999969482422 172.39999389648438 116.5 160.1999969482422 116.5 145.1999969482422 C116.5 130.20001220703125 128.6999969482422 117.99999237060547 143.70001220703125 117.99999237060547 Z M143.70001220703125 108.9000015258789 C123.69999694824219 109.0 107.50000762939453 125.19999694824219 107.4000015258789 145.1999969482422 C107.4000015258789 165.1999969482422 123.69999694824219 181.5 143.70001220703125 181.5 C163.6999969482422 181.5 180.0 165.1999969482422 180.0 145.1999969482422 C180.0 125.19999694824219 163.6999969482422 108.9000015258789 143.70001220703125 108.9000015258789 Z M145.5 128.90000915527344 L149.10000610351562 136.60000610351562 C149.5 137.10000610351562 150.0 137.5 150.5 137.5 L158.6999969482422 138.39999389648438 C160.09999084472656 138.39999389648438 161.0 140.6999969482422 159.59999084472656 141.60000610351562 L153.1999969482422 147.0 C152.8000030517578 147.5 152.8000030517578 147.89999389648438 152.8000030517578 148.8000030517578 L154.60000610351562 157.0 C155.0 158.39999389648438 153.1999969482422 159.6999969482422 151.90000915527344 158.8000030517578 L144.60000610351562 154.70001220703125 C144.39999389648438 154.5 144.0 154.39999389648438 143.70001220703125 154.39999389648438 C143.39999389648438 154.39999389648438 143.0 154.5 142.79998779296875 154.70001220703125 L135.5 158.8000030517578 C134.09999084472656 159.6999969482422 132.79998779296875 158.39999389648438 132.79998779296875 157.0 L134.59999084472656 148.8000030517578 C134.59999084472656 148.3000030517578 134.59999084472656 147.39999389648438 134.1999969482422 147.0 L127.80000305175781 141.60000610351562 C126.40000915527344 140.6999969482422 127.30000305175781 138.90000915527344 128.6999969482422 138.39999389648438 L136.89999389648438 137.5 C137.39999389648438 137.5 138.3000030517578 137.10000610351562 138.3000030517578 136.60000610351562 L141.89999389648438 128.90000915527344 C142.3000030517578 128.3000030517578 142.89999389648438 127.90000915527344 143.70001220703125 127.90000915527344 C144.5 127.90000915527344 145.10000610351562 128.3000030517578 145.5 128.90000915527344 Z""></path></svg>"
2a1c12b0d51a179892d195533f7f596c,"<svg xmlns=""http://www.w3.org/2000/svg"" viewBox=""0.0 0.0 200.0 200.0"" height=""200.0px"" width=""200.0px""><path fill="""" fill-opacity=""1.0""  filling=""0"" d=""M20.0 180.0 L20.0 20.0 L180.0 20.0 L180.0 180.0 L20.0 180.0 Z M170.0 30.0 L30.0 30.0 L30.0 75.0 L170.0 75.0 L170.0 30.0 Z M170.0 85.0 L30.0 85.0 L30.0 170.0 L170.0 170.0 L170.0 85.0 Z M60.000003814697266 60.000003814697266 L50.0 60.000003814697266 L50.0 50.0 L60.000003814697266 50.0 L60.000003814697266 60.000003814697266 Z M80.0 60.000003814697266 L70.0 60.000003814697266 L70.0 50.0 L80.0 50.0 L80.0 60.000003814697266 Z M150.0 60.000003814697266 L90.0 60.000003814697266 L90.0 50.0 L150.0 50.0 L150.0 60.000003814697266 Z""></path></svg>"
90abc2f690f333e847fe3eb62fdef1a2,"<svg xmlns=""http://www.w3.org/2000/svg"" viewBox=""0.0 0.0 200.0 200.0"" height=""200.0px"" width=""200.0px""><path fill=""#9DA7B2"" fill-opacity=""1.0""  filling=""0"" d=""M106.25 169.531005859375 C104.66799926757812 169.531005859375 103.06600189208984 169.00399780273438 101.75800323486328 167.91000366210938 L26.75799560546875 105.41000366210938 C25.15599822998047 104.08200073242188 24.21900177001953 102.08999633789062 24.21900177001953 100.0 C24.21900177001953 97.91000366210938 25.137001037597656 95.93800354003906 26.75799560546875 94.58999633789062 L101.75800323486328 32.089996337890625 C104.74600219726562 29.60900115966797 109.18000030517578 30.0 111.66000366210938 32.987998962402344 C114.14099884033203 35.97700500488281 113.75 40.40999984741211 110.76200103759766 42.89099884033203 L42.22700119018555 100.0 L110.74199676513672 157.08999633789062 C113.7300033569336 159.57000732421875 114.12100219726562 164.00399780273438 111.64099884033203 166.99200439453125 C110.25399780273438 168.6719970703125 108.26200103759766 169.531005859375 106.25 169.531005859375 Z M174.16000366210938 166.99200439453125 C176.64100646972656 164.00399780273438 176.25 159.57000732421875 173.26199340820312 157.08999633789062 L104.72699737548828 100.0 L173.24200439453125 42.90999984741211 C176.22999572753906 40.43000030517578 176.62100219726562 35.996002197265625 174.14100646972656 33.00799560546875 C171.66000366210938 30.020004272460938 167.2270050048828 29.628997802734375 164.23800659179688 32.10900115966797 L89.23799896240234 94.60900115966797 C87.63700103759766 95.93800354003906 86.6989974975586 97.93000030517578 86.6989974975586 100.0199966430664 C86.6989974975586 102.10900115966797 87.61699676513672 104.08200073242188 89.23799896240234 105.43000030517578 L164.23800659179688 167.92999267578125 C165.5469970703125 169.0229949951172 167.1479949951172 169.55099487304688 168.72999572753906 169.55099487304688 C170.76199340820312 169.531005859375 172.75399780273438 168.6719970703125 174.16000366210938 166.99200439453125 Z""></path></svg>"
thesantatitan_deepseek-svg-dataset_0003980,"<svg width=""100"" height=""100"" viewBox=""0 0 100 100"" xmlns=""http://www.w3.org/2000/svg"">
  <rect width=""100"" height=""100"" fill=""#000000""/>
  <defs>
    <linearGradient id=""petalGradient"" x1=""0%"" y1=""0%"" x2=""100%"" y2=""100%"">
      <stop offset=""0%"" style=""stop-color:#FFFFFF;stop-opacity:1""/>
      <stop offset=""100%"" style=""stop-color:#FF0000;stop-opacity:1""/>
    </linearGradient>
  </defs>
  <path d=""M50,50m-18,0a18,18 0 1,1 36,0a18,18 0 1,1-36,0"" fill=""url(#petalGradient)""/>
  <path d=""M50,50m-25,0a25,25 0 1,1 50,0a25,25 0 1,1-50,0"" fill=""url(#petalGradient)""/>
  <circle cx=""50"" cy=""50"" r=""18"" fill=""#FF0000""/>
  <path d=""M50,50m-28,0a28,28 0 1,1 56,0a28,28 0 1,1-56,0"" fill=""url(#petalGradient)""/>
</svg>"
c9b6722769932bb1efc2f6bc12ed7d65,"<svg xmlns=""http://www.w3.org/2000/svg"" viewBox=""0.0 0.0 200.0 200.0"" height=""200.0px"" width=""200.0px""><path fill=""#FC4138"" fill-opacity=""1.0""  filling=""0"" d=""M182.33299255371094 125.33300018310547 L155.33299255371094 78.66699981689453 C154.0 76.33300018310547 151.33299255371094 74.66699981689453 148.66700744628906 74.66699981689453 L95.0 74.66699981689453 C92.33300018310547 74.66699981689453 89.66699981689453 76.0 88.33300018310547 78.66699981689453 L61.33300018310547 125.33300018310547 C60.0 127.66699981689453 60.0 130.66700744628906 61.33300018310547 133.0 L88.33300018310547 179.66700744628906 C89.66699981689453 182.0 92.33300018310547 183.66700744628906 95.0 183.66700744628906 L148.66700744628906 183.66700744628906 C151.33299255371094 183.66700744628906 154.0 182.33299255371094 155.33299255371094 179.66700744628906 L182.33299255371094 133.0 C183.66700744628906 130.66700744628906 183.66700744628906 127.66699981689453 182.33299255371094 125.33300018310547 Z M148.33299255371094 175.0 L95.66699981689453 175.0 L69.33300018310547 129.33299255371094 L95.66699981689453 83.66699981689453 L148.33299255371094 83.66699981689453 L174.66700744628906 129.33299255371094 L148.33299255371094 175.0 Z""></path>
<path fill=""#FC4138"" fill-opacity=""1.0""  filling=""0"" d=""M123.33300018310547 100.66699981689453 C108.66699981689453 100.66699981689453 97.0 112.66699981689453 97.0 127.0 C97.0 141.33299255371094 109.0 153.33299255371094 123.33300018310547 153.33299255371094 C137.66700744628906 153.33299255371094 149.66700744628906 141.33299255371094 149.66700744628906 127.0 C149.66700744628906 112.66699981689453 138.0 100.66699981689453 123.33300018310547 100.66699981689453 Z M123.33300018310547 145.0 C113.33300018310547 145.0 105.33300018310547 137.0 105.33300018310547 127.0 C105.33300018310547 117.0 113.33300018310547 109.0 123.33300018310547 109.0 C133.33299255371094 109.0 141.33299255371094 117.0 141.33299255371094 127.0 C141.33299255371094 137.0 133.33299255371094 145.0 123.33300018310547 145.0 Z""></path>
<path fill=""#333333"" fill-opacity=""1.0""  filling=""0"" d=""M90.0 51.66699981689453 C90.0 49.33300018310547 88.0 47.33300018310547 85.66699981689453 47.33300018310547 L39.0 47.33300018310547 C36.66699981689453 47.33300018310547 34.66699981689453 49.33300018310547 34.66699981689453 51.66699981689453 C34.66699981689453 54.0 36.66699981689453 56.0 39.0 56.0 L86.0 56.0 C88.33300018310547 56.0 90.0 54.0 90.0 51.66699981689453 Z M39.0 73.0 C36.66699981689453 73.0 34.66699981689453 75.0 34.66699981689453 77.33300018310547 C34.66699981689453 79.66699981689453 36.66699981689453 81.66699981689453 39.0 81.66699981689453 L75.66699981689453 81.66699981689453 C78.0 81.66699981689453 80.0 79.66699981689453 80.0 77.33300018310547 C80.0 75.0 78.0 73.0 75.66699981689453 73.0 L39.0 73.0 Z""></path>
<path fill=""#333333"" fill-opacity=""1.0""  filling=""0"" d=""M141.33299255371094 47.66699981689453 L108.0 47.66699981689453 L108.0 24.33300018310547 C108.0 20.0 104.66699981689453 16.66699981689453 100.33300018310547 16.66699981689453 L24.33300018310547 16.66699981689453 C20.0 16.66699981689453 16.66699981689453 20.33300018310547 16.66699981689453 24.33300018310547 L16.66699981689453 175.66700744628906 C16.66699981689453 180.0 20.0 183.33299255371094 24.33300018310547 183.33299255371094 L71.66699981689453 183.33299255371094 C73.66699981689453 183.0 75.66699981689453 181.33299255371094 75.66699981689453 179.0 C75.66699981689453 176.66700744628906 73.66699981689453 174.66700744628906 71.33300018310547 174.66700744628906 L25.33300018310547 174.66700744628906 L25.33300018310547 25.33300018310547 L99.66699981689453 25.33300018310547 L99.66699981689453 63.33300018310547 C99.66699981689453 65.66699981689453 101.66699981689453 67.66699981689453 104.0 67.66699981689453 C106.33300018310547 67.66699981689453 108.33300018310547 65.66699981689453 108.33300018310547 63.33300018310547 L108.33300018310547 56.33300018310547 L140.66700744628906 56.33300018310547 L140.66700744628906 63.33300018310547 C140.66700744628906 65.66699981689453 142.66700744628906 67.66699981689453 145.0 67.66699981689453 C147.33299255371094 67.66699981689453 149.33299255371094 65.66699981689453 149.33299255371094 63.33300018310547 L149.33299255371094 55.33300018310547 C149.0 51.0 145.33299255371094 47.66699981689453 141.33299255371094 47.66699981689453 Z""></path></svg>"
b38e1c566cfcb22ad3f533f433cd0733,"<svg xmlns=""http://www.w3.org/2000/svg"" viewBox=""0.0 0.0 200.0 200.0"" height=""200.0px"" width=""200.0px""><path fill="""" fill-opacity=""1.0""  filling=""0"" d=""M199.5458984375 118.125 C198.8818359375 116.2890625 197.5537109375 114.62891387939453 195.5224609375 113.59374237060547 C188.9599609375 110.21484375 177.2998046875 105.80078125 168.1982421875 80.76171875 C167.9443359375 80.078125 163.6083984375 68.10546875 163.3740234375 67.44140625 C157.2216796875 50.48828125 141.2060546875 39.999996185302734 124.1943359375 39.999996185302734 C119.4677734375 39.999996185302734 114.6630859375 40.8203125 109.9365234375 42.539058685302734 C108.8037109375 42.94921875 107.86621856689453 43.57421875 106.8115234375 44.04296875 C102.3779296875 39.04296875 96.7724609375 34.98046875 90.0927734375 32.5390625 C85.4052734375 30.8203125 80.5615234375 30.0 75.8349609375 30.0 C58.803714752197266 30.0 42.8271484375 40.5078125 36.655269622802734 57.44140625 C36.4013671875 58.10546875 32.0849609375 70.078125 31.8310546875 70.76171875 C22.7099609375 95.80078125 11.0888671875 100.234375 4.5263671875 103.57421875 C2.4951171875 104.60936737060547 1.1474609375 106.26952362060547 0.5029296875 108.10546875 C-0.9619140625 112.1484375 0.7958984375 117.109375 5.4833984375 118.80859375 L31.1279296875 128.1640625 C30.4638671875 130.3515625 29.9951171875 132.63671875 29.9951171875 135.0390625 C29.9951171875 148.8671875 41.1865234375 160.05859375 55.014644622802734 160.05859375 C65.2099609375 160.05859375 73.9208984375 153.92578125 77.8076171875 145.13671875 L90.9716796875 149.921875 C90.0927734375 151.953125 88.6279296875 154.55078125 89.9169921875 158.046875 C91.4404296875 162.1484375 96.0498046875 164.70703125 100.63965606689453 163.02734375 L124.4091796875 154.375 C128.1005859375 163.57421875 137.0654296875 170.0390625 147.5732421875 170.0390625 C161.4013671875 170.0390625 172.5927734375 158.84765625 172.5927734375 145.01953125 C172.5927734375 142.3046875 172.0068359375 139.765625 171.1474609375 137.36328125 L194.6044921875 128.828125 C199.2333984375 127.12890625 200.9912109375 122.1484375 199.5458984375 118.125 Z M54.9755859375 150.0390625 C46.694339752197266 150.0390625 39.975582122802734 143.3203125 39.975582122802734 135.0390625 C39.975582122802734 133.828125 40.170894622802734 132.6953125 40.444339752197266 131.5625 L68.2373046875 141.69921875 C65.7958984375 146.6015625 60.8154296875 150.0390625 54.9755859375 150.0390625 Z M93.9599609375 140.37109375 L12.4951171875 110.7421875 C20.1513671875 106.73828125 32.2607421875 98.80859375 41.1865234375 74.16015625 C43.784175872802734 66.9921875 42.788089752197266 69.74609375 46.010746002197266 60.83984375 C50.5810546875 48.359375 62.5537109375 39.980472564697266 75.7958984375 39.980472564697266 C89.7802734375 39.980472564697266 97.9248046875 49.082027435302734 98.1787109375 49.3359375 C84.6435546875 60.214839935302734 78.7255859375 78.73046875 84.9755859375 95.95703125 C85.2294921875 96.62109375 89.6044921875 108.59375 89.8583984375 109.27734375 C95.1513671875 123.76953125 95.3076171875 133.4375 93.9599609375 140.37109375 Z M147.5146484375 160.0390625 C141.3623046875 160.0390625 136.2255859375 156.23046875 133.9404296875 150.87890625 L161.8505859375 140.72265625 C162.2607421875 142.08984375 162.5146484375 143.53515625 162.5146484375 145.0390625 C162.5341796875 153.3203125 155.7958984375 160.0390625 147.5146484375 160.0390625 Z M100.77635955810547 152.28515625 C104.09667205810547 144.27734375 108.2177734375 130.46875 99.2724609375 105.80078125 C96.2646484375 97.578125 97.5537109375 101.11328125 94.3896484375 92.48046875 C88.4130859375 76.07421875 96.9287109375 57.83203125 113.33496856689453 51.875 C129.8974609375 45.839847564697266 148.0029296875 54.531253814697266 153.9404296875 70.8203125 C156.9677734375 79.16015625 155.5029296875 75.13671875 158.7646484375 84.140625 C167.7490234375 108.76953887939453 179.8193359375 116.71875 187.4755859375 120.703125 L100.77635955810547 152.28515625 Z""></path></svg>"
b8029140c5fbb9821be9425c7fd82df5,"<svg xmlns=""http://www.w3.org/2000/svg"" viewBox=""0.0 0.0 200.0 200.0"" height=""200.0px"" width=""200.0px""><path fill=""currentColor"" fill-opacity=""1.0""  filling=""0"" d=""M125.0 33.33300018310547 L175.0 33.33300018310547 C180.0 33.33300018310547 183.33299255371094 36.66699981689453 183.33299255371094 41.66699981689453 C183.33299255371094 46.66699981689453 180.0 50.0 175.0 50.0 L125.0 50.0 C120.0 50.0 116.66699981689453 46.66699981689453 116.66699981689453 41.66699981689453 C116.66699981689453 36.66699981689453 120.0 33.33300018310547 125.0 33.33300018310547 Z M56.66699981689453 118.33300018310547 L79.16699981689453 57.5 L101.66699981689453 118.33300018310547 M69.16699981689453 31.66699981689453 L16.66699981689453 166.66700744628906 L38.33300018310547 166.66700744628906 L49.16699981689453 137.5 L109.16699981689453 137.5 L120.0 166.66700744628906 L141.66700744628906 166.66700744628906 L89.16699981689453 31.66699981689453 L69.16699981689453 31.66699981689453 Z M150.0 8.333000183105469 C155.0 8.333000183105469 158.33299255371094 11.666999816894531 158.33299255371094 16.66699981689453 L158.33299255371094 66.66699981689453 C158.33299255371094 71.66699981689453 155.0 75.0 150.0 75.0 C145.0 75.0 141.66700744628906 71.66699981689453 141.66700744628906 66.66699981689453 L141.66700744628906 16.66699981689453 C141.66700744628906 11.666999816894531 145.0 8.333000183105469 150.0 8.333000183105469 Z""></path></svg>"
5d7ea50b7cbde896eda454af884fd39c,"<svg xmlns=""http://www.w3.org/2000/svg"" viewBox=""0.0 0.0 200.0 200.0"" height=""200.0px"" width=""200.0px""><path fill=""#5D5D5D"" fill-opacity=""1.0""  filling=""0"" d=""M94.71875 102.2125015258789 L92.33124542236328 107.4375 L86.04374694824219 110.53750610351562 L86.9000015258789 113.5062484741211 C82.89374542236328 119.83749389648438 82.4749984741211 129.70001220703125 86.96875 136.19375610351562 L104.87500762939453 162.1875 C111.5875015258789 171.9499969482422 123.99375915527344 174.2375030517578 133.75 167.52500915527344 C142.17498779296875 160.58749389648438 144.47499084472656 148.22500610351562 139.11248779296875 138.7624969482422 L120.94999694824219 114.1312484741211 C115.34375 106.0250015258789 105.9749984741211 102.86874389648438 98.34375 105.6937484741211 L94.71875 102.2125015258789 Z M113.0562515258789 118.34375 L130.98126220703125 144.33749389648438 C134.34375 149.21249389648438 133.0749969482422 156.0500030517578 128.17498779296875 159.40625 A10.956250190734863 10.956250190734863 0.0 0 1 113.04374694824219 156.60000610351562 L94.8499984741211 131.9875030517578 C92.6312484741211 128.7624969482422 91.98750305175781 124.375 93.91875457763672 121.875 L98.39375305175781 128.3625030517578 C100.60624694824219 131.6374969482422 104.73749542236328 132.41250610351562 106.625 129.88125610351562 C109.6500015258789 129.0437469482422 110.41250610351562 124.91874694824219 108.15000915527344 121.6875 L103.92500305175781 113.83124542236328 C106.69374084472656 114.35625457763672 110.79374694824219 115.11249542236328 113.0562515258789 118.34375 Z M74.19375610351562 28.987503051757812 A20.524999618530273 20.524999618530273 0.0 0 0 58.35000228881836 52.943748474121094 L62.61249923706055 83.5250015258789 C65.2437515258789 92.48750305175781 71.33749389648438 97.89375305175781 79.5562515258789 99.4124984741211 L81.3125 105.4000015258789 L88.42499542236328 105.3125 L93.3499984741211 101.96249389648438 L92.76249694824219 97.5687484741211 C100.64375305175781 93.3687515258789 105.1624984741211 84.2750015258789 103.9625015258789 75.5625 L98.3125 44.76874923706055 C95.9625015258789 34.412506103515625 85.98124694824219 26.90625 74.19375610351562 28.987503051757812 Z M89.28125 47.31875228881836 L94.9000015258789 78.17500305175781 C95.82499694824219 81.1500015258789 93.625 85.0062484741211 90.39375305175781 87.21875 L90.05000305175781 81.48750305175781 C89.15625 78.5062484741211 86.67500305175781 76.6500015258789 82.28750610351562 77.23750305175781 C79.3062515258789 78.09375 77.38749694824219 80.59375 76.625 84.66874694824219 L78.625 89.30000305175781 C74.74374389648438 87.17500305175781 73.6312484741211 85.5625 73.0374984741211 81.1937484741211 L67.38125610351562 50.406246185302734 C65.63125610351562 44.41875076293945 70.78750610351562 39.687503814697266 76.82499694824219 37.95000457763672 C82.57499694824219 37.60625076293945 87.57499694824219 41.337501525878906 89.28125 47.31875228881836 Z M95.23750305175781 99.4375 L102.26875305175781 92.26874542236328 L114.11875915527344 97.26874542236328 L113.60624694824219 100.0250015258789 L103.1187515258789 95.2249984741211 L96.08125305175781 102.46249389648438 L95.23750305175781 99.4375 Z M77.64999389648438 117.45624542236328 L67.0 121.15625 L67.51249694824219 118.43124389648438 L76.5 115.84375 L77.5250015258789 110.3687515258789 L83.5374984741211 108.61874389648438 L84.6812515258789 110.2874984741211 L80.0374984741211 112.24374389648438 L77.64999389648438 117.45624542236328 Z""></path></svg>"
5dcad18dd9f772a1ad8cd21e85dc0d22,"<svg xmlns=""http://www.w3.org/2000/svg"" viewBox=""0.0 0.0 200.0 200.0"" height=""200.0px"" width=""200.0px""><path fill=""#AAB2BC"" fill-opacity=""1.0""  filling=""0"" d=""M130.220703125 22.71484375 C115.54492950439453 22.71484375 102.32422637939453 28.927734375 93.033203125 38.863277435302734 C88.056640625 33.12890625 80.712890625 29.50390625 72.525390625 29.50390625 C57.525390625 29.50390625 45.375 41.660152435302734 45.375 56.656246185302734 C45.375 56.8828125 45.375 57.109375 45.384765625 57.33203125 C29.8828125 60.476566314697266 18.21875 74.171875 18.21875 90.595703125 C18.21875 109.337890625 33.412109375 124.53515625 52.16015625 124.53515625 L130.220703125 124.53515625 C158.33984375 124.53515625 181.130859375 101.7421875 181.130859375 73.625 C181.130859375 45.509765625 158.33984375 22.71484375 130.220703125 22.71484375 Z""></path>
<path fill=""#949DA8"" fill-opacity=""1.0""  filling=""0"" d=""M162.666015625 34.39453125 C169.958984375 43.205081939697266 174.345703125 54.509765625 174.345703125 66.83984375 C174.345703125 94.955078125 151.55078125 117.75 123.435546875 117.75 L45.375 117.75 C37.728511810302734 117.75 30.6796875 115.224609375 25.01171875 110.9609375 C31.201171875 119.203125 41.060543060302734 124.53515625 52.162109375 124.53515625 L130.22265625 124.53515625 C158.341796875 124.53515625 181.1328125 101.7421875 181.1328125 73.625 C181.130859375 57.839847564697266 173.947265625 43.73046875 162.666015625 34.39453125 Z""></path>
<path fill=""#F6BB42"" fill-opacity=""1.0""  filling=""0"" d=""M99.67578125 117.765625 L99.67578125 77.021484375 L72.525390625 138.130859375 L92.888671875 138.130859375 L92.888671875 178.841796875 L120.0390625 117.765625 L99.67578125 117.765625 Z""></path></svg>"
45cc90ae5276bda487c4d20efc9f681c,"<svg xmlns=""http://www.w3.org/2000/svg"" viewBox=""0.0 0.0 200.0 200.0"" height=""200.0px"" width=""200.0px""><path fill=""#727272"" fill-opacity=""1.0""  filling=""0"" d=""M118.75 187.5 L81.25 187.5 C77.79299926757812 187.5 75.0 184.70700073242188 75.0 181.25 L75.0 83.8479995727539 L14.33599853515625 23.16400146484375 C12.53900146484375 21.36700439453125 12.012001037597656 18.691001892089844 12.987998962402344 16.347999572753906 C13.944999694824219 14.023002624511719 16.229995727539062 12.5 18.75 12.5 L181.25 12.5 C183.77000427246094 12.5 186.05499267578125 14.023002624511719 187.031005859375 16.36700439453125 C188.00799560546875 18.71099853515625 187.46099853515625 21.387001037597656 185.6840057373047 23.183998107910156 L125.0 83.8479995727539 L125.0 181.25 C125.0 184.70700073242188 122.20700073242188 187.5 118.75 187.5 Z M87.5 175.0 L112.5 175.0 L112.5 81.25 C112.5 79.58999633789062 113.16400146484375 78.00800323486328 114.33599853515625 76.83599853515625 L166.15199279785156 25.0 L33.847999572753906 25.0 L85.68399810791016 76.83599853515625 C86.8550033569336 78.00800323486328 87.5199966430664 79.58999633789062 87.5199966430664 81.25 L87.5199966430664 175.0 L87.5 175.0 Z""></path></svg>"
fdd6dae79b074bc46f43126e1bd6c938,"<svg height=""128"" viewBox=""-8 0 512 512"" width=""128"" xmlns=""http://www.w3.org/2000/svg""><path d=""m248 8c-137 0-248 111-248 248s111 248 248 248 248-111 248-248-111-248-248-248zm0 448c-110.3 0-200-89.7-200-200s89.7-200 200-200 200 89.7 200 200-89.7 200-200 200zm8-152c-13.2 0-24 10.8-24 24s10.8 24 24 24c23.8 0 46.3 10.5 61.6 28.8 8.1 9.8 23.2 11.9 33.8 3.1 10.2-8.5 11.6-23.6 3.1-33.8-24.5-29.3-60.4-46.1-98.5-46.1zm-88-64c17.7 0 32-14.3 32-32s-14.3-32-32-32-32 14.3-32 32 14.3 32 32 32zm160-64c-17.7 0-32 14.3-32 32s14.3 32 32 32 32-14.3 32-32-14.3-32-32-32zm-165.6 98.8c-11.4 15.3-36.4 50.6-36.4 68.1 0 22.7 18.8 41.1 42 41.1s42-18.4 42-41.1c0-17.5-25-52.8-36.4-68.1-2.8-3.7-8.4-3.7-11.2 0z""/></svg>"
1caebe7cd161b7e3bf1035a31da0b4ef,"<svg fill=""none"" height=""128"" viewBox=""0 0 128 128"" width=""128"" xmlns=""http://www.w3.org/2000/svg"" xmlns:xlink=""http://www.w3.org/1999/xlink""><clipPath id=""a""><path d=""m0 0h128v128h-128z""/></clipPath><g clip-path=""url(#a)""><path d=""m90.67 74.67c5.86 0 10.66 4.74 10.66 10.66v10.67c0 5.87-4.8 10.67-10.66 10.67h-53.34c-5.92 0-10.66-4.8-10.66-10.67v-10.67c0-5.92 4.74-10.66 10.66-10.66zm-10.67-53.34c5.87 0 10.67 4.75 10.67 10.67v10.67c0 5.86-4.8 10.66-10.67 10.66h-32c-5.92 0-10.67-4.8-10.67-10.66v-10.67c0-5.92 4.75-10.67 10.67-10.67zm37.33 16h-26.66m-53.34 0h-32m112 53.34h-16m-74.66 0h-16"" stroke=""#000000"" stroke-linecap=""round"" stroke-linejoin=""round"" stroke-width=""2""/></g></svg>"
a2d1fb8c976851526db46bd0a62df319,"<svg xmlns=""http://www.w3.org/2000/svg"" viewBox=""0.0 0.0 200.0 200.0"" height=""200.0px"" width=""200.0px""><path fill="""" fill-opacity=""1.0""  filling=""0"" d=""M167.0659942626953 77.67900085449219 C159.7949981689453 60.79800033569336 147.03199768066406 47.42499923706055 130.76199340820312 39.645999908447266 L134.5240020751953 30.188995361328125 L125.06700134277344 26.426002502441406 L121.30400085449219 35.88299560546875 C104.16899871826172 30.34100341796875 85.71199798583984 31.205001831054688 68.83100128173828 38.42599868774414 C50.374000549316406 46.358001708984375 36.137001037597656 60.8489990234375 28.714004516601562 79.30599975585938 L26.375 85.2040023803711 L91.25399780273438 111.18599700927734 L74.01799774169922 154.3040008544922 L73.91600036621094 154.55799865722656 C73.30599975585938 156.28599548339844 70.96700286865234 161.16799926757812 67.2040023803711 162.94700622558594 C65.22100067138672 163.91299438476562 62.93299865722656 163.91299438476562 60.28900146484375 162.94700622558594 C57.595001220703125 161.9810028076172 55.86600112915039 160.5570068359375 55.051998138427734 158.57400512695312 C53.527000427246094 155.0659942626953 54.900001525878906 150.23599243164062 55.56100082397461 148.7100067138672 L46.25600051879883 144.64300537109375 C45.8489990234375 145.60899353027344 42.23899841308594 154.40499877929688 45.74700164794922 162.59100341796875 C47.72999954223633 167.16700744628906 51.54399871826172 170.57400512695312 56.882999420166016 172.50599670410156 C59.323001861572266 173.37100219726562 61.7130012512207 173.8280029296875 64.052001953125 173.8280029296875 C66.74700164794922 173.8280029296875 69.33999633789062 173.2689971923828 71.7300033569336 172.0989990234375 C79.66200256347656 168.28599548339844 83.01699829101562 159.59100341796875 83.5770034790039 157.96400451660156 L100.76300048828125 114.9489974975586 L165.64199829101562 140.8800048828125 L167.9810028076172 134.98199462890625 C175.30299377441406 116.5250015258789 174.9980010986328 96.18699645996094 167.0659942626953 77.67900085449219 Z M158.16799926757812 124.25399780273438 L100.66100311279297 101.27100372314453 L43.20500183105469 78.23799896240234 C57.79800033569336 50.32400131225586 91.55999755859375 37.409000396728516 121.40599822998047 49.356998443603516 C136.71099853515625 55.45899963378906 148.81199645996094 67.30599975585938 155.37100219726562 82.66200256347656 C161.11700439453125 96.08499908447266 162.08299255371094 110.62699890136719 158.16799926757812 124.25399780273438 Z""></path></svg>"
7ab9719066edb519fc70aaeb07eb4e06,"<svg xmlns=""http://www.w3.org/2000/svg"" viewBox=""0.0 0.0 200.0 200.0"" height=""200.0px"" width=""200.0px""><path fill=""#646E7F"" fill-opacity=""1.0""  filling=""0"" d=""M106.25 184.375 L106.25 9.375 L187.5 9.375 L187.5 184.375 L106.25 184.375 Z M181.25 128.125 L112.5 128.125 L112.5 178.125 L181.25 178.125 L181.25 128.125 Z M181.25 71.875 L112.5 71.875 L112.5 121.875 L181.25 121.875 L181.25 71.875 Z M181.25 15.625 L112.5 15.625 L112.5 65.625 L181.25 65.625 L181.25 15.625 Z""></path>
<path fill=""#007EE6"" fill-opacity=""1.0""  filling=""0"" d=""M90.625 9.375 L90.625 184.375 L34.375 184.375 L34.375 9.375 L90.625 9.375 Z M84.375 128.125 L40.625 128.125 L40.625 178.125 L84.375 178.125 L84.375 128.125 Z M84.375 71.875 L40.625 71.875 L40.625 121.875 L84.375 121.875 L84.375 71.875 Z M84.375 15.625 L40.625 15.625 L40.625 65.625 L84.375 65.625 L84.375 15.625 Z""></path>
<path fill=""#007EE6"" fill-opacity=""1.0""  filling=""0"" d=""M34.84400177001953 101.51899719238281 L34.84400177001953 94.57499694824219 L22.375 94.57499694824219 L22.375 83.0999984741211 L7.525001525878906 98.03700256347656 L22.375 112.9749984741211 L22.375 101.51899719238281 L34.84400177001953 101.51899719238281 Z""></path></svg>"
ff14e5ee37528d960a1d1bbb4df6f6af,"<svg xmlns=""http://www.w3.org/2000/svg"" viewBox=""0.0 0.0 200.0 200.0"" height=""200.0px"" width=""200.0px""><path fill="""" fill-opacity=""1.0""  filling=""0"" d=""M41.323829650878906 48.39043045043945 A6.252344131469727 6.252344131469727 0.0 0 0 37.5 54.15234375 L37.5 163.5427703857422 L25.0 163.5427703857422 L25.0 175.0 L175.0 175.0 L175.0 163.5427703857422 L162.5 163.5427703857422 L162.5 80.80000305175781 C162.5 78.1572265625 160.83338928222656 75.80000305175781 158.3427734375 74.9095687866211 L125.0 63.052345275878906 L125.0 75.21914672851562 L151.0427703857422 84.4761734008789 L151.0427703857422 163.5427703857422 L116.6666030883789 163.5427703857422 L116.6666030883789 26.080856323242188 C116.6666030883789 21.60956573486328 112.10956573486328 18.585739135742188 107.99043273925781 20.319137573242188 L41.323829650878906 48.39043045043945 Z M96.87617492675781 104.1333999633789 L57.290428161621094 120.79999542236328 L57.290428161621094 108.36659240722656 L96.87617492675781 91.69999694824219 L96.87617492675781 104.1285171508789 L96.87617492675781 104.1333999633789 Z M96.87617492675781 72.880859375 L57.290428161621094 89.54766082763672 L57.290428161621094 77.119140625 L96.87617492675781 60.45234298706055 L96.87617492675781 72.880859375 Z""></path></svg>"
87cde794689a999ad40b40ef03f88eba,"<svg xmlns=""http://www.w3.org/2000/svg"" viewBox=""0.0 0.0 200.0 200.0"" height=""200.0px"" width=""200.0px""><path fill=""#444444"" fill-opacity=""1.0""  filling=""0"" d=""M100.0 125.0 L100.0 91.66699981689453 L91.66699981689453 91.66699981689453 L91.66699981689453 83.33300018310547 L108.33300018310547 83.33300018310547 L108.33300018310547 125.0 L116.66699981689453 125.0 L116.66699981689453 133.33299255371094 L91.66699981689453 133.33299255371094 L91.66699981689453 125.0 L100.0 125.0 Z M104.16699981689453 175.0 C65.0 175.0 33.33300018310547 143.33299255371094 33.33300018310547 104.16699981689453 C33.33300018310547 65.0 65.0 33.33300018310547 104.16699981689453 33.33300018310547 C143.33299255371094 33.33300018310547 175.0 65.0 175.0 104.16699981689453 C175.0 143.33299255371094 143.33299255371094 175.0 104.16699981689453 175.0 Z M104.16699981689453 166.66700744628906 C138.33299255371094 166.66700744628906 166.66700744628906 138.33299255371094 166.66700744628906 104.16699981689453 C166.66700744628906 70.0 138.33299255371094 41.66699981689453 104.16699981689453 41.66699981689453 C70.0 41.66699981689453 41.66699981689453 70.0 41.66699981689453 104.16699981689453 C41.66699981689453 138.33299255371094 70.0 166.66700744628906 104.16699981689453 166.66700744628906 Z M108.33300018310547 66.66699981689453 L108.33300018310547 75.0 L100.0 75.0 L100.0 66.66699981689453 L108.33300018310547 66.66699981689453 Z""></path></svg>"
eb25bd8aa69ff58fffe2f50db471c4a9,"<svg xmlns=""http://www.w3.org/2000/svg"" viewBox=""0.0 0.0 200.0 200.0"" height=""200.0px"" width=""200.0px""><path fill=""#BBBBC0"" fill-opacity=""1.0""  filling=""0"" d=""M192.6959991455078 78.44400024414062 C187.78199768066406 62.25699996948242 180.07200622558594 48.35499954223633 169.7779998779297 37.125999450683594 C152.77099609375 18.571998596191406 134.5050048828125 13.569000244140625 132.45799255371094 13.054000854492188 C120.76000213623047 9.420997619628906 109.43599700927734 7.5780029296875 98.7959976196289 7.5780029296875 C83.7969970703125 7.5780029296875 69.85399627685547 11.208999633789062 57.35499954223633 18.371002197265625 C47.40399932861328 24.072998046875 38.374000549316406 32.000999450683594 30.514999389648438 41.93299865722656 C17.62200164794922 58.22700119018555 12.236000061035156 74.3499984741211 11.725997924804688 75.93599700927734 C4.749000549316406 94.9260025024414 1.0979995727539062 112.21399688720703 0.875 127.31999969482422 C0.6880035400390625 139.93699645996094 2.8779983520507812 151.14999389648438 7.3809967041015625 160.64700317382812 C16.584999084472656 180.05499267578125 32.20500183105469 185.63900756835938 32.86500549316406 185.86700439453125 C32.99000549316406 185.91099548339844 33.11700439453125 185.947998046875 33.2449951171875 185.97900390625 C39.75699996948242 187.55999755859375 45.935001373291016 188.36199951171875 51.608001708984375 188.36199951171875 C66.927001953125 188.36199951171875 74.3010025024414 182.66400146484375 76.05699920654297 181.07699584960938 C84.99800109863281 175.01400756835938 94.24500274658203 171.9409942626953 103.54399871826172 171.9409942626953 C110.447998046875 171.9409942626953 115.10399627685547 173.71800231933594 115.99299621582031 174.08599853515625 C130.21400451660156 182.52200317382812 143.2429962158203 186.80099487304688 154.72000122070312 186.8000030517578 C154.7220001220703 186.8000030517578 154.72500610351562 186.8000030517578 154.7270050048828 186.8000030517578 C168.98399353027344 186.79800415039062 181.0050048828125 180.1959991455078 189.49099731445312 167.70799255371094 C195.7270050048828 158.52999877929688 197.83399963378906 149.40699768066406 197.9199981689453 149.0229949951172 C197.95899963378906 148.8509979248047 197.98699951171875 148.677001953125 198.00399780273438 148.50100708007812 C200.5540008544922 122.01799774169922 198.76800537109375 98.4469985961914 192.6959991455078 78.44400024414062 Z M99.87899780273438 163.52000427246094 C94.38500213623047 163.52000427246094 88.41600036621094 162.96299743652344 82.13099670410156 161.86300659179688 L79.53500366210938 160.79200744628906 C79.46299743652344 160.76300048828125 79.38899993896484 160.73500061035156 79.31500244140625 160.70899963378906 C79.24500274658203 160.6840057373047 72.25900268554688 158.20399475097656 65.81199645996094 151.7790069580078 C57.26100158691406 143.25599670410156 53.96900177001953 132.1909942626953 56.02799987792969 118.89299774169922 C56.03300094604492 118.86199951171875 56.0369987487793 118.83100128173828 56.04199981689453 118.80000305175781 C56.071998596191406 118.56999969482422 59.55799865722656 95.74500274658203 100.2509994506836 95.74500274658203 C103.56400299072266 95.74500274658203 107.0790023803711 95.89900207519531 110.6969985961914 96.2030029296875 C111.15399932861328 96.24800109863281 121.24500274658203 97.2959976196289 130.93499755859375 101.76100158691406 C143.25900268554688 107.44000244140625 149.0030059814453 115.83999633789062 148.00999450683594 126.71299743652344 C148.00100708007812 126.80400085449219 147.0780029296875 135.88099670410156 140.7550048828125 145.0260009765625 C132.27000427246094 157.29800415039062 118.51699829101562 163.52000427246094 99.87899780273438 163.52000427246094 Z M189.677001953125 147.39599609375 C189.3260040283203 148.7689971923828 187.30799865722656 156.06700134277344 182.40499877929688 163.197998046875 C175.468994140625 173.28799438476562 166.156005859375 178.4040069580078 154.7259979248047 178.406005859375 C154.72300720214844 178.406005859375 154.7220001220703 178.406005859375 154.72000122070312 178.406005859375 C145.4429931640625 178.406005859375 134.74000549316406 175.0279998779297 122.8740005493164 168.36399841308594 C125.53700256347656 167.4459991455078 128.06900024414062 166.3509979248047 130.46499633789062 165.0800018310547 C137.41299438476562 161.3939971923828 143.197998046875 156.2530059814453 147.65899658203125 149.8000030517578 C155.21499633789062 138.8730010986328 156.322998046875 127.96399688720703 156.3679962158203 127.49099731445312 C157.11399841308594 119.322998046875 155.0590057373047 112.08100128173828 150.25999450683594 105.96700286865234 C146.552001953125 101.24400329589844 141.23199462890625 97.26399993896484 134.44900512695312 94.13800048828125 C123.29299926757812 88.99700164794922 111.94200134277344 87.88800048828125 111.46399688720703 87.84400177001953 C111.45099639892578 87.84200286865234 111.43800354003906 87.84100341796875 111.42500305175781 87.83999633789062 C107.56500244140625 87.51499938964844 103.80500030517578 87.35099792480469 100.25199890136719 87.35099792480469 C89.51499938964844 87.35099792480469 80.10900115966797 88.84500122070312 72.29399871826172 91.79299926757812 C65.84100341796875 94.22699737548828 60.439998626708984 97.6520004272461 56.2400016784668 101.9739990234375 C49.20899963378906 109.20999908447266 47.87900161743164 116.6510009765625 47.733001708984375 117.60800170898438 C44.62799835205078 137.6580047607422 52.62900161743164 150.49000549316406 59.887001037597656 157.7239990234375 C67.24600219726562 165.0590057373047 75.26000213623047 168.16400146484375 76.4229965209961 168.58900451660156 L78.95700073242188 169.63400268554688 C76.29499816894531 170.97900390625 73.65799713134766 172.54400634765625 71.052001953125 174.32899475097656 C70.80400085449219 174.49899291992188 70.66000366210938 174.6060028076172 70.45899963378906 174.82000732421875 C69.98799896240234 175.2519989013672 64.5469970703125 179.96800231933594 51.606998443603516 179.96800231933594 C46.667999267578125 179.96800231933594 41.23500061035156 179.26400756835938 35.457000732421875 177.8780059814453 C33.99800109863281 177.31300354003906 22.224998474121094 172.35699462890625 14.96600341796875 157.0500030517578 C5.947998046875 138.03500366210938 7.5189971923828125 111.69000244140625 19.63500213623047 78.74800109863281 C19.658004760742188 78.68800354003906 19.68000030517578 78.62300109863281 19.698997497558594 78.56099700927734 C19.749000549316406 78.40299987792969 24.861000061035156 62.52299880981445 37.26499938964844 46.93000030517578 C53.608001708984375 26.38800048828125 74.30999755859375 15.972000122070312 98.7959976196289 15.972000122070312 C108.625 15.972000122070312 119.1520004272461 17.699996948242188 130.08399963378906 21.10700225830078 C130.17799377441406 21.136001586914062 130.26199340820312 21.160003662109375 130.35899353027344 21.18199920654297 C130.4029998779297 21.19300079345703 134.82000732421875 22.277999877929688 141.1479949951172 25.531997680664062 C146.95899963378906 28.518997192382812 155.62899780273438 34.0050048828125 163.9340057373047 43.17599868774414 C185.0449981689453 66.48400115966797 193.94400024414062 102.51599884033203 189.677001953125 147.39599609375 Z""></path></svg>"
72eb0386899d377cdfcf670007ebfad4,"<svg height=""128"" viewBox=""0 0 1024 1024"" width=""128"" xmlns=""http://www.w3.org/2000/svg""><path d=""m256 128v698.88l196.03-156.86a96 96 0 0 1 119.94 0l196.03 156.8v-698.82zm-32-64h576a32 32 0 0 1 32 32v797.44a32 32 0 0 1 -51.97 24.96l-248.06-198.4a32 32 0 0 0 -39.94 0l-248.06 198.4a32 32 0 0 1 -51.97-24.96v-797.44a32 32 0 0 1 32-32z""/></svg>"
929aa50770012fcc29ea7619e1979620,"<svg xmlns=""http://www.w3.org/2000/svg"" viewBox=""0.0 0.0 200.0 200.0"" height=""200.0px"" width=""200.0px""><path fill=""currentColor"" fill-opacity=""1.0""  filling=""0"" d=""M120.0 63.33300018310547 C125.0 67.5 126.66699981689453 73.33300018310547 126.66699981689453 80.0 C126.66699981689453 85.83300018310547 125.0 90.83300018310547 122.5 94.16699981689453 C121.66699981689453 95.83300018310547 117.5 98.33300018310547 112.5 103.33300018310547 C110.83300018310547 105.0 109.16699981689453 106.66699981689453 107.5 109.16699981689453 C106.66699981689453 111.66699981689453 105.83300018310547 114.16699981689453 105.83300018310547 116.66699981689453 L105.83300018310547 118.33300018310547 L92.5 118.33300018310547 L92.5 116.66699981689453 C92.5 111.66699981689453 93.33300018310547 108.33300018310547 95.0 105.0 C96.66699981689453 101.66699981689453 100.83300018310547 96.66699981689453 108.33300018310547 90.0 L110.0 88.33300018310547 C112.5 85.83300018310547 113.33300018310547 83.33300018310547 113.33300018310547 80.0 C113.33300018310547 76.66699981689453 112.5 73.33300018310547 110.0 70.83300018310547 C107.5 68.33300018310547 105.0 67.5 100.83300018310547 67.5 C95.83300018310547 67.5 92.5 69.16699981689453 90.0 72.5 C88.33300018310547 75.0 86.66699981689453 79.16699981689453 86.66699981689453 84.16699981689453 L73.33300018310547 84.16699981689453 C73.33300018310547 75.83300018310547 75.83300018310547 68.33300018310547 80.83300018310547 64.16699981689453 C85.83300018310547 59.16699981689453 92.5 56.66699981689453 100.83300018310547 56.66699981689453 C109.16699981689453 56.66699981689453 115.0 59.16699981689453 120.0 63.33300018310547 Z M105.83300018310547 126.66699981689453 C107.5 128.33299255371094 108.33300018310547 130.83299255371094 108.33300018310547 133.33299255371094 C108.33300018310547 135.83299255371094 107.5 138.33299255371094 105.83300018310547 140.0 C104.16699981689453 141.66700744628906 101.66699981689453 142.5 99.16699981689453 142.5 C96.66699981689453 142.5 94.16699981689453 141.66700744628906 92.5 140.0 C90.83300018310547 138.33299255371094 90.0 136.66700744628906 90.0 133.33299255371094 C90.0 130.83299255371094 90.83300018310547 128.33299255371094 92.5 126.66699981689453 C94.16699981689453 125.0 95.83300018310547 124.16699981689453 99.16699981689453 124.16699981689453 C101.66699981689453 124.16699981689453 104.16699981689453 125.0 105.83300018310547 126.66699981689453 Z""></path>
<path fill=""currentColor"" fill-opacity=""1.0""  filling=""0"" d=""M100.83300018310547 33.33300018310547 C137.5 33.33300018310547 167.5 63.33300018310547 167.5 100.0 C167.5 136.66700744628906 137.5 166.66700744628906 100.83300018310547 166.66700744628906 C64.16699981689453 166.66700744628906 34.16699981689453 136.66700744628906 34.16699981689453 100.0 C34.16699981689453 63.33300018310547 64.16699981689453 33.33300018310547 100.83300018310547 33.33300018310547 M100.83300018310547 16.66699981689453 C55.0 16.66699981689453 17.5 54.16699981689453 17.5 100.0 C17.5 145.83299255371094 55.0 183.33299255371094 100.83300018310547 183.33299255371094 C146.66700744628906 183.33299255371094 184.16700744628906 145.83299255371094 184.16700744628906 100.0 C184.16700744628906 54.16699981689453 146.66700744628906 16.66699981689453 100.83300018310547 16.66699981689453 Z""></path></svg>"
f7999d677294f41a6a77f628b2369578,"<svg xmlns=""http://www.w3.org/2000/svg"" viewBox=""0.0 0.0 200.0 200.0"" height=""200.0px"" width=""200.0px""><path fill="""" fill-opacity=""1.0""  filling=""0"" d=""M174.17999267578125 12.694999694824219 L50.742000579833984 12.694999694824219 C43.808998107910156 12.694999694824219 38.16400146484375 18.31999969482422 38.16400146484375 25.27300262451172 L38.16400146484375 49.74599838256836 L25.214996337890625 49.74599838256836 C18.28099822998047 49.74599838256836 12.637001037597656 55.37099838256836 12.637001037597656 62.32400131225586 L12.637001037597656 174.74600219726562 C12.637001037597656 181.67999267578125 18.262001037597656 187.32400512695312 25.214996337890625 187.32400512695312 L137.05099487304688 187.32400512695312 C143.98399353027344 187.32400512695312 149.62899780273438 181.69900512695312 149.62899780273438 174.74600219726562 L149.62899780273438 161.99200439453125 L174.16000366210938 161.99200439453125 C181.093994140625 161.99200439453125 186.73800659179688 156.36700439453125 186.73800659179688 149.41400146484375 L186.73800659179688 25.27300262451172 C186.75799560546875 18.31999969482422 181.13299560546875 12.694999694824219 174.17999267578125 12.694999694824219 Z M137.1479949951172 174.7270050048828 L137.1479949951172 174.74600219726562 C137.1479949951172 174.76600646972656 137.10899353027344 174.78500366210938 137.10899353027344 174.78500366210938 L25.214996337890625 174.78500366210938 C25.19499969482422 174.78500366210938 25.176002502441406 174.74600219726562 25.176002502441406 174.74600219726562 L25.176002502441406 62.30500030517578 L25.176002502441406 62.28499984741211 C25.176002502441406 62.26599884033203 25.214996337890625 62.24599838256836 25.214996337890625 62.24599838256836 L25.23400115966797 62.24599838256836 L38.183998107910156 62.26599884033203 C38.183998107910156 62.26599884033203 37.89099884033203 155.09800720214844 37.89099884033203 155.74200439453125 C37.89099884033203 159.19900512695312 40.683998107910156 161.99200439453125 44.14099884033203 161.99200439453125 L137.1479949951172 161.99200439453125 L137.1479949951172 174.7270050048828 Z M50.683998107910156 25.23400115966797 C50.683998107910156 25.214996337890625 50.722999572753906 25.19499969482422 50.722999572753906 25.19499969482422 L174.19900512695312 25.19499969482422 C174.218994140625 25.19499969482422 174.23800659179688 25.23400115966797 174.23800659179688 25.23400115966797 L174.23800659179688 149.4340057373047 C174.23800659179688 149.4530029296875 174.19900512695312 149.47300720214844 174.19900512695312 149.47300720214844 L50.683998107910156 149.47300720214844 L50.683998107910156 25.23400115966797 Z""></path></svg>"
4c8f301dc3b7a2b9427069599408694a,"<svg xmlns=""http://www.w3.org/2000/svg"" viewBox=""0.0 0.0 200.0 200.0"" height=""200.0px"" width=""200.0px""><path fill="""" fill-opacity=""1.0""  filling=""0"" d=""M50.0625 175.0 L37.5625 175.0 L37.5625 167.5625 L81.75 54.000003814697266 L93.4375 58.499996185302734 L50.0625 169.9375 L50.0625 175.0 Z M162.625 175.0 L150.125 175.0 L150.125 169.9375 L106.75 58.499996185302734 L118.4375 54.000003814697266 L162.625 167.5625 L162.625 175.0 Z M37.5625 112.5 L162.5625 112.5 L162.5625 125.0 L37.5625 125.0 L37.5625 112.5 Z M93.8125 0.0 L106.3125 0.0 L106.3125 25.0 L93.8125 25.0 L93.8125 0.0 Z M100.0 68.75 A25.0 25.0 0.0 1 1 125.0 43.75 A25.0 25.0 0.0 0 1 100.0 68.75 Z M100.0 31.25 A12.5 12.5 0.0 1 0 112.5 43.75 A12.5 12.5 0.0 0 0 100.0 31.25 Z M200.0625 200.0 L0.0 200.0 L0.0 62.5625 L62.5 62.5625 L62.5 75.0625 L12.5 75.0625 L12.5 187.5 L187.5625 187.5 L187.5625 75.0625 L137.5625 75.0625 L137.5625 62.5625 L200.0625 62.5625 L200.0625 200.0 Z""></path></svg>"
f6a0318b5669d8be1abf0fb0a67b3b3b,"<svg xmlns=""http://www.w3.org/2000/svg"" viewBox=""0.0 0.0 200.0 200.0"" height=""200.0px"" width=""200.0px""><path fill=""#131419"" fill-opacity=""1.0""  filling=""0"" d=""M77.98300170898438 44.625 C87.42500305175781 36.55799865722656 102.08300018310547 43.20800018310547 102.08300018310547 55.70800018310547 L102.08300018310547 144.25 C102.08300018310547 156.75 87.40799713134766 163.41700744628906 77.95800018310547 155.2790069580078 L50.12900161743164 131.20799255371094 L37.5 131.20799255371094 A14.607999801635742 14.607999801635742 0.0 0 1 22.91699981689453 116.625 L22.91699981689453 83.29199981689453 C22.91699981689453 75.25800323486328 29.466995239257812 68.70800018310547 37.5 68.70800018310547 L50.12900161743164 68.70800018310547 L77.98300170898438 44.625 Z M86.10800170898438 54.12099838256836 L56.54600143432617 79.68800354003906 A6.25 6.25 0.0 0 1 52.45800018310547 81.20800018310547 L37.5 81.20800018310547 C36.367000579833984 81.20800018310547 35.41699981689453 82.16200256347656 35.41699981689453 83.29199981689453 L35.41699981689453 116.625 C35.41699981689453 117.75800323486328 36.367000579833984 118.70800018310547 37.5 118.70800018310547 L52.45800018310547 118.70800018310547 C53.95800018310547 118.70800018310547 55.41299819946289 119.25 56.54600143432617 120.23300170898438 L86.12100219726562 145.80799865722656 A2.0829999446868896 2.0829999446868896 0.0 0 0 89.58300018310547 144.25 L89.58300018310547 55.70800018310547 C89.58300018310547 53.96200180053711 87.5 52.94599914550781 86.10800170898438 54.12099838256836 Z""></path>
<path fill=""#131419"" fill-opacity=""1.0""  filling=""0"" d=""M124.4540023803711 73.125 A6.25 6.25 0.0 0 1 133.28799438476562 73.12100219726562 L149.28799438476562 89.10399627685547 L165.28700256347656 73.12100219726562 A6.25 6.25 0.0 1 1 174.12100219726562 81.96299743652344 L158.13299560546875 97.93800354003906 L174.125 113.91200256347656 A6.25 6.25 0.0 1 1 165.29200744628906 122.75399780273438 L149.29200744628906 106.77100372314453 L133.29200744628906 122.75399780273438 A6.25 6.25 0.0 0 1 124.45800018310547 113.91200256347656 L140.4459991455078 97.93800354003906 L124.45800018310547 81.96299743652344 A6.25 6.25 0.0 0 1 124.44999694824219 73.125 L124.4540023803711 73.125 Z""></path></svg>"
112ba24ae9e0c6f096b9128625f8832c,"<svg xmlns=""http://www.w3.org/2000/svg"" viewBox=""0.0 0.0 200.0 200.0"" height=""200.0px"" width=""200.0px""><path fill=""#000000"" fill-opacity=""1.0""  filling=""0"" d=""M100.0 105.875 L194.125 105.875 L194.125 129.41200256347656 L100.0 129.41200256347656 L100.0 105.875 Z M100.0 70.58699798583984 L170.58700561523438 70.58699798583984 L170.58700561523438 94.125 L100.0 94.125 L100.0 70.58699798583984 Z M100.0 35.30000305175781 L147.06199645996094 35.30000305175781 L147.06199645996094 58.82500076293945 L100.0 58.82500076293945 L100.0 35.30000305175781 Z M68.125 144.58799743652344 A11.812000274658203 11.812000274658203 0.0 0 1 84.82499694824219 161.3000030517578 L61.29999923706055 184.8249969482422 A11.76200008392334 11.76200008392334 0.0 0 1 44.58700180053711 184.8249969482422 L21.061996459960938 161.3000030517578 A11.812000274658203 11.812000274658203 0.0 0 1 37.762001037597656 144.58799743652344 L41.17499923706055 148.11300659179688 L41.17499923706055 0.0 L64.69999694824219 0.0 L64.69999694824219 148.125 L68.11299896240234 144.58799743652344 L68.125 144.58799743652344 Z M100.0 0.0 L123.5250015258789 0.0 L123.5250015258789 23.525001525878906 L100.0 23.525001525878906 L100.0 0.0 Z""></path></svg>"
b42bf4c9f5cff809206c1566a65665f6,"<svg height=""128"" width=""128"" xmlns=""http://www.w3.org/2000/svg""><path d=""m64 10.16c-29.73 0-53.84 24.11-53.84 53.84 0 14.59 5.83 27.8 15.25 37.5l19.63-31.56c-.6-1.88-.91-3.87-.91-5.94 0-10.98 8.89-19.87 19.87-19.87 1.88 0 3.68.29 5.41.78l15.47-30.57c-6.42-2.7-13.48-4.18-20.88-4.18zm23.5 5.41-2.63 13.97 14.56-6.06c-3.58-3.15-7.59-5.81-11.93-7.92zm16.38 12.27-20.32 32.66c.2 1.14.31 2.3.31 3.5 0 10.98-8.9 19.88-19.88 19.88-1.2 0-2.36-.11-3.5-.31l-15.56 30.78c5.93 2.25 12.35 3.5 19.06 3.5 29.73 0 53.84-24.11 53.84-53.84 0-13.92-5.29-26.6-13.97-36.16zm-17.19 14-13.81 4.41c5.48 2.74 9.51 7.91 10.66 14.13zm-40.72 30.47-2.28 13.41 11.84-3.75c-4.22-1.99-7.6-5.42-9.56-9.66zm-.47 25.75-16.47 6.85c4.06 3.47 8.6 6.38 13.56 8.53z""/></svg>"
0a36304dec03e1ea2fcd956c4bb7d3a1,"<svg xmlns=""http://www.w3.org/2000/svg"" viewBox=""0.0 0.0 200.0 200.0"" height=""200.0px"" width=""200.0px""><path fill=""#0099FF"" fill-opacity=""1.0""  filling=""0"" d=""M105.66600036621094 185.67100524902344 L101.24500274658203 182.2010040283203 C60.17300033569336 150.14199829101562 39.36600112915039 129.97500610351562 39.36600112915039 94.39299774169922 C39.36600112915039 59.25699996948242 66.37100219726562 37.6510009765625 101.24500274658203 34.53300476074219 L101.24500274658203 34.09700012207031 C102.73799896240234 34.09700012207031 104.19599914550781 34.19200134277344 105.66600036621094 34.25599670410156 C107.13600158691406 34.19200134277344 108.59500122070312 34.09700012207031 110.08799743652344 34.09700012207031 L110.08799743652344 34.53300476074219 C144.96200561523438 37.6510009765625 171.9669952392578 59.25699996948242 171.9669952392578 94.39299774169922 C171.9669952392578 129.97500610351562 151.16000366210938 150.14199829101562 110.08799743652344 182.2010040283203""></path>
<path fill=""#0099FF"" fill-opacity=""1.0""  filling=""0"" d=""M105.79100036621094 195.427001953125 L99.98300170898438 200.00399780273438 L94.1760025024414 195.427001953125 C40.19200134277344 153.1280059814453 12.846000671386719 126.51599884033203 12.846000671386719 79.56099700927734 C12.846000671386719 33.199005126953125 48.33700180053711 4.69000244140625 94.1760025024414 0.5759963989257812 L94.1760025024414 0.0 C96.13400268554688 0.0 98.0510025024414 0.125 99.98300170898438 0.20800018310546875 C101.91600036621094 0.125 103.83300018310547 0.0 105.79100036621094 0.0 L105.79100036621094 0.5759963989257812 C151.6300048828125 4.69000244140625 187.12100219726562 33.199005126953125 187.12100219726562 79.56099700927734 C187.12100219726562 126.51599884033203 159.77499389648438 153.1280059814453 105.79100036621094 195.427001953125 Z M104.90899658203125 11.442001342773438 L104.90899658203125 10.9530029296875 C103.24600219726562 10.9530029296875 101.62000274658203 11.055000305175781 99.98300170898438 11.130996704101562 C98.34700012207031 11.055000305175781 96.72100067138672 10.9530029296875 95.05799865722656 10.9530029296875 L95.05799865722656 11.442001342773438 C56.19499969482422 14.949996948242188 24.211997985839844 43.823001861572266 24.211997985839844 83.3489990234375 C24.211997985839844 123.38300323486328 49.28799819946289 145.29299926757812 95.05799865722656 181.3560028076172 L99.98300170898438 185.25900268554688 L104.90899658203125 181.3560028076172 C150.6790008544922 145.29299926757812 175.7550048828125 123.38300323486328 175.7550048828125 83.3489990234375 C175.7550048828125 43.823001861572266 143.77200317382812 14.949996948242188 104.90899658203125 11.442001342773438 Z M99.98300170898438 125.02400207519531 C79.05899810791016 125.02400207519531 62.09700012207031 108.06199645996094 62.09700012207031 87.13800048828125 C62.09700012207031 66.21299743652344 79.05899810791016 49.25199890136719 99.98300170898438 49.25199890136719 C120.90799713134766 49.25199890136719 137.8699951171875 66.21299743652344 137.8699951171875 87.13800048828125 C137.8699951171875 108.06199645996094 120.90799713134766 125.02400207519531 99.98300170898438 125.02400207519531 Z M99.98300170898438 60.61800003051758 A26.520000457763672 26.520000457763672 0.0 1 0 99.98300170898438 113.65799713134766 A26.520000457763672 26.520000457763672 0.0 0 0 99.98300170898438 60.61800003051758 Z M99.98300170898438 98.50399780273438 A11.366000175476074 11.366000175476074 0.0 1 1 99.98300170898438 75.77200317382812 A11.366000175476074 11.366000175476074 0.0 0 1 99.98300170898438 98.50399780273438 Z""></path></svg>"
fc0c62d5010d40dbdc422b9877477348,"<svg xmlns=""http://www.w3.org/2000/svg"" viewBox=""0.0 0.0 200.0 200.0"" height=""200.0px"" width=""200.0px""><path fill=""#EDC276"" fill-opacity=""1.0""  filling=""0"" d=""M87.22699737548828 29.822998046875 A5.60099983215332 5.60099983215332 0.0 0 0 79.34100341796875 29.709999084472656 A1110.8690185546875 1110.8690185546875 0.0 0 1 28.012001037597656 76.1240005493164 C30.59100341796875 78.90599822998047 33.18699645996094 81.67900085449219 35.802001953125 84.44300079345703 C37.24800109863281 83.20600128173828 38.68899917602539 81.96700286865234 40.125 80.7239990234375 A1214.5260009765625 1214.5260009765625 0.0 0 0 124.94999694824219 81.9489974975586 C126.3499984741211 83.23200225830078 127.75399780273438 84.51300048828125 129.16299438476562 85.79000091552734 C131.8560028076172 83.10299682617188 134.531005859375 80.40599822998047 137.18800354003906 77.69999694824219 A1113.4549560546875 1113.4549560546875 0.0 0 1 87.22699737548828 29.822998046875 Z""></path>
<path fill=""#A59E93"" fill-opacity=""1.0""  filling=""0"" d=""M10.992996215820312 73.35600280761719 C8.652999877929688 73.18299865722656 6.44000244140625 74.37000274658203 5.377998352050781 76.37300109863281 C4.3170013427734375 78.375 4.6230010986328125 80.80000305175781 6.168998718261719 82.51599884033203 C26.367996215820312 104.93599700927734 47.71699905395508 126.85399627685547 70.1969985961914 148.17999267578125 C71.6760025024414 146.9010009765625 73.1500015258789 145.6219940185547 74.62100219726562 144.33900451660156 C100.697998046875 125.91400146484375 125.64299774169922 106.69000244140625 149.4219970703125 86.7699966430664 C151.8249969482422 86.6729965209961 154.22900390625 86.56800079345703 156.6320037841797 86.45700073242188 L156.11599731445312 75.33999633789062 A1208.9749755859375 1208.9749755859375 0.0 0 1 10.992996215820312 73.35600280761719 Z""></path>
<path fill=""#A59E93"" fill-opacity=""1.0""  filling=""0"" d=""M191.38299560546875 49.35499954223633 C193.4320068359375 47.01599884033203 193.14500427246094 43.505001068115234 190.77699279785156 41.5099983215332 C188.4080047607422 39.51499938964844 184.85499572753906 39.777000427246094 182.80499267578125 42.0989990234375 C157.18600463867188 71.13800048828125 129.60899353027344 99.34200286865234 100.12000274658203 126.51000213623047 C97.76200103759766 128.6820068359375 97.74600219726562 132.2050018310547 100.12000274658203 134.3800048828125 C101.30699920654297 135.46600341796875 102.86599731445312 136.00599670410156 104.4229965209961 136.0019989013672 C105.98100280761719 135.99600219726562 107.53600311279297 135.44400024414062 108.71600341796875 134.35000610351562 A1173.0489501953125 1173.0489501953125 0.0 0 0 121.47200012207031 122.33200073242188 A1176.5 1176.5 0.0 0 0 151.625 148.3520050048828 L152.7259979248047 175.6999969482422 C156.91099548339844 175.531005859375 161.09500122070312 175.34300231933594 165.2790069580078 175.13400268554688 L163.8000030517578 145.49899291992188 L163.8000030517578 145.49200439453125 A1761271.5 1761271.5 0.0 0 1 160.68299865722656 82.99800109863281 A1130.5579833984375 1130.5579833984375 0.0 0 0 191.38299560546875 49.35499954223633 Z M150.99200439453125 132.62600708007812 A1164.52197265625 1164.52197265625 0.0 0 1 129.8000030517578 114.29100036621094 A1155.3179931640625 1155.3179931640625 0.0 0 0 149.46299743652344 94.6449966430664 C149.97300720214844 107.30599975585938 150.48300170898438 119.96499633789062 150.99200439453125 132.62600708007812 Z""></path>
<path fill=""#979292"" fill-opacity=""1.0""  filling=""0"" d=""M80.32599639892578 113.36900329589844 C98.48500061035156 113.66500091552734 113.4219970703125 127.21399688720703 113.68699645996094 144.20199584960938 C113.9530029296875 161.1750030517578 98.58000183105469 175.17100524902344 79.35199737548828 174.86000061035156 C60.124000549316406 174.56199645996094 45.196998596191406 160.0850067138672 46.000999450683594 143.12899780273438 C46.80400085449219 126.15799713134766 62.16600036621094 113.08999633789062 80.32599639892578 113.36900329589844 Z""></path>
<path fill=""#524949"" fill-opacity=""1.0""  filling=""0"" d=""M79.23400115966797 182.2779998779297 C55.24399948120117 181.9080047607422 36.68299865722656 163.75999450683594 37.84000015258789 142.7570037841797 C38.99599838256836 121.73100280761719 58.0989990234375 105.61100006103516 80.44300079345703 105.94999694824219 C102.78700256347656 106.31900024414062 121.36499786376953 123.03600311279297 121.85399627685547 144.08799743652344 C122.34400177001953 165.1179962158203 103.2239990234375 182.66799926757812 79.23400115966797 182.2779998779297 Z M80.20800018310547 120.78700256347656 C66.3550033569336 120.572998046875 54.67399978637695 130.59100341796875 54.16299819946289 143.4499969482422 C53.652000427246094 156.3000030517578 65.0009994506836 167.2169952392578 79.46900177001953 167.4429931640625 C93.93699645996094 167.67599487304688 105.625 157.1230010986328 105.52100372314453 144.26400756835938 C105.41699981689453 131.39500427246094 94.06099700927734 121.01100158691406 80.20800018310547 120.78700256347656 Z""></path>
<path fill=""#524949"" fill-opacity=""1.0""  filling=""0"" d=""M80.16899871826172 133.4340057373047 C86.5989990234375 133.53700256347656 91.78900146484375 138.3459930419922 91.76100158691406 144.2469940185547 C91.73200225830078 150.14599609375 86.39199829101562 154.9029998779297 79.83200073242188 154.7989959716797 C73.27300262451172 154.69700622558594 68.08399963378906 149.77499389648438 68.24099731445312 143.8780059814453 C68.39800262451172 137.97799682617188 73.73899841308594 133.3350067138672 80.16899871826172 133.4340057373047 Z""></path></svg>"
e5217d6123baf58c5d7ef460fe54cd7e,"<svg xmlns=""http://www.w3.org/2000/svg"" viewBox=""0.0 0.0 200.0 200.0"" height=""200.0px"" width=""200.0px""><path fill="""" fill-opacity=""1.0""  filling=""0"" d=""M179.16659545898438 33.333396911621094 L150.0 33.333396911621094 L164.5 55.08340072631836 C165.41659545898438 56.5 164.41659545898438 58.333396911621094 162.75 58.333396911621094 L146.08340454101562 58.333396911621094 C143.33340454101562 58.333396911621094 140.66659545898438 56.91659927368164 139.16661071777344 54.58340072631836 L125.0 33.333396911621094 L108.3333969116211 33.333396911621094 L122.8333969116211 55.08340072631836 C123.75 56.5 122.75 58.333396911621094 121.08340454101562 58.333396911621094 L104.41659545898438 58.333396911621094 C101.6666030883789 58.333396911621094 99.0 56.91659927368164 97.5 54.58340072631836 L83.3333969116211 33.333396911621094 L66.6666030883789 33.333396911621094 L81.1666030883789 55.08340072631836 C82.0833969116211 56.5 81.0833969116211 58.333396911621094 79.4166030883789 58.333396911621094 L62.75 58.333396911621094 C60.000003814697266 58.333396911621094 57.41659927368164 56.91659927368164 55.83340072631836 54.58340072631836 L41.666603088378906 33.333396911621094 L33.333396911621094 33.333396911621094 C24.166603088378906 33.333396911621094 16.75 40.83340072631836 16.75 50.0 L16.666603088378906 150.0 C16.666603088378906 159.16659545898438 24.166603088378906 166.66659545898438 33.333396911621094 166.66659545898438 L166.66659545898438 166.66659545898438 C175.83340454101562 166.66659545898438 183.33340454101562 159.16659545898438 183.33340454101562 150.0 L183.33340454101562 37.5 C183.33340454101562 35.166595458984375 181.5 33.333396911621094 179.16659545898438 33.333396911621094 Z M93.75 127.0833969116211 L83.3333969116211 150.0 L72.9166030883789 127.0833969116211 L50.0 116.6666030883789 L72.9166030883789 106.25 L83.3333969116211 83.3333969116211 L93.75 106.25 L116.6666030883789 116.6666030883789 L93.75 127.0833969116211 Z M141.16659545898438 99.5 L133.33340454101562 116.6666030883789 L125.5 99.5 L108.3333969116211 91.6666030883789 L125.5 83.8333969116211 L133.33340454101562 66.6666030883789 L141.16659545898438 83.8333969116211 L158.33340454101562 91.6666030883789 L141.16659545898438 99.5 Z""></path></svg>"
bb003bdd403f4a9bad8b1c3b138f4060,"<svg xmlns=""http://www.w3.org/2000/svg"" viewBox=""0.0 0.0 200.0 200.0"" height=""200.0px"" width=""200.0px""><path fill="""" fill-opacity=""1.0""  filling=""0"" d=""M27.819915771484375 37.819923400878906 C45.75996398925781 19.880081176757812 69.61992645263672 10.0 95.0 10.0 C120.38008117675781 10.0 144.23007202148438 19.880081176757812 162.18008422851562 37.819923400878906 C180.13006591796875 55.759765625 190.0 79.61991882324219 190.0 104.98983764648438 C190.0 130.35977172851562 180.1199188232422 154.22012329101562 162.18008422851562 172.169921875 C144.240234375 190.11972045898438 120.38008117675781 199.990234375 95.0 199.990234375 C69.61992645263672 199.990234375 45.76991653442383 190.10995483398438 27.819915771484375 172.169921875 C9.869918823242188 154.22988891601562 0.0 130.36993408203125 0.0 104.990234375 C0.0 79.61054229736328 9.880081176757812 55.76015853881836 27.819915771484375 37.820316314697266 L27.819915771484375 37.819923400878906 Z M95.0 190.0 C141.86993408203125 190.0 180.0 151.8699188232422 180.0 104.99999237060547 C180.0 58.13008117675781 141.86993408203125 20.0 95.0 20.0 C48.13007736206055 20.0 10.0 58.13008117675781 10.0 104.99999237060547 C10.0 151.8699188232422 48.13007736206055 190.0 95.0 190.0 Z M110.0 160.0 A5.022070407867432 5.022070407867432 0.0 0 0 113.5400390625 158.5400390625 C115.49004364013672 156.5900421142578 115.49004364013672 153.419921875 113.5400390625 151.4699249267578 L67.080078125 105.00996398925781 L113.5400390625 58.54999923706055 C115.49004364013672 56.599998474121094 115.49004364013672 53.43008041381836 113.5400390625 51.480079650878906 C111.59004211425781 49.53007507324219 108.419921875 49.53007507324219 106.46991729736328 51.480079650878906 L56.46992492675781 101.4800796508789 C54.519920349121094 103.43008422851562 54.519920349121094 106.5999984741211 56.46992492675781 108.55000305175781 L106.46991729736328 158.5500030517578 C107.44999694824219 159.5300750732422 108.7300796508789 160.00994873046875 110.00995635986328 160.00994873046875 L110.0 160.0 Z""></path></svg>"
2aa7a54fbec708d1adaa9f64f3da1336,"<svg xmlns=""http://www.w3.org/2000/svg"" viewBox=""0.0 0.0 200.0 200.0"" height=""200.0px"" width=""200.0px""><path fill=""#333333"" fill-opacity=""1.0""  filling=""0"" d=""M151.1904296875 182.9572296142578 L55.95234680175781 182.9572296142578 L8.333396911621094 100.7095718383789 L55.95234680175781 18.452346801757812 L151.1904296875 18.452346801757812 L198.8095703125 100.70468139648438 L151.1904296875 182.9523468017578 L151.1904296875 182.9572296142578 Z M105.95234680175781 66.07148742675781 A35.714256286621094 35.714256286621094 0.0 1 0 141.66659545898438 101.7857437133789 A35.752342224121094 35.752342224121094 0.0 0 0 105.95234680175781 66.07148742675781 Z""></path></svg>"
f3a0e52f983b046e6f352e38d7089225,"<svg fill=""none"" height=""128"" viewBox=""0 0 24 24"" width=""128"" xmlns=""http://www.w3.org/2000/svg""><g fill=""#000000""><path d=""m9.04 8h8.96v1.49h-8.96z""/><path d=""m9.04 10.99h8.96v1.49h-8.96z""/><path d=""m9.04 13.97h8.96v1.5h-8.96z""/><path d=""m6.74 8c-.41 0-.74.34-.74.75s.33.74.74.74c.42 0 .75-.33.75-.74s-.33-.75-.75-.75z""/><path d=""m6.74 10.99c-.41 0-.74.33-.74.74s.33.75.74.75c.42 0 .75-.34.75-.75s-.33-.74-.75-.74z""/><path d=""m6.74 13.97c-.41 0-.74.34-.74.75s.33.75.74.75c.42 0 .75-.34.75-.75s-.33-.75-.75-.75z""/><path clip-rule=""evenodd"" d=""m22 2h-20v20h20zm-2 2h-16v16h16z"" fill-rule=""evenodd""/></g></svg>"
93fcb2f3193c0a05e3e025c37b99ca8f,"<svg xmlns=""http://www.w3.org/2000/svg"" viewBox=""0.0 0.0 200.0 200.0"" height=""200.0px"" width=""200.0px""><path fill="""" fill-opacity=""1.0""  filling=""0"" d=""M153.333984375 127.4820327758789 L153.333984375 156.01797485351562 C117.7880859375 170.7439422607422 79.6279296875 169.6759796142578 46.666015625 156.01797485351562 L46.666015625 127.4820327758789 C63.96992111206055 133.9599609375 81.96601104736328 137.36407470703125 100.0 137.36407470703125 C118.02792358398438 137.36602783203125 136.02206420898438 133.9599609375 153.333984375 127.4820327758789 Z M153.333984375 113.33594512939453 L166.666015625 73.3359375 L133.333984375 86.66796875 L100.0 33.333984375 L66.666015625 86.666015625 L33.333984375 73.333984375 L46.666015625 113.333984375 C79.6279296875 126.99394226074219 117.7880859375 128.06192016601562 153.333984375 113.33594512939453 Z""></path></svg>"
01632c497e0bafb8ff07907f753a0fa8,"<svg fill=""none"" height=""128"" viewBox=""0 0 32 32"" width=""128"" xmlns=""http://www.w3.org/2000/svg""><path d=""m23.33 5.48c.96 0 1.74-.78 1.74-1.74s-.78-1.74-1.74-1.74-1.74.78-1.74 1.74.78 1.74 1.74 1.74z"" fill=""#fcd53f""/><path d=""m9.77 22.6-.34-.2c-.82-.47-1.25-1.4-1.08-2.33.09-.5.35-.95.73-1.28.52-.46 1.22-.63 1.88-.5l-.54-.31c-1.01-.57-1.54-1.73-1.34-2.86.12-.62.43-1.17.9-1.58.74-.64 1.77-.83 2.68-.52-.78-.61-1.18-1.61-1-2.6.11-.6.42-1.15.88-1.55.86-.75 2.11-.87 3.1-.31l.35.2c-.79-.54-1.2-1.49-1.02-2.44.1-.54.38-1.03.79-1.39.78-.67 1.89-.79 2.79-.28l1.63.93c-.53-.34-.81-.97-.69-1.59.06-.35.24-.66.51-.89.5-.43 1.22-.5 1.79-.18l3.13 1.75c.57.33.88.98.76 1.63-.06.34-.24.66-.51.89-.5.44-1.22.51-1.79.18l-.46-.26 2.16 1.23c.89.51 1.36 1.53 1.18 2.54-.09.54-.37 1.03-.79 1.39-.74.65-1.79.78-2.66.35l.51.29c1 .56 1.53 1.7 1.32 2.82-.11.6-.42 1.15-.88 1.55-.75.66-1.8.84-2.71.49.7.63 1.05 1.58.87 2.54-.11.62-.42 1.17-.89 1.58-.88.76-2.14.88-3.15.31l-.54-.31c.45.5.66 1.19.53 1.88-.09.5-.35.95-.73 1.28-.71.62-1.73.72-2.55.25l-.4-.23-.69 1.41-4.49-2.7z"" fill=""#f9c23c""/><path d=""m23.56 3.93-.52-.3c-.59-.34-1.33-.27-1.85.18-.28.24-.46.57-.52.92-.09.46.04.93.32 1.28l-.28-.16c-.9-.51-2.02-.4-2.8.28-.42.36-.7.86-.8 1.4-.17.89.17 1.77.86 2.32-.97-.49-2.16-.34-2.98.38-.46.4-.77.95-.88 1.55-.19.98.2 1.98.97 2.59-.91-.31-1.94-.12-2.69.53-.47.4-.79.97-.89 1.58-.21 1.12.31 2.26 1.28 2.84-.66-.14-1.37.04-1.9.5-.38.33-.64.78-.73 1.28-.17.93.27 1.86 1.08 2.33l1.47.84c.82.47 1.84.37 2.55-.25.38-.33.64-.78.73-1.28.13-.71-.09-1.41-.55-1.91 1 .54 2.24.4 3.11-.35.47-.4.8-.97.9-1.58.18-.97-.17-1.93-.9-2.56.92.35 1.97.17 2.73-.49.46-.4.77-.95.88-1.55.2-1.11-.32-2.23-1.3-2.81.81.29 1.73.12 2.4-.46.42-.36.7-.86.8-1.4.19-1.02-.29-2.04-1.19-2.55l-.3-.17c.44.06.91-.07 1.26-.39.28-.23.47-.56.53-.91.12-.67-.19-1.34-.79-1.68z"" fill=""#fcd53f""/><path d=""m9.09 29.61c-1.2-.68-1.62-2.21-.93-3.41l1.24-2.17 4.35 2.48-1.24 2.17c-.7 1.2-2.22 1.61-3.42.93z"" fill=""#008463""/><path d=""m6.7 15.67 1.56-3.77c2.98 2.57 3.97 6.77 2.46 10.41l-.14.33 4.45-3.38c3.7-2.82 8.99-2.1 11.81 1.6l-7.17 5.45c-3.19 2.43-7.56 2.23-10.51-.24v.01c-.11-.09-.21-.18-.31-.28-.35-.33-.69-.69-.99-1.09l.01-.01c-1.95-2.55-2.44-5.98-1.17-9.03z"" fill=""#44911b""/></svg>"
a1546bb46e3d70ff4ebbb688ece1535f,"<svg xmlns=""http://www.w3.org/2000/svg"" viewBox=""0.0 0.0 200.0 200.0"" height=""200.0px"" width=""200.0px""><path fill=""#222222"" fill-opacity=""1.0""  filling=""0"" d=""M99.99400329589844 22.26599884033203 C103.7699966430664 22.26599884033203 106.83000183105469 25.326004028320312 106.83000183105469 29.10199737548828 L106.83100128173828 29.201004028320312 C146.35400390625 32.62799835205078 177.45599365234375 65.48300170898438 178.10899353027344 105.73899841308594 L178.11099243164062 106.05699920654297 C172.7790069580078 101.43699645996094 164.18299865722656 98.43800354003906 154.48599243164062 98.43800354003906 C142.11599731445312 98.43800354003906 131.53599548339844 103.31900024414062 127.23899841308594 110.22200012207031 C122.94499969482422 103.31900024414062 112.36499786376953 98.43800354003906 99.99400329589844 98.43800354003906 C87.71700286865234 98.43800354003906 77.2030029296875 103.24600219726562 72.84600067138672 110.06600189208984 C68.48799896240234 103.24600219726562 57.974998474121094 98.43800354003906 45.696998596191406 98.43800354003906 C35.8800048828125 98.43800354003906 27.191001892089844 101.51200103759766 21.875 106.2300033569336 C22.279998779296875 65.75 53.472999572753906 32.641998291015625 93.15799713134766 29.201004028320312 L93.15799713134766 29.10199737548828 C93.15799713134766 25.326004028320312 96.21900177001953 22.26599884033203 99.99400329589844 22.26599884033203 Z M99.99400329589844 36.71900177001953 C66.44400024414062 36.71900177001953 38.34700012207031 60.22999954223633 31.354995727539062 91.71299743652344 L31.150001525878906 92.67400360107422 L31.356002807617188 92.61299896240234 C35.72700500488281 91.34300231933594 40.47100067138672 90.65599822998047 45.35599899291992 90.6259994506836 L45.696998596191406 90.625 C56.12300109863281 90.625 65.88500213623047 93.61100006103516 72.79299926757812 98.81999969482422 L72.84600067138672 98.86000061035156 L72.89900207519531 98.81999969482422 C79.71099853515625 93.68399810791016 89.2979965209961 90.70800018310547 99.55999755859375 90.62699890136719 L99.99400329589844 90.625 C110.36199951171875 90.625 120.07099914550781 93.5780029296875 126.97100067138672 98.73100280761719 L127.23999786376953 98.93399810791016 L127.50900268554688 98.7300033569336 C134.31199645996094 93.6510009765625 143.8459930419922 90.70899963378906 154.0489959716797 90.62699890136719 L154.48599243164062 90.625 C159.427001953125 90.625 164.22999572753906 91.2959976196289 168.65499877929688 92.56400299072266 L168.82699584960938 92.61299896240234 L168.7899932861328 92.43000030517578 C162.14199829101562 60.93899917602539 134.4250030517578 37.262001037597656 101.14399719238281 36.72800064086914 L99.99400329589844 36.71900177001953 Z M88.65299987792969 46.2140007019043 C91.0459976196289 45.64899826049805 93.44599914550781 47.12300109863281 94.01300048828125 49.50699996948242 C94.5739974975586 51.861000061035156 93.13899993896484 54.22200012207031 90.8010025024414 54.82600021362305 L90.70899963378906 54.8489990234375 C76.84300231933594 58.125999450683594 64.87300109863281 66.8550033569336 57.465999603271484 78.93099975585938 C56.18299865722656 81.02200317382812 53.44300079345703 81.68099975585938 51.34400177001953 80.40299987792969 C49.24599838256836 79.125 48.584999084472656 76.39399719238281 49.867000579833984 74.30400085449219 C58.505001068115234 60.22100067138672 72.46499633789062 50.04100036621094 88.65299987792969 46.2140007019043 Z M100.18900299072266 112.73799896240234 C102.3239974975586 112.73799896240234 104.05899810791016 114.45099639892578 104.09500122070312 116.5770034790039 L104.09600067138672 116.64399719238281 L104.09600067138672 158.2030029296875 C104.09600067138672 168.99000549316406 95.35099792480469 177.73399353027344 84.56400299072266 177.73399353027344 C73.77799987792969 177.73399353027344 65.03299713134766 168.99000549316406 65.03299713134766 158.2030029296875 C65.03299713134766 156.04600524902344 66.78199768066406 154.2969970703125 68.93900299072266 154.2969970703125 C71.0739974975586 154.2969970703125 72.80899810791016 156.00999450683594 72.84500122070312 158.13600158691406 L72.84600067138672 158.2030029296875 C72.84600067138672 164.6750030517578 78.09200286865234 169.9219970703125 84.56400299072266 169.9219970703125 C90.97200012207031 169.9219970703125 96.1780014038086 164.77999877929688 96.28199768066406 158.39700317382812 L96.28299713134766 158.2030029296875 L96.28299713134766 116.64399719238281 C96.28299713134766 114.48699951171875 98.03199768066406 112.73799896240234 100.18900299072266 112.73799896240234 Z""></path></svg>"
c0a634bc156f907ad148fff33e08a797,"<svg xmlns=""http://www.w3.org/2000/svg"" viewBox=""0.0 0.0 200.0 200.0"" height=""200.0px"" width=""200.0px""><path fill=""currentColor"" fill-opacity=""1.0""  filling=""0"" d=""M178.3249969482422 65.83300018310547 A77.67500305175781 77.67500305175781 0.0 0 0 159.99200439453125 40.83300018310547 A105.07499694824219 105.07499694824219 0.0 0 0 133.3249969482422 23.33300018310547 A83.4749984741211 83.4749984741211 0.0 0 0 100.82499694824219 17.5 A90.625 90.625 0.0 0 0 68.32499694824219 24.16699981689453 A66.125 66.125 0.0 0 0 40.82500076293945 40.83300018310547 A95.64199829101562 95.64199829101562 0.0 0 0 22.49200439453125 65.83300018310547 A82.18299865722656 82.18299865722656 0.0 0 0 15.824996948242188 96.66699981689453 A73.85800170898438 73.85800170898438 0.0 0 0 38.32500076293945 149.16700744628906 L38.32500076293945 150.0 L41.65800094604492 177.5 A5.5329999923706055 5.5329999923706055 0.0 0 0 44.992000579833984 181.66700744628906 A4.166999816894531 4.166999816894531 0.0 0 0 49.992000579833984 181.66700744628906 L70.82499694824219 170.0 L71.65799713134766 170.0 A94.16699981689453 94.16699981689453 0.0 0 0 134.1580047607422 169.16700744628906 A96.23300170898438 96.23300170898438 0.0 0 0 161.6580047607422 151.66700744628906 A108.78299713134766 108.78299713134766 0.0 0 0 179.99200439453125 127.5 A79.16699981689453 79.16699981689453 0.0 0 0 178.3249969482422 65.83300018310547 Z M60.82500076293945 105.83300018310547 A10.0 10.0 0.0 0 1 60.82500076293945 85.83300018310547 A9.625 9.625 0.0 0 1 70.82499694824219 95.83300018310547 A9.166999816894531 9.166999816894531 0.0 0 1 60.82500076293945 105.83300018310547 Z M99.99199676513672 105.83300018310547 A10.0 10.0 0.0 1 1 109.99199676513672 95.83300018310547 A10.133000373840332 10.133000373840332 0.0 0 1 99.99199676513672 105.83300018310547 Z M139.1580047607422 105.83300018310547 A10.0 10.0 0.0 0 1 139.1580047607422 85.83300018310547 A9.625 9.625 0.0 0 1 149.1580047607422 95.83300018310547 C147.49200439453125 101.66699981689453 144.1580047607422 105.83300018310547 139.1580047607422 105.83300018310547 Z""></path></svg>"
9720d368bcaebe97328d60764b349438,"<svg height=""128"" viewBox=""0 0 512 512"" width=""128"" xmlns=""http://www.w3.org/2000/svg""><path d=""m385.59 45.16-372.56 215.09 20.35 35.25 372.56-215.09-20.34-35.25zm29.69 51.44-372.56 215.09 8.15 14.13c16.17-5.23 33.86-.59 45.25 11.94l28.53-16.47 9.35 16.18-28.53 16.47c5.14 16.12.32 33.77-12.28 45.16l8.16 14.13 372.56-215.1-8.16-14.13c-16.16 5.21-33.86.56-45.25-11.94l-28.53 16.47-9.35-16.19 28.53-16.47c-5.15-16.13-.35-33.8 12.28-45.19l-8.16-14.09zm-83.12 90.81c8.68-.23 17.2 4.21 21.84 12.25 6.76 11.7 2.76 26.65-8.94 33.41-8.83 5.1-19.48 4.03-27.09-1.81l-22.28 12.84c4.87 16.8-2.11 35.36-17.94 44.5-15.84 9.14-35.39 5.9-47.5-6.72l-22.22 12.85c1.25 9.52-3.2 19.27-12.03 24.37-11.7 6.76-26.65 2.76-33.41-8.94s-2.73-26.65 8.97-33.41c3.66-2.11 7.62-3.18 11.56-3.28 5.58-.15 11.1 1.64 15.56 5.06l22.22-12.81c-4.87-16.81 2.11-35.39 17.94-44.53 5.82-3.36 12.13-5.06 18.41-5.22 10.8-.28 21.43 3.98 29.09 11.97l22.25-12.84c-1.27-9.53 3.16-19.3 12-24.41 3.66-2.11 7.62-3.18 11.56-3.28zm151.09 26.91-372.56 215.09 20.34 35.25 372.56-215.09z""/></svg>"
3cd203f594485bcf83054c3bebea8100,"<svg height=""128"" viewBox=""0 0 24 24"" width=""128"" xmlns=""http://www.w3.org/2000/svg""><g fill=""none"" stroke-linecap=""round"" stroke-linejoin=""round"" stroke-width=""2""><path d=""m18 13v-9a1 1 0 0 0 -1-1h-12a1 1 0 0 0 -1 1v16a1 1 0 0 0 1 1h7"" stroke=""#000000""/><path d=""m8 3h6v3a1 1 0 0 1 -1 1h-4a1 1 0 0 1 -1-1zm0 14h4m-4-4h6m2 6h4m-2-2v4"" stroke=""#2ca9bc""/></g></svg>"
00f708cd3f4a7792afcfb4bc6dcb4017,"<svg fill=""none"" height=""128"" viewBox=""0 0 24 24"" width=""128"" xmlns=""http://www.w3.org/2000/svg""><path d=""m0 0h24v24h-24z"" fill=""#ffffff""/><g stroke=""#000000"" stroke-linejoin=""round""><path d=""m12 6.91c-1.1-1.4-2.8-2.8-7-2.9-.27-.01-.5.21-.5.49v12.1c0 .27.23.49.5.5 4.2.14 5.9 2 7 3.4m0-13.59c1.1-1.4 2.8-2.8 7-2.9.27-.01.5.21.5.48v12.11c0 .27-.23.49-.5.5-4.2.14-5.9 2-7 3.4m0-13.59v13.59""/><path d=""m19.24 6h2.26c.28 0 .5.22.5.5v13.04c0 .4-.48.67-.85.51-.79-.36-2.12-.79-3.86-.79-2.94 0-5.29 1.74-5.29 1.74s-2.35-1.74-5.29-1.74c-1.74 0-3.07.43-3.86.79-.37.16-.85-.11-.85-.51v-13.04c0-.28.22-.5.5-.5h2.26""/></g></svg>"
4af3c9ce4fd62efbbf0160a76f037b8d,"<svg xmlns=""http://www.w3.org/2000/svg"" viewBox=""0.0 0.0 200.0 200.0"" height=""200.0px"" width=""200.0px""><path fill=""#2C2C2C"" fill-opacity=""1.0""  filling=""0"" d=""M8.069999694824219 12.632003784179688 C3.6539993286132812 12.632003784179688 0.06999969482421875 16.19000244140625 0.06999969482421875 20.576004028320312 C0.06999969482421875 24.9739990234375 3.6539993286132812 28.531997680664062 8.066001892089844 28.531997680664062 L184.2220001220703 28.531997680664062 C188.63999938964844 28.531997680664062 192.21800231933594 24.9739990234375 192.21800231933594 20.582000732421875 C192.21800231933594 16.19000244140625 188.63999938964844 12.632003784179688 184.22799682617188 12.632003784179688 L8.069999694824219 12.632003784179688 Z M8.0 64.57599639892578 C3.582000732421875 64.57599639892578 0.0 68.13400268554688 0.0 72.5260009765625 C0.0 76.91799926757812 3.582000732421875 80.47599792480469 7.996002197265625 80.47599792480469 L37.88199996948242 80.47599792480469 C42.29999923706055 80.47599792480469 45.87799835205078 76.91799926757812 45.87799835205078 72.52999877929688 C45.87799835205078 68.13400268554688 42.29999923706055 64.57599639892578 37.88199996948242 64.57599639892578 L8.0 64.57599639892578 Z M0.0059967041015625 124.97799682617188 C0.0059967041015625 120.58599853515625 3.5879974365234375 117.03199768066406 8.001998901367188 117.03199768066406 L37.88199996948242 117.03199768066406 C42.29999923706055 117.03199768066406 45.87799835205078 120.58599853515625 45.87799835205078 124.97799682617188 C45.87799835205078 129.3699951171875 42.29999923706055 132.92799377441406 37.88199996948242 132.92799377441406 L8.0 132.92799377441406 C3.582000732421875 132.92799377441406 0.0 129.3699951171875 0.0 124.98200225830078 L0.0059967041015625 124.97799682617188 Z M8.0 168.4600067138672 C3.5879974365234375 168.4600067138672 0.003997802734375 172.02200317382812 0.003997802734375 176.41000366210938 C0.003997802734375 180.80599975585938 3.58599853515625 184.36000061035156 8.0 184.36000061035156 L85.9520034790039 184.36000061035156 C90.36799621582031 184.36000061035156 93.9520034790039 180.802001953125 93.9520034790039 176.41400146484375 C93.9520034790039 172.01600646972656 90.36799621582031 168.45799255371094 85.95600128173828 168.45799255371094 L8.0 168.45799255371094 L8.0 168.4600067138672 Z M163.02000427246094 140.20799255371094 C181.39999389648438 116.48400115966797 178.14999389648438 82.55400085449219 155.60000610351562 62.75 C133.03799438476562 42.87200164794922 98.85600280761719 43.72600173950195 77.33000183105469 64.697998046875 C55.801998138427734 85.61199951171875 54.262001037597656 119.66400146484375 73.81400299072266 142.4320068359375 C93.36599731445312 165.23800659179688 127.33599853515625 169.1300048828125 151.5959930419922 151.3419952392578 L186.19000244140625 185.156005859375 A8.031999588012695 8.031999588012695 0.0 0 0 193.97999572753906 187.24400329589844 C196.76199340820312 186.49400329589844 198.92599487304688 184.30599975585938 199.63600158691406 181.5279998779297 A7.914000034332275 7.914000034332275 0.0 0 0 197.40199279785156 173.82400512695312 L163.0240020751953 140.20799255371094 L163.02000427246094 140.20799255371094 Z M117.48799896240234 146.6199951171875 C102.53199768066406 146.92799377441406 88.56800079345703 139.156005859375 80.94999694824219 126.28199768066406 C73.3740005493164 113.44599914550781 73.3740005493164 97.50800323486328 80.94999694824219 84.67400360107422 C88.56800079345703 71.7979965209961 102.52999877929688 64.02799987792969 117.48799896240234 64.33599853515625 C140.03399658203125 64.78199768066406 158.0780029296875 83.06999969482422 158.0780029296875 105.4800033569336 C158.0780029296875 127.88600158691406 140.03399658203125 146.1739959716797 117.48799896240234 146.6199951171875 Z""></path></svg>"
63b3422cb2fe74e70f8e15f723077655,"<svg xmlns=""http://www.w3.org/2000/svg"" viewBox=""0.0 0.0 200.0 200.0"" height=""200.0px"" width=""200.0px""><path fill=""#497CAD"" fill-opacity=""1.0""  filling=""0"" d=""M48.92578125 129.4921875 C38.26171875 110.99609375 38.49609375 88.14453125 49.257816314697266 69.9609375 L71.171875 85.5078125 L62.539066314697266 34.70703125 L11.71875 43.320308685302734 L33.92578125 59.08203125 C27.08984375 70.1171875 23.125 82.6953125 22.40234375 95.7421875 C21.5625 110.82032012939453 25.1171875 125.7421875 32.6953125 138.8671875 C40.273441314697266 151.9921875 51.406253814697266 162.5390625 64.90234375 169.35546875 C75.859375 174.8828125 87.87109375 177.734375 100.0390625 177.734375 C102.46092987060547 177.734375 104.8828125 177.6171875 107.30469512939453 177.40234375 L105.54688262939453 158.73046875 C82.63671875 160.87890625 60.4296875 149.39453125 48.92578125 129.4921875 Z M166.07421875 140.9375 C172.91015625 129.90234375 176.875 117.32421875 177.59765625 104.27735137939453 C178.4375 89.19921875 174.8828125 74.27734375 167.3046875 61.15234375 C159.7265625 48.02734375 148.59375 37.48046875 135.1171875 30.6640625 C121.9921875 24.0234375 107.34374237060547 21.23046875 92.734375 22.59765625 L94.47265625 41.269527435302734 C117.34375 39.140625 139.55078125 50.625003814697266 151.0546875 70.5078125 C161.71875 89.00390625 161.484375 111.85546875 150.72265625 130.0390625 L128.80859375 114.4921875 L137.44140625 165.29296875 L188.28125 156.69921875 L166.07421875 140.9375 Z""></path></svg>"
9ee3b1227a90cc9040d89e482e25e68a,"<svg xmlns=""http://www.w3.org/2000/svg"" viewBox=""0.0 0.0 200.0 200.0"" height=""200.0px"" width=""200.0px""><path fill=""#000000"" fill-opacity=""1.0""  filling=""0"" d=""M100.0 0.0 C44.775001525878906 0.0 0.0 44.775001525878906 0.0 100.0 C0.0 155.22500610351562 44.775001525878906 200.0 100.0 200.0 C155.22500610351562 200.0 200.0 155.22500610351562 200.0 100.0 C200.0 44.775001525878906 155.22500610351562 0.0 100.0 0.0 Z M100.19400024414062 124.58799743652344 C86.51899719238281 124.58799743652344 75.41200256347656 113.50599670410156 75.41200256347656 99.80599975585938 C75.41200256347656 86.08799743652344 86.51899719238281 75.0 100.19400024414062 75.0 C113.91899871826172 75.0 125.0 86.08100128173828 125.0 99.80599975585938 C125.0 113.5 113.91899871826172 124.58799743652344 100.19400024414062 124.58799743652344 Z""></path></svg>"
34031d8d633b61cb8e6c5adf5ca66906,"<svg xmlns=""http://www.w3.org/2000/svg"" viewBox=""0.0 0.0 200.0 200.0"" height=""200.0px"" width=""200.0px""><path fill=""currentColor"" fill-opacity=""1.0""  filling=""0"" d=""M40.6349983215332 15.0 A5.0 5.0 0.0 0 1 45.59000015258789 19.31999969482422 L49.17499923706055 45.54499816894531 L178.99000549316406 45.54499816894531 A5.0 5.0 0.0 0 1 183.90499877929688 51.459999084472656 L168.2550048828125 135.91000366210938 A5.0 5.0 0.0 0 1 163.33999633789062 140.0 L51.404998779296875 140.0 A5.0 5.0 0.0 0 1 46.44499969482422 135.6300048828125 L45.14500045776367 125.4000015258789 L45.0 125.4000015258789 L32.915000915527344 30.0 L10.0 30.0 L10.0 15.0 L40.6349983215332 15.0 Z M166.96499633789062 60.54999923706055 L52.064998626708984 60.54999923706055 L60.21500015258789 125.0 L155.01499938964844 125.0 L166.96499633789062 60.54999923706055 Z M60.0 145.0 A20.0 20.0 0.0 1 1 60.0 185.0 A20.0 20.0 0.0 0 1 60.0 145.0 Z M60.0 158.0 A7.0 7.0 0.0 1 0 60.0 172.0 A7.0 7.0 0.0 0 0 60.0 158.0 Z M155.0 145.0 A20.0 20.0 0.0 1 1 155.0 185.0 A20.0 20.0 0.0 0 1 155.0 145.0 Z M155.0 158.0 A7.0 7.0 0.0 1 0 155.0 172.0 A7.0 7.0 0.0 0 0 155.0 158.0 Z""></path></svg>"
c7b3eca840b6f51565368e521d493bf7,"<svg xmlns=""http://www.w3.org/2000/svg"" viewBox=""0.0 0.0 200.0 200.0"" height=""200.0px"" width=""200.0px""><path fill=""#1E88E5"" fill-opacity=""1.0""  filling=""0"" d=""M73.92578125 119.84375 L78.5546875 117.34375 L96.30859375 127.3046875 L96.30859375 102.79296875 L92.75390625 101.015625 L75.0 90.703125 L75.0 110.95702362060547 L71.09375 113.0859375 L56.171875 104.57032012939453 L38.3984375 114.51171875 L38.3984375 135.1171875 L56.171875 145.05859375 L73.92578125 135.1171875 L73.92578125 119.84375 Z M128.30078125 113.0859375 L124.74609375 110.95702362060547 L124.74609375 90.703125 L103.41796875 102.79296875 L103.41796875 127.3046875 L121.19140625 117.34375 L125.80078125 119.84375 L125.80078125 135.1171875 L143.57421875 145.05859375 L161.34765625 135.1171875 L161.34765625 114.51171875 L143.57421875 104.57032012939453 L128.30078125 113.0859375 Z""></path>
<path fill=""#64B5F6"" fill-opacity=""1.0""  filling=""0"" d=""M128.30078125 49.140625 L128.30078125 65.46875 L147.12890625 75.78125 L147.12890625 94.2578125 L148.90625 95.33203125 L161.34765625 102.42188262939453 L161.34765625 67.24609375 L128.30078125 49.140625 Z M117.63671875 142.578125 L99.86328125 152.16796875 L82.109375 142.578125 L79.2578125 144.35546875 L67.5390625 150.76171875 L99.86328125 168.515625 L132.20703125 150.76171875 L120.46875 144.35546875 L117.63671875 142.578125 Z M52.6171875 94.2578125 L52.6171875 75.78125 L71.4453125 65.46875 L71.4453125 49.140625 L38.3984375 67.24609375 L38.3984375 102.42188262939453 L50.839839935302734 95.33203125 L52.6171875 94.2578125 Z""></path>
<path fill=""#1E88E5"" fill-opacity=""1.0""  filling=""0"" d=""M78.5546875 84.66796875 L99.86328125 96.73828125 L103.41796875 94.609375 L121.19140625 84.66796875 L103.41796875 74.70703125 L103.41796875 72.2265625 L117.63671875 64.0625 L117.63671875 43.808589935302734 L99.86328125 33.49609375 L82.109375 43.808589935302734 L82.109375 64.0625 L96.30859375 72.2265625 L96.30859375 74.70703125 L78.5546875 84.66796875 Z""></path></svg>"
8ff07cf9f7a1ac4cf1b990630c754913,"<svg xmlns=""http://www.w3.org/2000/svg"" viewBox=""0.0 0.0 200.0 200.0"" height=""200.0px"" width=""200.0px""><path fill=""#333333"" fill-opacity=""1.0""  filling=""0"" d=""M100.0 27.777732849121094 C60.177730560302734 27.777732849121094 27.777732849121094 60.177730560302734 27.777732849121094 100.0 C27.777732849121094 139.822265625 60.177730560302734 172.22225952148438 100.0 172.22225952148438 C139.822265625 172.22225952148438 172.22225952148438 139.822265625 172.22225952148438 100.0 C172.22225952148438 60.177730560302734 139.822265625 27.777732849121094 100.0 27.777732849121094 M100.0 183.33340454101562 C54.04999923706055 183.33340454101562 16.666603088378906 145.9499969482422 16.666603088378906 100.0 C16.666603088378906 54.04999923706055 54.04999923706055 16.666603088378906 100.0 16.666603088378906 C145.9499969482422 16.666603088378906 183.33340454101562 54.04999923706055 183.33340454101562 100.0 C183.33340454101562 145.9499969482422 145.9499969482422 183.33340454101562 100.0 183.33340454101562""></path>
<path fill=""#333333"" fill-opacity=""1.0""  filling=""0"" d=""M72.2222671508789 72.2222671508789 C66.09452819824219 72.2222671508789 61.11113357543945 77.2054672241211 61.11113357543945 83.3333969116211 C61.11113357543945 89.46112823486328 66.09452819824219 94.44453430175781 72.2222671508789 94.44453430175781 C78.35000610351562 94.44453430175781 83.3333969116211 89.46112823486328 83.3333969116211 83.3333969116211 C83.3333969116211 77.2054672241211 78.35000610351562 72.2222671508789 72.2222671508789 72.2222671508789 M72.2222671508789 100.0 C63.03339767456055 100.0 55.55546951293945 92.52226257324219 55.55546951293945 83.3333969116211 C55.55546951293945 74.14453125 63.03339767456055 66.6666030883789 72.2222671508789 66.6666030883789 C81.4111328125 66.6666030883789 88.88886260986328 74.14453125 88.88886260986328 83.3333969116211 C88.88886260986328 92.52226257324219 81.4111328125 100.0 72.2222671508789 100.0 M127.7777328491211 72.2222671508789 C121.65000915527344 72.2222671508789 116.6666030883789 77.2054672241211 116.6666030883789 83.3333969116211 C116.6666030883789 89.46112823486328 121.65000915527344 94.44453430175781 127.7777328491211 94.44453430175781 C133.9054718017578 94.44453430175781 138.8888702392578 89.46112823486328 138.8888702392578 83.3333969116211 C138.8888702392578 77.2054672241211 133.9054718017578 72.2222671508789 127.7777328491211 72.2222671508789 M127.7777328491211 100.0 C118.5888671875 100.0 111.11112976074219 92.52226257324219 111.11112976074219 83.3333969116211 C111.11112976074219 74.14453125 118.5888671875 66.6666030883789 127.7777328491211 66.6666030883789 C136.9665985107422 66.6666030883789 144.4445343017578 74.14453125 144.4445343017578 83.3333969116211 C144.4445343017578 92.52226257324219 136.9665985107422 100.0 127.7777328491211 100.0 M141.66659545898438 138.8888702392578 A2.7554686069488525 2.7554686069488525 0.0 0 1 139.73886108398438 138.11114501953125 C117.822265625 116.96660614013672 82.177734375 116.96660614013672 60.261131286621094 138.11114501953125 A2.7777342796325684 2.7777342796325684 0.0 1 1 56.40546798706055 134.1111297607422 C80.44453430175781 110.9166030883789 119.55547332763672 110.9166030883789 143.5945281982422 134.1111297607422 A2.7777342796325684 2.7777342796325684 0.0 0 1 141.66659545898438 138.8888702392578""></path></svg>"
ceb70ea6-74e0-4754-adbc-328208cd8ea3,"<svg fill=""none"" height=""128"" viewBox=""0 0 32 32"" width=""128"" xmlns=""http://www.w3.org/2000/svg""><path d=""m2 12.99c1.11-1.11 2.89-1.11 4 0s2.89 1.11 4 0 2.89-1.11 4 0 2.89 1.11 4 0 2.89-1.11 4 0 2.89 1.11 4 0 2.89-1.11 4 0v8.95h-28z"" fill=""#26c9fc""/><path d=""m18.6 10.16c-1.31-.13-2.18-.51-2.18-.51l-.42-.15-1.5.5-2.5 1-2.09 5.15s.28.65.43 1.91 1.19 2.21 2.57 2.04c0 0-.07 1.71 1.95 1.97 1.87.24 2.19-4.67 2.19-4.67l-1.68-4.88 2.91 1.25c-.07.2-.11.42-.11.64 0 1.11.9 2.01 2.01 2.01s2.01-.9 2.01-2.01c0-.99-.72-1.82-1.66-1.98-.07-1.12-1.01-2.18-1.93-2.27z"" fill=""#f1a11e""/><path d=""m13.53 23.08h16.37c0-2.6-1.22-4.92-3.11-6.41l-4.19-9.22c-1.23-2.71-3.93-4.45-6.9-4.45h-5.8-1.12c-.8.05-1.45.34-2.02.91l-1.64 1.62c-.29.29-.31.76-.05 1.07l-.14.13c-.31.31-.33.81-.03 1.13s.81.32 1.12.01h.01c.04.07.08.14.14.2.31.31.81.31 1.12.01l.55-.54c.35-.35.83-.55 1.33-.54h.72 5.33c1.7 0 3.24.99 3.94 2.54l2.44 5.36c-4.47.06-8.07 3.69-8.07 8.18z"" fill=""#fcb100""/><path d=""m28.06 17.91c-.79.59-1.89.58-2.68-.05l-3.79-2.97v.01c-4.47.06-8.07 3.7-8.07 8.18h16.38c0-1.96-.69-3.76-1.84-5.17z"" fill=""#8b62bf""/><path d=""m20.45 20.17c-1.14 1.14-3 1.14-4.14 0l-3.81-3.67 4.14-4.14 3.81 3.67c1.14 1.14 1.14 3 0 4.14z"" fill=""#fcb100""/><path d=""m19.01 11.89c0 .73-.6 1.33-1.33 1.33s-1.33-.6-1.33-1.33.6-1.33 1.33-1.33 1.33.6 1.33 1.33z"" fill=""#fdbb11""/><path d=""m13.5 17.41c0 .73-.6 1.33-1.33 1.33s-1.33-.6-1.33-1.33.6-1.33 1.33-1.33 1.33.6 1.33 1.33z"" fill=""#fdbb11""/><g fill=""#ffc83d""><path d=""m14.09 9.59-.16.13 2.48-.08c-.8-.77-2.21-.15-2.32-.05z""/><path d=""m11.25 11.89 1.71-1.39-1.06 2.41s2.93-.48 5.13-2.48l1.72 2.17c1.6 1.74 1.43 4.15-.13 5.71-1.57 1.56-3.97 1.73-5.71.13l-3-2.28c-.4-.42-.18-.73 0-.96v.96l1.07.81c.04-1.06-.31-1.87-.31-1.87l-.32-.28c.03-.05.06-.11.09-.17.15-.28.29-.53.15-.86l-.07-.16c-.07-.16.07-.33.24-.3.52.09.46-.07.36-.36s-.25-.7.13-1.08z""/><path d=""m9.91 14.45-.11-.12c0 .01.05.15.11.3z""/><path d=""m16.42 9.65.09.11-.1-.12z""/></g><path d=""m14.55 14.71.66 1.26c.14.26.48.31.69.1l.44-.44c.21-.21.15-.55-.1-.69l-1.26-.66c-.28-.15-.58.15-.43.43z"" fill=""#ed9200""/><path d=""m9.91 16.15c-1.8-1.44-1.93-3.92-.37-5.48l1.39-1.39c1.56-1.56 4.14-1.39 5.48.37 0 0-.25-.16-3.47 3.06-3.25 3.26-3.03 3.44-3.03 3.44z"" fill=""#8b62bf""/><path d=""m16.93 17.46c.45 0 .81-.36.81-.81s-.36-.81-.81-.81-.81.36-.81.81.36.81.81.81z"" fill=""#990839""/><path d=""m17.44 10.95-.47-.62-.74.93c-.35-.04-.71.07-.97.33l-.64.64c-.36.36-.43.9-.23 1.33l-.55.55c-.44-.2-.97-.13-1.33.23l-.64.64c-.27.27-.37.63-.33.98l-1 .68.64.48.72-.44c.46.43 1.19.42 1.63-.03l.64-.64c.36-.36.43-.9.23-1.33l.55-.55c.44.2.97.13 1.33-.23l.64-.64c.45-.45.46-1.18.02-1.64z"" fill=""#433b6b""/><path d=""m16.09 13.54.45-.45c.31-.3.31-.8 0-1.11-.3-.31-.8-.31-1.11 0l-.45.45c-.31.3-.31.8 0 1.11.3.31.8.31 1.11 0z"" fill=""#00a6ed""/><path d=""m13.38 16.25.45-.45c.31-.3.31-.81 0-1.11-.3-.31-.8-.31-1.11 0l-.45.45c-.31.3-.31.8 0 1.11.3.31.8.31 1.11 0z"" fill=""#00a6ed""/><path d=""m2 19.98c1.11-1.11 2.89-1.11 4 0s2.89 1.11 4 0 2.89-1.11 4 0 2.89 1.11 4 0 2.89-1.11 4 0 2.89 1.11 4 0 2.89-1.11 4 0v8.95h-28z"" fill=""#0084ce""/></svg>"
0e2acc081df1ca0ea866498eb9da99ba,"<svg xmlns=""http://www.w3.org/2000/svg"" viewBox=""0.0 0.0 200.0 200.0"" height=""200.0px"" width=""200.0px""><path fill=""#000000"" fill-opacity=""1.0""  filling=""0"" d=""M164.40000915527344 36.88007736206055 A5.080078125 5.080078125 0.0 0 0 159.24005126953125 41.86991882324219 L159.24005126953125 57.30000305175781 C145.8400421142578 40.49004364013672 124.89999389648438 30.059959411621094 101.95995330810547 30.059959411621094 C66.1099624633789 30.059959411621094 35.830078125 55.459957122802734 30.49004364013672 89.4000015258789 A5.019921779632568 5.019921779632568 0.0 0 0 34.819923400878906 95.09003448486328 A5.140038967132568 5.140038967132568 0.0 0 0 40.70000076293945 90.89999389648438 C45.269920349121094 61.819923400878906 71.24003601074219 40.04999923706055 101.95995330810547 40.04999923706055 C127.3499984741211 40.04999923706055 149.89004516601562 54.959957122802734 159.34002685546875 77.31991577148438 C159.84002685546875 78.5 160.75 79.4000015258789 161.85000610351562 79.919921875 A5.299999713897705 5.299999713897705 0.0 0 0 164.40000915527344 80.5699234008789 A5.080078125 5.080078125 0.0 0 0 169.55995178222656 75.580078125 L169.55995178222656 41.88007736206055 A5.059960842132568 5.059960842132568 0.0 0 0 164.40000915527344 36.88007736206055 Z M165.18008422851562 104.90995788574219 A5.140038967132568 5.140038967132568 0.0 0 0 159.3000030517578 109.0999984741211 C154.73007202148438 138.18008422851562 128.75994873046875 159.9499969482422 98.0400390625 159.9499969482422 C72.64999389648438 159.9499969482422 50.10995864868164 145.0400390625 40.65996551513672 122.69003295898438 A5.059960842132568 5.059960842132568 0.0 0 0 38.150001525878906 120.09004211425781 A5.299999713897705 5.299999713897705 0.0 0 0 35.599998474121094 119.4400405883789 A5.080078125 5.080078125 0.0 0 0 30.440040588378906 124.4400405883789 L30.440040588378906 158.14004516601562 C30.440040588378906 160.89999389648438 32.75 163.14002990722656 35.599998474121094 163.14002990722656 A5.080078125 5.080078125 0.0 0 0 40.75995635986328 158.14004516601562 L40.75995635986328 142.7099609375 C54.15996170043945 159.51992797851562 75.0999984741211 169.9499969482422 98.0400390625 169.9499969482422 C133.89004516601562 169.9499969482422 164.169921875 144.5500030517578 169.50994873046875 110.6099624633789 A5.019921779632568 5.019921779632568 0.0 0 0 165.18008422851562 104.90995788574219 Z""></path></svg>"
9bc27fa8e926dec612e192735d63911e,"<svg xmlns=""http://www.w3.org/2000/svg"" viewBox=""0.0 0.0 200.0 200.0"" height=""200.0px"" width=""200.0px""><path fill=""#bfbfbf"" fill-opacity=""1.0""  filling=""0"" d=""M16.666603088378906 183.33340454101562 L183.33340454101562 183.33340454101562 L183.33340454101562 16.666603088378906 L16.666603088378906 183.33340454101562 Z""></path></svg>"
2c381c4126788a6b95c9150dc3a8a3d7,"<svg height=""128"" viewBox=""0 0 128 128"" width=""128"" xmlns=""http://www.w3.org/2000/svg""><path d=""m104.68 44.91-7.44-19.05a2.36 2.36 0 0 0 -2.2-1.51h-55.07a2.36 2.36 0 0 0 -2.2 1.51l-7.42 19.05a2.37 2.37 0 0 0 -.16.86v4.35c0 3.92 2.82 7.25 6.67 8.32l2.33 17.22v21.6c0 .07.02.13.02.19h-.02v6.2h4.73v-4.03h47.17v4.03h4.72v-6.2h-.02c.01-.06.02-.12.02-.19v-21.6l2.33-17.21c3.87-1.07 6.7-4.4 6.7-8.33v-4.35a2.36 2.36 0 0 0 -.16-.86zm-5.66-1.51h-8.75l-1.28-14.32h4.43zm-40.66 0h-8.86l1.27-14.32h8.01zm5.15-14.32h8.01l.42 14.32h-8.86zm-14.43 19.05h9.14l-.06 1.92v.07c0 2.19-2.08 3.97-4.63 3.97-2.53 0-4.59-1.75-4.63-3.91zm13.86 0h9.14l.06 2c-.01 2.18-2.08 3.96-4.63 3.96s-4.62-1.78-4.63-3.96zm13.87 0h9.13l.18 2.05c-.04 2.16-2.09 3.91-4.62 3.91-2.56 0-4.63-1.78-4.63-3.97 0-.03-.01-.05-.01-.07h.01zm-.14-4.73-.42-14.32h8l1.27 14.32zm-35.09-14.32h4.45l-1.27 14.32h-8.75zm-6.67 21.04v-1.99h9.43l-.16 1.78h.01c0 .07-.02.13-.02.21 0 2.19-2.07 3.97-4.63 3.97-2.55 0-4.63-1.78-4.63-3.97zm8.41 20.79-1.67-12.32a9.52 9.52 0 0 0 4.89-2.7 9.82 9.82 0 0 0 13.98 0 9.82 9.82 0 0 0 13.99 0 9.82 9.82 0 0 0 13.98 0 9.52 9.52 0 0 0 4.87 2.69l-1.67 12.32h-48.37zm52.16-16.82c-2.55 0-4.63-1.78-4.63-3.97 0-.07-.01-.14-.02-.21h.01l-.15-1.78h9.42v1.99c0 2.19-2.08 3.97-4.63 3.97z""/></svg>"
a039891794356a93f0b690fc9bdc1a54,"<svg xmlns=""http://www.w3.org/2000/svg"" viewBox=""0.0 0.0 200.0 200.0"" height=""200.0px"" width=""200.0px""><path fill="""" fill-opacity=""1.0""  filling=""0"" d=""M162.5390625 28.75 L37.460933685302734 28.75 L26.7578125 71.5234375 L35.8984375 71.5234375 L35.8984375 171.25 L78.6328125 171.25 L78.6328125 114.2578125 L121.3671875 114.2578125 L121.3671875 171.25 L164.1015625 171.25 L164.1015625 71.5234375 L173.2421875 71.5234375 L162.5390625 28.75 Z M64.375 142.734375 L50.1171875 142.734375 L50.1171875 128.4765625 L64.375 128.4765625 L64.375 142.734375 Z M78.6328125 100.0 L64.375 100.0 L64.375 85.7421875 L78.6328125 85.7421875 L78.6328125 100.0 Z M107.10938262939453 100.0 L92.8515625 100.0 L92.8515625 85.7421875 L107.10938262939453 85.7421875 L107.10938262939453 100.0 Z M121.3671875 85.7421875 L135.625 85.7421875 L135.625 100.0 L121.3671875 100.0 L121.3671875 85.7421875 Z M149.8828125 142.734375 L135.625 142.734375 L135.625 128.4765625 L149.8828125 128.4765625 L149.8828125 142.734375 Z M92.890625 128.4765625 L107.14842987060547 128.4765625 L107.14842987060547 171.2109375 L92.890625 171.2109375 L92.890625 128.4765625 Z""></path></svg>"
2de7509b-b4b1-44c9-b134-e79d09773c1a,"<svg fill=""none"" height=""128"" viewBox=""0 0 24 24"" width=""128"" xmlns=""http://www.w3.org/2000/svg""><path clip-rule=""evenodd"" d=""m12 3c-2.76 0-5 2.24-5 5 0 2.42 1.72 4.44 4 4.9v2.1h-3v2h3v4h2v-4h3v-2h-3v-2.1c2.28-.46 4-2.48 4-4.9 0-2.76-2.24-5-5-5zm-3 5c0 1.66 1.34 3 3 3s3-1.34 3-3-1.34-3-3-3-3 1.34-3 3z"" fill=""#000000"" fill-rule=""evenodd""/></svg>"
31ad93a7cf6591716bbc0ce785f8bb71,"<svg xmlns=""http://www.w3.org/2000/svg"" viewBox=""0.0 0.0 200.0 200.0"" height=""200.0px"" width=""200.0px""><path fill="""" fill-opacity=""1.0""  filling=""0"" d=""M168.75 12.5 L31.640625 12.5 C24.765625 12.5 19.140625 18.125 19.140625 25.0 L19.140625 175.0 C19.140625 181.875 24.765625 187.5 31.640625 187.5 L168.75 187.5 C175.625 187.5 181.25 181.875 181.25 175.0 L181.25 25.0 C181.25 18.125 175.625 12.5 168.75 12.5 Z M168.75 174.98046875 L168.73046875 175.0 L31.66015625 175.0 L31.640625 174.98046875 L31.640625 25.01953125 L31.66015625 25.0 L168.73046875 25.0 L168.75 25.01953125 L168.75 174.98046875 Z M75.60546875 35.76171875 C74.00390625 35.76171875 72.40234375 36.367191314697266 71.19140625 37.59765625 L61.25 47.5390625 L57.382808685302734 43.671875 C56.171875 42.4609375 54.5703125 41.835941314697266 52.968753814697266 41.835941314697266 C51.3671875 41.835941314697266 49.765621185302734 42.441402435302734 48.5546875 43.671875 C46.11328125 46.11328125 46.11328125 50.078125 48.5546875 52.51953125 L52.421875 56.386722564697266 L56.8359375 60.800777435302734 C58.046878814697266 62.01171875 59.6484375 62.636722564697266 61.25 62.636722564697266 C62.851558685302734 62.636722564697266 64.453125 62.03125 65.6640625 60.800777435302734 L70.078125 56.386722564697266 L80.01953125 46.445308685302734 C82.4609375 44.003902435302734 82.4609375 40.0390625 80.01953125 37.59765625 C78.80859375 36.367191314697266 77.20703125 35.76171875 75.60546875 35.76171875 Z M145.3125 42.94921875 L100.390625 42.94921875 C96.93359375 42.94921875 94.140625 45.742191314697266 94.140625 49.19921875 C94.140625 52.65625 96.93359375 55.44921875 100.390625 55.44921875 L145.3125 55.44921875 C148.76953125 55.44921875 151.5625 52.65625 151.5625 49.19921875 C151.5625 45.742191314697266 148.76953125 42.94921875 145.3125 42.94921875 Z M80.01953125 77.05078125 C78.80859375 75.83984375 77.20703125 75.21484375 75.60546875 75.21484375 C74.00390625 75.21484375 72.40234375 75.8203125 71.19140625 77.05078125 L61.25 86.9921875 L57.382808685302734 83.125 C56.171875 81.9140625 54.5703125 81.2890625 52.968753814697266 81.2890625 C51.3671875 81.2890625 49.765621185302734 81.89453125 48.5546875 83.125 C46.11328125 85.56640625 46.11328125 89.53125 48.5546875 91.97265625 L52.421875 95.83984375 L56.8359375 100.25390625 C58.046878814697266 101.46484375 59.6484375 102.08984375 61.25 102.08984375 C62.851558685302734 102.08984375 64.453125 101.48436737060547 65.6640625 100.25390625 L70.078125 95.83984375 L80.01953125 85.8984375 C82.4609375 83.4375 82.4609375 79.4921875 80.01953125 77.05078125 Z M145.3125 82.40234375 L100.390625 82.40234375 C96.93359375 82.40234375 94.140625 85.1953125 94.140625 88.65234375 C94.140625 92.109375 96.93359375 94.90234375 100.390625 94.90234375 L145.3125 94.90234375 C148.76953125 94.90234375 151.5625 92.109375 151.5625 88.65234375 C151.5625 85.1953125 148.76953125 82.40234375 145.3125 82.40234375 Z""></path></svg>"
08bb21af456700fada1ac15ec4d32754,"<svg xmlns=""http://www.w3.org/2000/svg"" viewBox=""0.0 0.0 200.0 200.0"" height=""200.0px"" width=""200.0px""><path fill="""" fill-opacity=""1.0""  filling=""0"" d=""M200.06973266601562 146.66659545898438 C200.06973266601562 156.66659545898438 196.06973266601562 158.66659545898438 180.736328125 158.66659545898438 C176.736328125 120.0 157.40292358398438 101.33340454101562 137.40292358398438 92.0 C150.736328125 74.0 151.40292358398438 48.0 138.736328125 28.666603088378906 C154.06971740722656 24.0 170.06973266601562 34.666595458984375 174.06973266601562 51.333396911621094 C177.40292358398438 66.0 170.736328125 82.0 157.40292358398438 88.0 C182.736328125 94.6666030883789 200.06973266601562 118.6666030883789 200.06973266601562 146.66659545898438 Z M118.06973266601562 95.3333969116211 C142.736328125 100.6666030883789 171.40292358398438 117.99999237060547 171.40292358398438 168.0 C171.40292358398438 181.33340454101562 154.736328125 181.33340454101562 100.736328125 181.33340454101562 C46.06972885131836 181.33340454101562 30.069725036621094 181.33340454101562 30.069725036621094 168.0 C30.069725036621094 118.6666030883789 58.736331939697266 100.6666030883789 83.4029312133789 95.3333969116211 C64.0697250366211 84.6666030883789 57.402931213378906 60.000003814697266 66.73652648925781 39.999996185302734 C76.07011413574219 20.0 99.40312194824219 12.666603088378906 117.40312194824219 23.333396911621094 C135.4031219482422 34.00019073486328 142.73651123046875 58.66659927368164 132.7365264892578 78.0 C129.4031219482422 86.0 124.06991577148438 91.33340454101562 118.0699234008789 95.3333969116211 L118.06973266601562 95.3333969116211 Z M62.736328125 92.0 C42.736328125 101.33340454101562 23.402931213378906 120.66659545898438 19.402931213378906 158.66659545898438 C4.069725036621094 158.66659545898438 0.06972503662109375 156.66659545898438 0.06972503662109375 146.66659545898438 C-1.2636642456054688 118.6666030883789 16.736328125 94.0 42.06972885131836 88.0 C27.402923583984375 80.6666030883789 20.736328125 62.66659927368164 27.402923583984375 46.66659927368164 C33.402931213378906 32.666603088378906 47.402931213378906 25.333396911621094 61.40292739868164 29.333404541015625 C48.736328125 48.0 49.40292739868164 73.33340454101562 62.736328125 92.0 Z""></path></svg>"
45edfe755f4b2466bbf0d84ea7d15401,"<svg xmlns=""http://www.w3.org/2000/svg"" viewBox=""0.0 0.0 200.0 200.0"" height=""200.0px"" width=""200.0px""><path fill=""#181818"" fill-opacity=""1.0""  filling=""0"" d=""M71.42851257324219 107.14276885986328 L14.285743713378906 71.42851257324219 L71.42851257324219 35.714256286621094 L71.42851257324219 64.2857437133789 L139.28573608398438 64.2857437133789 A46.42851638793945 46.42851638793945 0.0 1 1 139.28573608398438 157.14276123046875 L71.42851257324219 157.14276123046875 L71.42851257324219 142.85723876953125 L139.28573608398438 142.85723876953125 A32.14277267456055 32.14277267456055 0.0 0 0 140.8000030517578 78.60722351074219 L139.28573608398438 78.57148742675781 L71.42851257324219 78.57148742675781 L71.42851257324219 107.14276885986328 Z""></path></svg>"
7b8fc50363222eaf0d9371d86bb448e7,"<svg xmlns=""http://www.w3.org/2000/svg"" viewBox=""0.0 0.0 200.0 200.0"" height=""200.0px"" width=""200.0px""><path fill=""#C6C6C6"" fill-opacity=""1.0""  filling=""0"" d=""M200.0 177.35000610351562 C200.0 177.35000610351562 180.83700561523438 69.01200103759766 83.33699798583984 69.01200103759766 L83.33699798583984 27.337997436523438 L0.0 102.33799743652344 L83.33699798583984 172.33700561523438 L83.33699798583984 124.2750015258789 C136.25 124.2750015258789 172.39999389648438 128.89999389648438 200.0 177.35000610351562 L200.0 177.35000610351562 Z""></path></svg>"
a9805813b67720210604c1200c2da2b6,"<svg xmlns=""http://www.w3.org/2000/svg"" viewBox=""0.0 0.0 200.0 200.0"" height=""200.0px"" width=""200.0px""><path fill=""currentColor"" fill-opacity=""1.0""  filling=""0"" d=""M43.34400177001953 140.125 L93.40599822998047 172.5 C95.40599822998047 173.81199645996094 97.71900177001953 174.43800354003906 100.03099822998047 174.43800354003906 C102.28099822998047 174.43800354003906 104.59400177001953 173.81199645996094 106.59400177001953 172.5 L156.656005859375 140.125 C160.156005859375 137.875 162.218994140625 134.06199645996094 162.218994140625 129.875 L162.218994140625 37.75 C162.218994140625 31.061996459960938 156.781005859375 25.561996459960938 150.031005859375 25.561996459960938 L49.96900177001953 25.561996459960938 C43.28099822998047 25.561996459960938 37.78099822998047 31.061996459960938 37.78099822998047 37.75 L37.78099822998047 129.875 C37.78099822998047 134.06199645996094 39.84400177001953 137.875 43.34400177001953 140.125 Z M71.28700256347656 64.45600128173828 A43.805999755859375 43.805999755859375 0.0 0 1 81.2249984741211 86.68099975585938 L60.069000244140625 86.68099975585938 C61.375 78.24400329589844 65.25599670410156 70.5 71.28700256347656 64.45600128173828 Z M81.2249984741211 99.18099975585938 A43.79999923706055 43.79999923706055 0.0 0 1 71.30000305175781 121.41300201416016 A40.16899871826172 40.16899871826172 0.0 0 1 60.069000244140625 99.18099975585938 L81.2249984741211 99.18099975585938 Z M100.03099822998047 133.375 A40.15599822998047 40.15599822998047 0.0 0 1 81.43099975585938 128.8249969482422 A56.25 56.25 0.0 0 0 93.85600280761719 99.18099975585938 L107.38099670410156 99.18099975585938 A58.84400177001953 58.84400177001953 0.0 0 0 119.00599670410156 128.468994140625 A40.1879997253418 40.1879997253418 0.0 0 1 100.03099822998047 133.375 Z M129.031005859375 64.86299896240234 A40.29399871826172 40.29399871826172 0.0 0 1 139.9250030517578 86.68099975585938 L120.01899719238281 86.68099975585938 A46.3120002746582 46.3120002746582 0.0 0 1 129.02499389648438 64.86900329589844 L129.031005859375 64.86299896240234 Z M139.9250030517578 99.18099975585938 A40.29399871826172 40.29399871826172 0.0 0 1 129.031005859375 121.00599670410156 A46.29399871826172 46.29399871826172 0.0 0 1 120.01899719238281 99.18099975585938 L139.9250030517578 99.18099975585938 Z M119.0 57.400001525878906 A58.875 58.875 0.0 0 0 107.375 86.68099975585938 L93.85600280761719 86.68099975585938 A56.26300048828125 56.26300048828125 0.0 0 0 81.43099975585938 57.04999923706055 A40.150001525878906 40.150001525878906 0.0 0 1 100.03099822998047 52.5 C106.70600128173828 52.5 113.18099975585938 54.28099822998047 119.0 57.400001525878906 Z""></path></svg>"
d3d3a5bc95f33a9ea00a407f3a8ee393,"<svg xmlns=""http://www.w3.org/2000/svg"" viewBox=""0.0 0.0 200.0 200.0"" height=""200.0px"" width=""200.0px""><path fill="""" fill-opacity=""1.0""  filling=""0"" d=""M121.5 127.0 L86.0 127.0 C80.5 127.0 75.5 123.5 74.0 117.99999237060547 L64.0 83.5 L61.5 75.0 L56.5 73.5 C55.0 73.0 54.5 71.5 55.0 70.5 C55.5 69.0 57.0 68.5 58.0 69.0 L64.0 71.0 C65.0 71.0 65.5 72.0 65.5 72.5 L68.0 80.5 L133.0 85.0 C135.0 85.0 137.5 86.5 138.5 88.0 C140.0 90.0 140.0 92.0 139.5 94.5 L133.5 117.99999237060547 C132.0 123.5 127.0 127.0 121.5 127.0 Z M70.0 85.5 L79.0 116.5 C80.0 119.50000762939453 83.0 122.0 86.0 122.0 L121.5 122.0 C125.0 122.0 128.0 119.50000762939453 128.5 116.5 L134.5 93.0 C134.5 92.5 134.5 91.5 134.0 91.0 C133.5 90.5 133.0 90.0 132.0 90.0 L70.0 85.5 Z M84.5 142.0 C79.0 142.0 74.5 137.5 74.5 132.0 C74.5 126.5 79.0 122.0 84.5 122.0 C90.0 122.0 94.5 126.5 94.5 132.0 C94.5 137.5 90.0 142.0 84.5 142.0 Z M84.5 127.0 C81.5 127.0 79.5 129.0 79.5 132.0 C79.5 135.0 81.5 137.0 84.5 137.0 C87.5 137.0 89.5 135.0 89.5 132.0 C89.5 129.0 87.0 127.0 84.5 127.0 Z M121.0 142.0 C115.5 142.0 111.0 137.5 111.0 132.0 C111.0 126.5 115.5 122.0 121.0 122.0 C126.5 122.0 131.0 126.5 131.0 132.0 C131.0 137.5 126.5 142.0 121.0 142.0 Z M121.0 127.0 C117.99999237060547 127.0 116.0 129.0 116.0 132.0 C116.0 135.0 117.99999237060547 137.0 121.0 137.0 C124.0 137.0 126.0 135.0 126.0 132.0 C126.0 129.0 124.0 127.0 121.0 127.0 Z""></path></svg>"
22e173a9-bc71-4d0d-84cf-1142060333ce,"<svg fill=""none"" height=""128"" viewBox=""0 0 24 24"" width=""128"" xmlns=""http://www.w3.org/2000/svg""><g stroke=""#71717a"" stroke-linecap=""round"" stroke-linejoin=""round"" stroke-width=""1.5""><path d=""m9 17.25v2.25c0 .4.16.78.44 1.06s.66.44 1.06.44h3c.4 0 .78-.16 1.06-.44s.44-.66.44-1.06v-2.03""/><path d=""m12 .75v1.5""/><path d=""m1.5 11.25h1.5""/><path d=""m3.75 3.75 1.1 1.06""/><path d=""m22.5 11.25h-1.5""/><path d=""m20.25 3.75-1.1 1.06""/><path d=""m8.92 17.25h6.17c1.11-.55 2.04-1.41 2.69-2.47s.99-2.29.97-3.53c-.03-1.78-.75-3.48-2.01-4.74s-2.96-1.98-4.74-2.01c-1.78.03-3.48.75-4.74 2.01s-1.98 2.96-2.01 4.74c-.02 1.25.32 2.47.97 3.53s1.58 1.92 2.7 2.47z""/><path d=""m12 21v2.25""/><path d=""m12 13.5v3.75""/><path d=""m9.75 11.25 2.25 2.25 2.25-2.25""/></g></svg>"
dc5100694058a72a945a134e15530f0b,"<svg xmlns=""http://www.w3.org/2000/svg"" viewBox=""0.0 0.0 200.0 200.0"" height=""200.0px"" width=""200.0px""><path fill=""#000000"" fill-opacity=""1.0""  filling=""0"" d=""M56.25 75.0 L56.25 150.0 A6.25 6.25 0.0 0 1 43.75 150.0 L43.75 75.0 A6.25 6.25 0.0 1 1 56.25 75.0 Z""></path>
<path fill=""#000000"" fill-opacity=""1.0""  filling=""0"" d=""M83.33300018310547 68.75 A6.25 6.25 0.0 0 0 77.08300018310547 75.0 L77.08300018310547 150.0 A6.25 6.25 0.0 0 0 89.58300018310547 150.0 L89.58300018310547 108.33300018310547 A27.08300018310547 27.08300018310547 0.0 0 1 143.75 108.33300018310547 L143.75 150.0 A6.25 6.25 0.0 0 0 156.25 150.0 L156.25 108.33300018310547 A39.58300018310547 39.58300018310547 0.0 0 0 89.58300018310547 79.46700286865234 L89.58300018310547 75.0 A6.25 6.25 0.0 0 0 83.33300018310547 68.75 Z M50.0 58.33300018310547 A8.333000183105469 8.333000183105469 0.0 1 1 50.0 41.66699981689453 A8.333000183105469 8.333000183105469 0.0 0 1 50.0 58.33300018310547 Z""></path></svg>"
72d63427fdc2f627b08d5dfaa6a9918e,"<svg xmlns=""http://www.w3.org/2000/svg"" viewBox=""0.0 0.0 200.0 200.0"" height=""200.0px"" width=""200.0px""><path fill=""#545860"" fill-opacity=""1.0""  filling=""0"" d=""M193.03799438476562 79.75299835205078 C187.96600341796875 73.35600280761719 180.3719940185547 69.68599700927734 172.20599365234375 69.68599700927734 L125.71600341796875 69.68599700927734 C128.25599670410156 62.608001708984375 129.9340057373047 54.91400146484375 130.53199768066406 47.47100067138672 C131.46099853515625 35.89399719238281 129.6820068359375 25.61199951171875 125.38600158691406 17.736000061035156 C120.0999984741211 8.0469970703125 111.10099792480469 2.0029983520507812 99.35900115966797 0.259002685546875 C94.04000091552734 -0.5309982299804688 89.46600341796875 0.48999786376953125 85.76100158691406 3.2969970703125 C78.27400207519531 8.969001770019531 76.9000015258789 19.763999938964844 75.30699920654297 32.263999938964844 C74.03500366210938 42.255001068115234 72.59300231933594 53.58100128173828 67.74700164794922 61.69900131225586 C64.51300048828125 67.11699676513672 58.21900177001953 74.31900024414062 40.959999084472656 74.31900024414062 L22.951004028320312 74.31900024414062 C10.958000183105469 74.31900024414062 1.1999969482421875 84.0719985961914 1.1999969482421875 96.06099700927734 L1.1999969482421875 178.25900268554688 C1.1999969482421875 190.24600219726562 10.958000183105469 200.0 22.951004028320312 200.0 L154.15499877929688 200.0 C160.12899780273438 200.0 165.99400329589844 197.95700073242188 170.67300415039062 194.2469940185547 C175.35400390625 190.53700256347656 178.67999267578125 185.29100036621094 180.0399932861328 179.4770050048828 L198.0919952392578 102.30899810791016 C199.9499969482422 94.36699676513672 198.10800170898438 86.14399719238281 193.03799438476562 79.75299835205078 Z""></path></svg>"
488042cf6eaa01e7845139e79a38e9fe,"<svg xmlns=""http://www.w3.org/2000/svg"" viewBox=""0.0 0.0 200.0 200.0"" height=""200.0px"" width=""200.0px""><path fill="""" fill-opacity=""1.0""  filling=""0"" d=""M100.0 200.0 C44.86249542236328 200.0 0.0 155.13751220703125 0.0 100.0 C0.0 44.86249542236328 44.86249542236328 0.0 100.0 0.0 C155.13751220703125 0.0 200.0 44.86249542236328 200.0 100.0 C200.0 155.13751220703125 155.13751220703125 200.0 100.0 200.0 Z M100.0 12.5 C51.75 12.5 12.5 51.75 12.5 100.0 C12.5 148.2375030517578 51.75 187.5 100.0 187.5 C148.2375030517578 187.5 187.5 148.2375030517578 187.5 100.0 C187.5 51.75 148.2375030517578 12.5 100.0 12.5 Z M100.0 158.33749389648438 A6.25 6.25 0.0 0 1 93.75 152.08749389648438 L93.75 75.52499389648438 L68.0250015258789 52.58749771118164 A6.25 6.25 0.0 1 1 76.3499984741211 43.26250076293945 L106.25 69.9124984741211 L106.25 152.08749389648438 A6.25 6.25 0.0 0 1 100.0 158.33749389648438 Z M100.0 78.9625015258789 A6.25 6.25 0.0 0 1 95.83749389648438 68.04999542236328 L123.6500015258789 43.25 A6.25 6.25 0.0 1 1 131.97499084472656 52.57499694824219 L104.16250610351562 77.375 A6.25 6.25 0.0 0 1 100.0 78.9625015258789 Z M132.9875030517578 87.5 L67.01249694824219 87.5 A6.25 6.25 0.0 0 1 67.01249694824219 75.0 L132.97499084472656 75.0 A6.25 6.25 0.0 0 1 132.9875030517578 87.5 Z M132.9875030517578 118.75 L67.01249694824219 118.75 A6.25 6.25 0.0 0 1 67.01249694824219 106.25 L132.97499084472656 106.25 A6.25 6.25 0.0 0 1 132.9875030517578 118.75 Z""></path></svg>"
f9e624c0e186b0e0f75887c3e2131df1,"<svg xmlns=""http://www.w3.org/2000/svg"" viewBox=""0.0 0.0 200.0 200.0"" height=""200.0px"" width=""200.0px""><path fill="""" fill-opacity=""1.0""  filling=""0"" d=""M100.0 0.0 C44.769142150878906 0.0 0.0 44.769142150878906 0.0 100.0 C0.0 155.23086547851562 44.769142150878906 200.0 100.0 200.0 C155.23086547851562 200.0 200.0 155.23086547851562 200.0 100.0 C200.0 44.769142150878906 155.23086547851562 0.0 100.0 0.0 Z M100.0 184.375 C53.39961242675781 184.375 15.625 146.6003875732422 15.625 100.0 C15.625 53.39961242675781 53.39961242675781 15.625 100.0 15.625 C146.6003875732422 15.625 184.375 53.39961242675781 184.375 100.0 C184.375 146.6003875732422 146.6003875732422 184.375 100.0 184.375 Z M131.25 131.25 L131.25 68.75 L93.75 100.0 L131.25 131.25 Z M56.25 100.0 L93.75 131.25 L93.75 100.0 L93.75 68.75 L56.25 100.0 Z""></path></svg>"
8a7cd1257fb803546c12a12cc321b485,"<svg xmlns=""http://www.w3.org/2000/svg"" viewBox=""0.0 0.0 200.0 200.0"" height=""200.0px"" width=""200.0px""><path fill="""" fill-opacity=""1.0""  filling=""0"" d=""M144.041015625 47.865234375 C119.53711700439453 19.677734375 77.529296875 17.19921875 49.947261810302734 40.427734375 C47.550785064697266 42.4453125 47.453128814697266 46.121097564697266 49.667964935302734 48.335933685302734 C51.66796875 50.3359375 54.83984375 50.41015625 57.0078125 48.593746185302734 C80.759765625 28.697265625 117.1640625 31.431640625 137.4375 56.794921875 C153.705078125 77.146484375 153.705078125 106.62890625 137.4375 126.98046875 C117.77734375 151.578125 82.951171875 154.890625 59.201168060302734 136.92578125 L78.599609375 129.625 C81.388671875 128.57421875 82.798828125 125.462890625 81.75 122.67383575439453 C80.69921875 119.884765625 77.587890625 118.47461700439453 74.798828125 119.5234375 L43.12109375 131.447265625 C40.33203125 132.498046875 38.921875 135.609375 39.970703125 138.3984375 L52.548824310302734 171.81640625 C53.599609375 174.60546875 56.710933685302734 176.015625 59.500003814697266 174.966796875 C62.289066314697266 173.916015625 63.699222564697266 170.8046875 62.650386810302734 168.015625 L54.75 147.025390625 C82.216796875 166.208984375 120.919921875 162.513671875 144.04296875 135.91796875 C165.82421875 110.861328125 165.82421875 72.919921875 144.041015625 47.865234375 Z""></path></svg>"
af7d4afb-4071-40e3-bcfe-2a5587e2dfe3,"<svg fill=""none"" height=""128"" viewBox=""0 0 24 24"" width=""128"" xmlns=""http://www.w3.org/2000/svg""><path d=""m10.77 22h2.46c1.36 0 2.32-1.34 1.89-2.63l-1.79-5.37c-.42-1.28-2.24-1.28-2.66 0l-1.79 5.37c-.43 1.29.53 2.63 1.89 2.63z"" fill=""#323232"" opacity="".1""/><g stroke=""#323232"" stroke-width=""2""><path d=""m13 8c0 .55-.45 1-1 1s-1-.45-1-1 .45-1 1-1 1 .45 1 1z""/><g stroke-linecap=""round""><path d=""m16 11c1.66-1.66 1.66-4.34 0-6""/><path d=""m8 11c-1.66-1.66-1.66-4.34 0-6""/><path d=""m19 13c2.76-2.76 2.76-7.24 0-10""/><path d=""m5 13c-2.76-2.76-2.76-7.24 0-10""/><path d=""m10.77 22h2.46c1.36 0 2.32-1.34 1.89-2.63l-1.79-5.37c-.42-1.28-2.24-1.28-2.66 0l-1.79 5.37c-.43 1.29.53 2.63 1.89 2.63z"" stroke-linejoin=""round""/></g></g></svg>"
aa9f193d583a18aab0b2792f8a98f1fe,"<svg xmlns=""http://www.w3.org/2000/svg"" viewBox=""0.0 0.0 200.0 200.0"" height=""200.0px"" width=""200.0px""><path fill=""#231815"" fill-opacity=""1.0""  filling=""0"" d=""M138.0 173.60000610351562 C137.0399932861328 173.60000610351562 136.0 173.60000610351562 134.8800048828125 173.52000427246094 C133.83999633789062 173.60000610351562 132.8800048828125 173.60000610351562 132.0 173.60000610351562 L52.0 173.60000610351562 C26.639999389648438 173.60000610351562 6.0 152.9600067138672 6.0 127.5999984741211 C6.0 104.16000366210938 23.599998474121094 84.80000305175781 46.2400016784668 82.0 C46.08000183105469 80.4000015258789 46.0 78.80000305175781 46.0 77.19999694824219 C46.0 49.20000076293945 68.80000305175781 26.400001525878906 96.80000305175781 26.400001525878906 C119.04000091552734 26.400001525878906 138.72000122070312 41.119998931884766 145.27999877929688 62.08000183105469 C172.9600067138672 65.68000030517578 194.0 89.27999877929688 194.0 117.5999984741211 C194.0 148.47999572753906 168.8800048828125 173.60000610351562 138.0 173.60000610351562 Z M134.8000030517578 161.52000427246094 L135.1999969482422 161.52000427246094 C136.32000732421875 161.60000610351562 137.1999969482422 161.60000610351562 138.0 161.60000610351562 C162.24000549316406 161.60000610351562 182.0 141.83999633789062 182.0 117.5999984741211 C182.0 94.16000366210938 163.67999267578125 74.87999725341797 140.24000549316406 73.68000030517578 C137.52000427246094 73.5199966430664 135.27999877929688 71.5999984741211 134.63999938964844 68.95999908447266 C130.8800048828125 51.279998779296875 114.95999908447266 38.400001525878906 96.80000305175781 38.400001525878906 C75.44000244140625 38.400001525878906 58.0 55.84000015258789 58.0 77.19999694824219 C58.0 80.23999786376953 58.31999969482422 83.27999877929688 59.040000915527344 86.23999786376953 C59.439998626708984 88.0 59.040000915527344 89.91999816894531 57.91999816894531 91.36000061035156 C56.79999923706055 92.80000305175781 55.040000915527344 93.68000030517578 53.20000076293945 93.68000030517578 L52.0 93.68000030517578 C33.279998779296875 93.68000030517578 18.0 108.95999908447266 18.0 127.68000030517578 C18.0 146.39999389648438 33.279998779296875 161.60000610351562 52.0 161.60000610351562 L132.0 161.60000610351562 C132.72000122070312 161.60000610351562 133.44000244140625 161.60000610351562 134.39999389648438 161.52000427246094 L134.8000030517578 161.52000427246094 Z""></path></svg>"
323e864133b581e07a8c628d290bd4e7,"<svg xmlns=""http://www.w3.org/2000/svg"" viewBox=""0.0 0.0 200.0 200.0"" height=""200.0px"" width=""200.0px""><path fill=""#2980FF"" fill-opacity=""1.0""  filling=""0"" d=""M156.4285125732422 125.7142562866211 C145.0 125.7142562866211 135.0 132.8572235107422 130.0 142.85723876953125 L76.42851257324219 97.14277648925781 L132.14276123046875 61.42851638793945 C137.1427764892578 69.2857437133789 146.4285125732422 74.28573608398438 156.4285125732422 74.28573608398438 C172.14276123046875 74.28573608398438 185.71426391601562 61.42851638793945 185.71426391601562 45.0 C185.71426391601562 28.571487426757812 172.8572235107422 15.714256286621094 156.4285125732422 15.714256286621094 C140.0 15.714256286621094 127.14277648925781 28.571487426757812 127.14277648925781 45.0 C127.14277648925781 47.14277267456055 127.85723114013672 50.0 127.85723114013672 52.14277648925781 L70.71426391601562 88.57147979736328 C67.14277648925781 76.42851257324219 56.42851638793945 67.85722351074219 42.85723114013672 67.85722351074219 C27.142776489257812 67.14277648925781 14.285743713378906 80.7142562866211 14.285743713378906 96.42851257324219 C14.285743713378906 112.14277648925781 27.142776489257812 125.7142562866211 43.57148361206055 125.7142562866211 C56.42851638793945 125.7142562866211 67.14277648925781 117.14277648925781 71.42851257324219 105.71426391601562 L127.85723114013672 153.5714874267578 L127.85723114013672 154.28573608398438 C127.85723114013672 170.71426391601562 140.71424865722656 183.57147216796875 157.14276123046875 183.57147216796875 C173.57147216796875 183.57147216796875 186.4285125732422 170.71426391601562 186.4285125732422 154.28573608398438 C186.4285125732422 137.8572235107422 172.8572235107422 125.7142562866211 156.4285125732422 125.7142562866211 Z M156.4285125732422 26.428512573242188 C167.1427764892578 26.428512573242188 175.0 35.0 175.0 45.0 C175.0 55.0 167.1427764892578 64.2857437133789 156.4285125732422 64.2857437133789 C145.71426391601562 64.2857437133789 137.8572235107422 55.714256286621094 137.8572235107422 45.71426010131836 C137.8572235107422 35.714256286621094 146.4285125732422 26.428512573242188 156.4285125732422 26.428512573242188 Z M43.57148361206055 115.71424865722656 C32.85722351074219 115.71424865722656 25.0 107.14276885986328 25.0 97.14277648925781 C25.0 87.14276885986328 33.57147979736328 78.57148742675781 43.57148361206055 78.57148742675781 C53.57148742675781 78.57148742675781 62.14277267456055 87.14276885986328 62.14277267456055 97.14277648925781 C62.14277267456055 107.14276885986328 53.57148742675781 115.71424865722656 43.57148361206055 115.71424865722656 Z M156.4285125732422 173.57147216796875 C145.71426391601562 173.57147216796875 137.8572235107422 165.0 137.8572235107422 155.0 C137.8572235107422 144.28573608398438 146.4285125732422 136.4285125732422 156.4285125732422 136.4285125732422 C166.42852783203125 136.4285125732422 175.0 145.0 175.0 155.0 C175.71426391601562 165.0 167.1427764892578 173.57147216796875 156.4285125732422 173.57147216796875 Z""></path></svg>"
b21a4952f41284c5698fc67c88e64868,"<svg xmlns=""http://www.w3.org/2000/svg"" viewBox=""0.0 0.0 200.0 200.0"" height=""200.0px"" width=""200.0px""><path fill=""#999999"" fill-opacity=""1.0""  filling=""0"" d=""M128.4210968017578 136.84219360351562 C126.3158187866211 136.84219360351562 124.7369155883789 136.31582641601562 123.15780639648438 134.73692321777344 L65.26309204101562 75.7894515991211 C62.63164138793945 73.15780639648438 62.63164138793945 68.42109680175781 65.26309204101562 65.26309204101562 C66.8421859741211 63.68417739868164 68.42109680175781 63.157814025878906 70.5263671875 63.157814025878906 C72.63163757324219 63.157814025878906 74.2105484008789 63.68417739868164 75.7894515991211 65.26309204101562 L133.68417358398438 124.2105484008789 C136.31582641601562 126.84219360351562 136.31582641601562 131.57891845703125 133.68417358398438 134.73692321777344 C132.10528564453125 135.78945922851562 130.0 136.84219360351562 128.4210968017578 136.84219360351562 Z""></path>
<path fill=""#999999"" fill-opacity=""1.0""  filling=""0"" d=""M70.5263671875 136.84219360351562 C68.42109680175781 136.84219360351562 66.8421859741211 136.31582641601562 65.26309204101562 134.73692321777344 C62.63164138793945 132.10528564453125 62.63164138793945 127.36835479736328 65.26309204101562 124.2105484008789 L124.2105484008789 65.26309204101562 C125.7894515991211 63.68417739868164 127.36835479736328 63.157814025878906 129.4736328125 63.157814025878906 C131.57891845703125 63.157814025878906 133.15780639648438 63.68417739868164 134.73692321777344 65.26309204101562 C137.3683624267578 67.89472961425781 137.3683624267578 72.63163757324219 134.73692321777344 75.7894515991211 L75.7894515991211 134.73692321777344 C74.2105484008789 135.78945922851562 72.10527038574219 136.84219360351562 70.5263671875 136.84219360351562 Z""></path></svg>"
64c0fdcd4bf1913d365cacdad36c2fe1,"<svg xmlns=""http://www.w3.org/2000/svg"" viewBox=""0.0 0.0 200.0 200.0"" height=""200.0px"" width=""200.0px""><path fill=""#FFFFFF"" fill-opacity=""1.0""  filling=""0"" d=""M100.0 0.0 L100.0 0.0 C200.0 0.0 200.0 0.0 200.0 100.0 L200.0 100.0 C200.0 200.0 200.0 200.0 100.0 200.0 L100.0 200.0 C0.0 200.0 0.0 200.0 0.0 100.0 L0.0 100.0 C0.0 0.0 0.0 0.0 100.0 0.0 Z""></path>
<path fill=""#82D2F7"" fill-opacity=""1.0""  filling=""0"" d=""M115.0 77.5 A10.0 10.0 0.0 1 0 135.0 77.5 A10.0 10.0 0.0 1 0 115.0 77.5 Z""></path>
<path fill=""#046EA7"" fill-opacity=""1.0""  filling=""0"" d=""M93.68000030517578 92.36000061035156 L110.95500183105469 126.91000366210938 A12.5 12.5 0.0 0 1 99.7750015258789 145.0 L65.2249984741211 145.0 A12.5 12.5 0.0 0 1 54.04499816894531 126.91000366210938 L71.31999969482422 92.36000061035156 A12.5 12.5 0.0 0 1 93.68000030517578 92.36000061035156 Z""></path>
<path fill=""#FCCF0A"" fill-opacity=""1.0""  filling=""0"" d=""M131.70700073242188 108.41799926757812 L144.57200622558594 134.14500427246094 A7.5 7.5 0.0 0 1 137.86500549316406 145.0 L112.13500213623047 145.0 A7.5 7.5 0.0 0 1 105.4280014038086 134.14500427246094 L118.29299926757812 108.41799926757812 A7.5 7.5 0.0 0 1 131.70700073242188 108.41799926757812 Z""></path></svg>"
a062b36a-c983-41ea-9902-76638bc8be53,"<svg xmlns=""http://www.w3.org/2000/svg"" viewBox=""0.0 0.0 200.0 200.0"" height=""200.0px"" width=""200.0px""><path fill=""#e7eced"" fill-opacity=""1.0""  filling=""0"" d=""M124.1709976196289 0.0 C100.03299713134766 0.0 86.23999786376953 13.792999267578125 86.23999786376953 13.792999267578125 C86.23999786376953 13.792999267578125 72.44599914550781 0.0 48.30799865722656 0.0 C48.30799865722656 0.0 6.9290008544921875 0.0 6.9290008544921875 31.035003662109375 L6.9290008544921875 39.797000885009766 C6.9290008544921875 56.36899948120117 11.333000183105469 72.76599884033203 20.356002807617188 86.66600036621094 C20.964004516601562 87.5999984741211 21.59100341796875 88.53399658203125 22.25 89.46499633789062 C27.28399658203125 96.61699676513672 28.936004638671875 105.6510009765625 26.54199981689453 114.06500244140625 C23.755996704101562 123.83699798583984 20.722000122070312 137.06900024414062 20.722000122070312 148.2760009765625 C20.722000122070312 148.2760009765625 19.218002319335938 182.572998046875 34.51499938964844 198.71099853515625 C36.74300003051758 201.06199645996094 40.71799850463867 200.03799438476562 41.59400177001953 196.91700744628906 C46.553001403808594 179.2449951171875 63.691001892089844 127.58599853515625 86.23899841308594 127.58599853515625 C93.56999969482422 127.58599853515625 100.32099914550781 133.06199645996094 106.2770004272461 141.04100036621094 L156.96299743652344 77.95800018310547 C162.6909942626953 66.13099670410156 165.5500030517578 53.03099822998047 165.5500030517578 39.79600143432617 L165.5500030517578 31.035003662109375 C165.5500030517578 0.0 124.1709976196289 0.0 124.1709976196289 0.0 Z""></path>
<path fill=""#afb6bb"" fill-opacity=""1.0""  filling=""0"" d=""M55.20500183105469 37.930999755859375 C53.301998138427734 37.930999755859375 51.75699996948242 36.38999938964844 51.75699996948242 34.483001708984375 C51.75699996948242 32.57600402832031 53.301998138427734 31.035003662109375 55.20500183105469 31.035003662109375 C65.17400360107422 31.035003662109375 79.0739974975586 16.99700164794922 83.59100341796875 11.583000183105469 C84.81199645996094 10.116996765136719 86.98400115966797 9.928001403808594 88.4469985961914 11.145004272460938 C89.90799713134766 12.36199951171875 90.1050033569336 14.53399658203125 88.88800048828125 16.0 C87.01899719238281 18.24500274658203 70.18099975585938 37.930999755859375 55.20500183105469 37.930999755859375 Z""></path>
<path fill=""#f2ecbf"" fill-opacity=""1.0""  filling=""0"" d=""M167.0399932861328 76.6449966430664 C151.85699462890625 76.6449966430664 143.1840057373047 85.14600372314453 143.1840057373047 85.14600372314453 C143.1840057373047 85.14600372314453 134.50799560546875 76.6449966430664 119.3290023803711 76.6449966430664 C119.3290023803711 76.6449966430664 93.30500030517578 76.6449966430664 93.30500030517578 95.77300262451172 L93.30500030517578 101.1729965209961 C93.30500030517578 111.38700103759766 96.072998046875 121.49400329589844 101.7490005493164 130.05999755859375 C102.13200378417969 130.63600158691406 102.5260009765625 131.21099853515625 102.93900299072266 131.78399658203125 C106.10800170898438 136.1909942626953 107.14600372314453 141.75999450683594 105.63899993896484 146.9429931640625 C103.88999938964844 152.9669952392578 101.9800033569336 161.11900329589844 101.9800033569336 168.0260009765625 C101.9800033569336 168.0260009765625 101.03500366210938 189.16400146484375 110.65599822998047 199.10800170898438 C112.05999755859375 200.55599975585938 114.55599975585938 199.92599487304688 115.10800170898438 198.00100708007812 C118.22899627685547 187.10800170898438 129.00799560546875 155.2740020751953 143.18699645996094 155.2740020751953 C157.36599731445312 155.2740020751953 168.14599609375 187.11199951171875 171.26600646972656 198.00100708007812 C171.8179931640625 199.92599487304688 174.31399536132812 200.55599975585938 175.71800231933594 199.10800170898438 C185.33900451660156 189.16400146484375 184.3939971923828 168.0260009765625 184.3939971923828 168.0260009765625 C184.3939971923828 161.11900329589844 182.48399353027344 152.96299743652344 180.73599243164062 146.9429931640625 C179.22799682617188 141.75999450683594 180.26600646972656 136.1909942626953 183.43499755859375 131.78399658203125 C183.8489990234375 131.20799255371094 184.24600219726562 130.63299560546875 184.625 130.05999755859375 C190.302001953125 121.49500274658203 193.07000732421875 111.38700103759766 193.07000732421875 101.1729965209961 L193.07000732421875 95.77300262451172 C193.06399536132812 76.6449966430664 167.0399932861328 76.6449966430664 167.0399932861328 76.6449966430664 Z""></path>
<path fill=""#d3cca5"" fill-opacity=""1.0""  filling=""0"" d=""M124.1709976196289 100.0 C122.26699829101562 100.0 120.7229995727539 98.45899963378906 120.7229995727539 96.552001953125 C120.7229995727539 94.6449966430664 122.26699829101562 93.10399627685547 124.1709976196289 93.10399627685547 C129.7570037841797 93.10399627685547 137.26400756835938 85.58000183105469 139.4530029296875 82.94499969482422 C140.67100524902344 81.48600006103516 142.84300231933594 81.28299713134766 144.3090057373047 82.49299621582031 C145.7740020751953 83.70999908447266 145.9770050048828 85.8759994506836 144.76699829101562 87.34500122070312 C143.69500732421875 88.63899993896484 134.01199340820312 100.0 124.1709976196289 100.0 Z""></path></svg>"
156591ee09bef9ff296a7fa6fa8354bb,"<svg xmlns=""http://www.w3.org/2000/svg"" viewBox=""0.0 0.0 200.0 200.0"" height=""200.0px"" width=""200.0px""><path fill="""" fill-opacity=""1.0""  filling=""0"" d=""M100.0 132.41661071777344 L100.0 54.916603088378906 L114.25 88.5833969116211 L150.75 91.6666030883789 L123.08340454101562 115.6666030883789 L131.33340454101562 151.33340454101562 M183.33340454101562 81.1666030883789 L123.4166030883789 76.0833969116211 L100.0 20.833396911621094 L76.5833969116211 76.0833969116211 L16.666603088378906 81.1666030883789 L62.08340072631836 120.58340454101562 L48.5 179.16659545898438 L100.0 148.08340454101562 L151.5 179.16659545898438 L137.83338928222656 120.58340454101562 L183.33340454101562 81.1666030883789 Z""></path></svg>"
ed06fe4128c3e2b58109abdb2ba0d381,"<svg xmlns=""http://www.w3.org/2000/svg"" viewBox=""0.0 0.0 200.0 200.0"" height=""200.0px"" width=""200.0px""><path fill=""currentColor"" fill-opacity=""1.0""  filling=""0"" d=""M55.702999114990234 178.0469970703125 C51.5620002746582 178.0469970703125 47.422000885009766 177.031005859375 43.59400177001953 174.9219970703125 C34.25799560546875 169.88299560546875 28.47699737548828 159.68800354003906 28.47699737548828 148.35899353027344 L28.47699737548828 51.64099884033203 C28.47699737548828 35.27299499511719 40.702999114990234 21.99200439453125 55.702999114990234 21.99200439453125 L144.375 21.99200439453125 C159.375 21.99200439453125 171.6020050048828 35.31199645996094 171.6020050048828 51.64099884033203 L171.6020050048828 148.35899353027344 C171.6020050048828 159.68800354003906 165.82000732421875 169.88299560546875 156.48399353027344 174.9219970703125 C148.16400146484375 179.4530029296875 138.3979949951172 179.0229949951172 130.39100646972656 173.78900146484375 L108.51599884033203 159.49200439453125 C103.31999969482422 156.093994140625 96.83599853515625 156.093994140625 91.60199737548828 159.49200439453125 L69.72699737548828 173.78900146484375 C65.39099884033203 176.6020050048828 60.547000885009766 178.0469970703125 55.702999114990234 178.0469970703125 Z M100.03900146484375 146.7969970703125 C104.88300323486328 146.7969970703125 109.72699737548828 148.2030029296875 114.02300262451172 151.01600646972656 L135.8979949951172 165.31199645996094 C140.82000732421875 168.51600646972656 146.5229949951172 168.75 151.6020050048828 166.01600646972656 C157.656005859375 162.73399353027344 161.406005859375 155.9770050048828 161.406005859375 148.35899353027344 L161.406005859375 51.64099884033203 C161.406005859375 40.89799880981445 153.75 32.10900115966797 144.33599853515625 32.10900115966797 L55.66400146484375 32.10900115966797 C46.25 32.10900115966797 38.59400177001953 40.85900115966797 38.59400177001953 51.64099884033203 L38.59400177001953 148.35899353027344 C38.59400177001953 155.9770050048828 42.34400177001953 162.73399353027344 48.39799880981445 166.01600646972656 C53.47700119018555 168.75 59.21900177001953 168.51600646972656 64.10199737548828 165.31199645996094 L85.97699737548828 151.01600646972656 C90.35199737548828 148.2030029296875 95.19499969482422 146.7969970703125 100.03900146484375 146.7969970703125 Z""></path>
<path fill=""#2AB1E8"" fill-opacity=""1.0""  filling=""0"" d=""M86.75800323486328 109.49199676513672 C84.76599884033203 109.49199676513672 82.77300262451172 108.90599822998047 81.05500030517578 107.69499969482422 C77.89099884033203 105.50800323486328 76.28900146484375 101.7969970703125 76.83599853515625 98.00800323486328 L78.35900115966797 87.69499969482422 L70.74199676513672 80.58599853515625 C67.93000030517578 77.96900177001953 66.875 74.06199645996094 67.96900177001953 70.39099884033203 C69.06199645996094 66.71900177001953 72.10900115966797 64.02300262451172 75.89800262451172 63.39799880981445 L86.1719970703125 61.68000030517578 L90.5469970703125 52.22700119018555 C92.14800262451172 48.75 95.5469970703125 46.52299880981445 99.41400146484375 46.44499969482422 C103.28099822998047 46.367000579833984 106.75800323486328 48.39799880981445 108.51599884033203 51.83599853515625 L113.35900115966797 61.05500030517578 L123.71099853515625 62.30500030517578 C127.53900146484375 62.77299880981445 130.66400146484375 65.31199645996094 131.9530029296875 68.94499969482422 C133.24200439453125 72.5780029296875 132.343994140625 76.52300262451172 129.6479949951172 79.25800323486328 L122.34400177001953 86.71900177001953 L124.33599853515625 96.9530029296875 C125.0780029296875 100.7030029296875 123.63300323486328 104.49199676513672 120.58599853515625 106.83599853515625 C117.53900146484375 109.18000030517578 113.51599884033203 109.56999969482422 110.03900146484375 107.85199737548828 L100.7030029296875 103.2030029296875 L91.60199737548828 108.28099822998047 C90.11699676513672 109.06300354003906 88.43800354003906 109.49199676513672 86.75800323486328 109.49199676513672 Z M77.89099884033203 73.35900115966797 L85.35199737548828 80.31199645996094 C87.77300262451172 82.5780029296875 88.90599822998047 85.85900115966797 88.43800354003906 89.10199737548828 L86.9530029296875 99.18000030517578 L95.85900115966797 94.21900177001953 C98.75 92.61699676513672 102.22699737548828 92.53900146484375 105.19499969482422 93.98400115966797 L114.33599853515625 98.51599884033203 L112.38300323486328 88.51599884033203 C111.75800323486328 85.27300262451172 112.73400115966797 81.9530029296875 115.03900146484375 79.56999969482422 L122.18800354003906 72.26599884033203 L112.06999969482422 71.01599884033203 C108.78900146484375 70.625 105.93800354003906 68.63300323486328 104.41400146484375 65.7030029296875 L99.68800354003906 56.68000030517578 L95.39099884033203 65.93800354003906 C93.98400115966797 68.94499969482422 91.21099853515625 71.05500030517578 87.96900177001953 71.60199737548828 L77.89099884033203 73.35900115966797 Z""></path></svg>"
ce3b6c429f39d502344ac6f7735f723e,"<svg xmlns=""http://www.w3.org/2000/svg"" viewBox=""0.0 0.0 200.0 200.0"" height=""200.0px"" width=""200.0px""><path fill=""#9DA7B2"" fill-opacity=""1.0""  filling=""0"" d=""M173.06640625 12.5 L26.19140625 12.5 C18.45703125 12.5 12.12890625 18.828125 12.12890625 26.5625 L12.12890625 173.4375 C12.12890625 181.171875 18.45703125 187.5 26.19140625 187.5 L173.06640625 187.5 C180.80078125 187.5 187.12890625 181.171875 187.12890625 173.4375 L187.12890625 26.5625 C187.12890625 18.828125 180.80078125 12.5 173.06640625 12.5 Z M142.20703125 107.03125 L106.26952362060547 107.03125 L106.26952362060547 142.96875 C106.26952362060547 146.85546875 103.125 150.0 99.23828125 150.0 C95.3515625 150.0 92.20703125 146.85546875 92.20703125 142.96875 L92.20703125 107.03125 L56.26953125 107.03125 C52.382816314697266 107.03125 49.23828125 103.88672637939453 49.23828125 100.0 C49.23828125 96.11328125 52.382816314697266 92.96875 56.26953125 92.96875 L92.20703125 92.96875 L92.20703125 57.03125 C92.20703125 53.14453125 95.3515625 50.0 99.23828125 50.0 C103.125 50.0 106.26952362060547 53.14453125 106.26952362060547 57.03125 L106.26952362060547 92.96875 L142.20703125 92.96875 C146.09375 92.96875 149.23828125 96.11328125 149.23828125 100.0 C149.23828125 103.88672637939453 146.09375 107.03125 142.20703125 107.03125 Z""></path></svg>"
36489f49-310a-4c51-9f7d-0eab2ac0b3fe,"<svg fill=""none"" height=""128"" viewBox=""0 0 28 28"" width=""128"" xmlns=""http://www.w3.org/2000/svg""><g fill=""#212121""><path d=""m8.75 2c-1.52 0-2.75 1.23-2.75 2.75v5.13c.87-.59 2.07-.49 2.84.28l3 3c.88.88.88 2.3 0 3.18l-3 3c-.77.77-1.97.87-2.84.28v3.63c0 1.52 1.23 2.75 2.75 2.75h10.5c1.52 0 2.75-1.23 2.75-2.75v-3.63c-.87.59-2.07.49-2.84-.28l-3-3c-.88-.88-.88-2.3 0-3.18l3-3c.77-.77 1.97-.87 2.84-.28v-5.13c0-1.52-1.23-2.75-2.75-2.75z""/><path d=""m6.72 12.28 1.72 1.72h-4.69c-.41 0-.75.34-.75.75s.34.75.75.75h4.69l-1.72 1.72c-.29.29-.29.77 0 1.06s.77.29 1.06 0l3-3c.04-.04.07-.08.1-.12.19-.29.16-.68-.1-.94l-3-3c-.04-.04-.08-.07-.12-.1-.29-.19-.68-.16-.94.1-.29.29-.29.77 0 1.06z""/><path d=""m21.28 12.28-1.72 1.72h4.69c.41 0 .75.34.75.75s-.34.75-.75.75h-4.69l1.72 1.72c.29.29.29.77 0 1.06s-.77.29-1.06 0l-3-3c-.04-.04-.07-.08-.1-.12-.19-.29-.16-.68.1-.94l3-3c.29-.29.77-.29 1.06 0s.29.77 0 1.06z""/></g></svg>"
949609e244d614218b23f50c5509c614,"<svg xmlns=""http://www.w3.org/2000/svg"" viewBox=""0.0 0.0 200.0 200.0"" height=""200.0px"" width=""200.0px""><path fill=""#5AC8FA"" fill-opacity=""1.0""  filling=""0"" d=""M80.0 120.0 L150.0 120.0 L150.0 180.0 L70.0 180.0 L70.0 130.0 C70.0 124.0 74.0 120.0 80.0 120.0 Z""></path>
<path fill="""" fill-opacity=""1.0""  filling=""0"" d=""M39.999996185302734 20.0 L30.0 20.0 C24.0 20.0 20.0 24.0 20.0 30.0 L20.0 170.0 C20.0 176.0 24.0 180.0 30.0 180.0 L39.999996185302734 180.0 L39.999996185302734 120.0 C39.999996185302734 109.0 49.0 100.0 60.000003814697266 100.0 L140.0 100.0 C151.0 100.0 160.0 109.0 160.0 120.0 L160.0 180.0 L170.0 180.0 C176.0 180.0 180.0 176.0 180.0 170.0 L180.0 78.0 C180.0 75.0 179.0 73.0 177.0 71.0 L129.0 23.0 C127.0 21.0 124.0 20.0 122.0 20.0 L50.0 20.0 L50.0 50.0 C50.0 58.0 57.0 65.0 65.0 65.0 L125.0 65.0 C128.0 65.0 130.0 67.0 130.0 70.0 C130.0 73.0 128.0 75.0 125.0 75.0 L65.0 75.0 C51.0 75.0 39.999996185302734 64.0 39.999996185302734 50.0 L39.999996185302734 20.0 Z M122.0 10.0 C127.0 10.0 132.0 12.0 136.0 16.0 L184.0 64.0 C188.0 68.0 190.0 73.0 190.0 78.0 L190.0 170.0 C190.0 181.0 181.0 190.0 170.0 190.0 L30.0 190.0 C19.0 190.0 10.0 181.0 10.0 170.0 L10.0 30.0 C10.0 19.0 19.0 10.0 30.0 10.0 L122.0 10.0 Z M50.0 180.0 L150.0 180.0 L150.0 120.0 C150.0 114.0 146.0 110.0 140.0 110.0 L60.000003814697266 110.0 C54.000003814697266 110.0 50.0 114.0 50.0 120.0 L50.0 180.0 Z""></path></svg>"
85332760f9d829ead4a9d30ffc913d6a,"<svg height=""128"" viewBox=""0 0 48 48"" width=""128"" xmlns=""http://www.w3.org/2000/svg""><g fill=""none"" stroke=""#000000"" stroke-linecap=""round"" stroke-linejoin=""round""><circle cx=""10"" cy=""10"" r=""4.5""/><circle cx=""38"" cy=""10"" r=""4.5""/><circle cx=""24"" cy=""10"" r=""4.5""/><circle cx=""10"" cy=""24"" r=""4.5""/><circle cx=""38"" cy=""24"" r=""4.5""/><circle cx=""10"" cy=""38"" r=""4.5""/><circle cx=""38"" cy=""38"" r=""4.5""/><circle cx=""24"" cy=""38"" r=""4.5""/><path d=""m23.13 19.5-4.62 8a1 1 0 0 0 .87 1.5h9.24a1 1 0 0 0 .87-1.5l-4.62-8a1 1 0 0 0 -1.74 0z""/></g></svg>"
dd968c952a9ed6b1e3af66e050aca87a,"<svg xmlns=""http://www.w3.org/2000/svg"" viewBox=""0.0 0.0 200.0 200.0"" height=""200.0px"" width=""200.0px""><path fill="""" fill-opacity=""1.0""  filling=""0"" d=""M180.125 49.374996185302734 L102.0 19.375 A9.0 9.0 0.0 0 0 95.25 19.375 L17.125 49.374996185302734 C13.5 50.75 11.125 54.25 11.125 58.125 L11.125 153.0 C11.125 156.875 13.5 160.375 17.125 161.75 L95.25 191.75 C96.375 192.125 97.5 192.375 98.625 192.375 C99.75 192.375 100.875 192.125 102.0 191.75 L180.125 161.75 C183.75 160.375 186.125 156.875 186.125 153.0 L186.125 58.125 C186.125 54.25 183.75 50.75 180.125 49.374996185302734 Z M98.625 38.125003814697266 L160.0 61.75 L98.625 85.375 L37.25 61.75 L98.625 38.125003814697266 Z M29.87500762939453 146.5 L29.87500762939453 79.0 L87.875 101.25000762939453 L87.875 168.75 L29.87500762939453 146.5 Z M98.375 172.875 L98.875 172.875 L98.625 173.0 L98.375 172.875 Z M167.375 146.5 L106.625 169.875 L106.625 102.37499237060547 L167.375 79.0 L167.375 146.5 Z""></path></svg>"
e58231d097154095199ff717ddde87be,"<svg xmlns=""http://www.w3.org/2000/svg"" viewBox=""0.0 0.0 200.0 200.0"" height=""200.0px"" width=""200.0px""><path fill=""#333333"" fill-opacity=""1.0""  filling=""0"" d=""M100.0 27.777999877929688 C60.178001403808594 27.777999877929688 27.777999877929688 60.178001403808594 27.777999877929688 100.0 C27.777999877929688 139.82200622558594 60.178001403808594 172.2220001220703 100.0 172.2220001220703 C139.82200622558594 172.2220001220703 172.2220001220703 139.82200622558594 172.2220001220703 100.0 C172.2220001220703 60.178001403808594 139.82200622558594 27.777999877929688 100.0 27.777999877929688 M100.0 183.33299255371094 C54.04999923706055 183.33299255371094 16.66699981689453 145.9499969482422 16.66699981689453 100.0 C16.66699981689453 54.04999923706055 54.04999923706055 16.66699981689453 100.0 16.66699981689453 C145.9499969482422 16.66699981689453 183.33299255371094 54.04999923706055 183.33299255371094 100.0 C183.33299255371094 145.9499969482422 145.9499969482422 183.33299255371094 100.0 183.33299255371094""></path>
<path fill=""#333333"" fill-opacity=""1.0""  filling=""0"" d=""M72.22200012207031 72.22200012207031 C66.09500122070312 72.22200012207031 61.111000061035156 77.20500183105469 61.111000061035156 83.33300018310547 C61.111000061035156 89.46099853515625 66.09500122070312 94.44499969482422 72.22200012207031 94.44499969482422 C78.3499984741211 94.44499969482422 83.33300018310547 89.46099853515625 83.33300018310547 83.33300018310547 C83.33300018310547 77.20500183105469 78.3499984741211 72.22200012207031 72.22200012207031 72.22200012207031 M72.22200012207031 100.0 C63.03300094604492 100.0 55.55500030517578 92.52200317382812 55.55500030517578 83.33300018310547 C55.55500030517578 74.1449966430664 63.03300094604492 66.66699981689453 72.22200012207031 66.66699981689453 C81.41100311279297 66.66699981689453 88.88899993896484 74.1449966430664 88.88899993896484 83.33300018310547 C88.88899993896484 92.52200317382812 81.41100311279297 100.0 72.22200012207031 100.0 M127.77799987792969 72.22200012207031 C121.6500015258789 72.22200012207031 116.66699981689453 77.20500183105469 116.66699981689453 83.33300018310547 C116.66699981689453 89.46099853515625 121.6500015258789 94.44499969482422 127.77799987792969 94.44499969482422 C133.90499877929688 94.44499969482422 138.88900756835938 89.46099853515625 138.88900756835938 83.33300018310547 C138.88900756835938 77.20500183105469 133.90499877929688 72.22200012207031 127.77799987792969 72.22200012207031 M127.77799987792969 100.0 C118.58899688720703 100.0 111.11100006103516 92.52200317382812 111.11100006103516 83.33300018310547 C111.11100006103516 74.1449966430664 118.58899688720703 66.66699981689453 127.77799987792969 66.66699981689453 C136.9669952392578 66.66699981689453 144.44500732421875 74.1449966430664 144.44500732421875 83.33300018310547 C144.44500732421875 92.52200317382812 136.9669952392578 100.0 127.77799987792969 100.0 M141.66700744628906 138.88900756835938 A2.755000114440918 2.755000114440918 0.0 0 1 139.73899841308594 138.11099243164062 C117.8219985961914 116.96700286865234 82.1780014038086 116.96700286865234 60.26100158691406 138.11099243164062 A2.7780001163482666 2.7780001163482666 0.0 1 1 56.404998779296875 134.11099243164062 C80.44499969482422 110.91699981689453 119.55500030517578 110.91699981689453 143.59500122070312 134.11099243164062 A2.7780001163482666 2.7780001163482666 0.0 0 1 141.66700744628906 138.88900756835938""></path></svg>"
8e5161fdce365e61dd324aa6f48d1de5,"<svg xmlns=""http://www.w3.org/2000/svg"" viewBox=""0.0 0.0 200.0 200.0"" height=""200.0px"" width=""200.0px""><path fill=""#677BA5"" fill-opacity=""1.0""  filling=""0"" d=""M92.0 42.900001525878906 L112.10000610351562 42.900001525878906 L112.10000610351562 20.0 L179.79998779296875 87.69999694824219 C179.79998779296875 87.69999694824219 179.89999389648438 89.0 179.29998779296875 89.0 L90.5 89.0 C78.39999389648438 88.70000457763672 67.9000015258789 97.5999984741211 66.30000305175781 109.69999694824219 C64.89999389648438 122.30000305175781 74.0 133.6999969482422 86.5999984741211 135.0 L88.0999984741211 135.0 L133.10000610351562 180.0 L88.0999984741211 180.0 C50.0 179.39999389648438 19.5 148.0 20.099998474121094 109.89999389648438 C22.29999542236328 71.89999389648438 54.000003814697266 42.400001525878906 92.0999984741211 43.0 L92.0 42.900001525878906 Z""></path></svg>"
ffdc11c523d214880eb61c0857311836,"<svg xmlns=""http://www.w3.org/2000/svg"" viewBox=""0.0 0.0 200.0 200.0"" height=""200.0px"" width=""200.0px""><path fill="""" fill-opacity=""1.0""  filling=""0"" d=""M199.37344360351562 48.111331939697266 L190.3484344482422 106.35098266601562 C188.95565795898438 115.35371398925781 181.43475341796875 121.97207641601562 172.59901428222656 121.97207641601562 L72.13105773925781 121.97207641601562 C69.12284851074219 121.97207641601562 66.39297485351562 120.98046875 63.87480545043945 119.6099624633789 C64.93340301513672 125.5152359008789 65.96952819824219 130.68515014648438 66.9947280883789 134.5849609375 C68.03085327148438 138.5515594482422 70.9388656616211 141.28125 74.9166030883789 141.3371124267578 C89.078125 141.5263671875 119.6966781616211 140.7687530517578 143.7078094482422 140.17831420898438 C166.01406860351562 139.63223266601562 177.46817016601562 139.33145141601562 188.5322265625 139.2869110107422 L188.5322265625 150.72988891601562 C177.46817016601562 150.80780029296875 159.20645141601562 151.09747314453125 143.97518920898438 151.46524047851562 C115.8636703491211 152.1560516357422 97.92500305175781 152.36776733398438 85.85820007324219 152.36776733398438 C68.36503601074219 152.36776733398438 63.997459411621094 151.3759765625 61.902732849121094 149.93865966796875 C57.63534927368164 146.99725341796875 55.0615234375 137.4150390625 41.32343673706055 61.37051010131836 C37.936134338378906 42.640625 34.71601867675781 22.874603271484375 32.186912536621094 11.442970275878906 L0.40976715087890625 11.442970275878906 L0.40976715087890625 0.02227020263671875 L44.67715072631836 0.02227020263671875 L44.67715072631836 2.0390625 C44.67715072631836 9.069732666015625 46.615821838378906 20.37890625 49.111717224121094 33.62676239013672 C52.38750076293945 29.403907775878906 57.37910461425781 26.618362426757812 63.1171875 26.618362426757812 L181.6242218017578 26.618362426757812 C192.68829345703125 26.618362426757812 201.12286376953125 36.83574295043945 199.37344360351562 48.111331939697266 Z M88.94453430175781 165.7158203125 C98.10331726074219 165.7158203125 105.53495788574219 173.3927764892578 105.53495788574219 182.86346435546875 C105.53495788574219 192.33416748046875 98.10331726074219 200.0 88.94453430175781 200.0 C79.77461242675781 200.0 72.3427734375 192.33416748046875 72.3427734375 182.86346435546875 C72.3427734375 173.3927764892578 79.77461242675781 165.7158203125 88.94453430175781 165.7158203125 Z M166.40411376953125 165.7158203125 C175.57403564453125 165.7158203125 183.005859375 173.3927764892578 183.005859375 182.86346435546875 C183.005859375 192.33416748046875 175.57403564453125 200.0 166.40411376953125 200.0 C157.2341766357422 200.0 149.80255126953125 192.33416748046875 149.80255126953125 182.86346435546875 C149.80255126953125 173.3927764892578 157.2341766357422 165.7158203125 166.40411376953125 165.7158203125 Z""></path></svg>"
aa1d1c5dd44400b0e1ad5a37e2a3b90c,"<svg xmlns=""http://www.w3.org/2000/svg"" viewBox=""0.0 0.0 200.0 200.0"" height=""200.0px"" width=""200.0px""><path fill=""#333333"" fill-opacity=""1.0""  filling=""0"" d=""M188.2030029296875 22.89099884033203 C186.62100219726562 14.902000427246094 182.46099853515625 10.801002502441406 179.25799560546875 8.770004272460938 C178.98399353027344 8.594001770019531 178.71099853515625 8.438003540039062 178.41799926757812 8.280998229980469 C178.35899353027344 8.241996765136719 178.32000732421875 8.2030029296875 178.26199340820312 8.16400146484375 C174.60899353027344 5.527000427246094 169.531005859375 6.366996765136719 166.89500427246094 10.0 L100.48799896240234 102.10900115966797 L86.52300262451172 83.125 L90.48799896240234 80.1760025024414 C95.6449966430664 76.3280029296875 98.2030029296875 69.72699737548828 97.5199966430664 62.03099822998047 C96.9530029296875 55.683998107910156 94.21900177001953 48.94499969482422 89.8239974975586 43.066001892089844 L89.5510025024414 42.71500015258789 L59.512001037597656 10.430000305175781 C56.44499969482422 7.148002624511719 51.28900146484375 6.9530029296875 48.007999420166016 10.020004272460938 C44.72700119018555 13.08599853515625 44.53099822998047 18.24200439453125 47.597999572753906 21.52300262451172 L77.03099822998047 53.125 C79.4729995727539 56.50400161743164 81.01599884033203 60.27299880981445 81.30899810791016 63.51599884033203 C81.52300262451172 65.81999969482422 80.99600219726562 66.9729995727539 80.78099822998047 67.12899780273438 L76.875 70.03900146484375 L42.96900177001953 23.90599822998047 C40.3120002746582 20.292999267578125 35.214996337890625 19.512001037597656 31.582000732421875 22.167999267578125 C27.96900177001953 24.823997497558594 27.188003540039062 29.9219970703125 29.84400177001953 33.55500030517578 L63.827999114990234 79.74600219726562 L60.44900131225586 82.26599884033203 C60.23400115966797 82.4219970703125 58.96500015258789 82.5979995727539 56.83599853515625 81.73799896240234 C53.808998107910156 80.5270004272461 50.66400146484375 77.9489974975586 48.125 74.64800262451172 L26.28900146484375 37.382999420166016 C24.02300262451172 33.496002197265625 19.02300262451172 32.207000732421875 15.155998229980469 34.472999572753906 C11.28900146484375 36.737998962402344 9.979995727539062 41.737998962402344 12.246002197265625 45.60499954223633 L34.53099822998047 83.6719970703125 L34.80500030517578 84.02300262451172 C39.18000030517578 89.9020004272461 44.862998962402344 94.4530029296875 50.78099822998047 96.83599853515625 C53.808998107910156 98.0469970703125 56.816001892089844 98.6520004272461 59.6879997253418 98.6520004272461 C63.59400177001953 98.6520004272461 67.20700073242188 97.53900146484375 70.19499969482422 95.31199645996094 L73.49600219726562 92.85199737548828 L90.50800323486328 115.97699737548828 L44.316001892089844 180.02000427246094 C41.68000030517578 183.6719970703125 42.52000045776367 188.75 46.152000427246094 191.38699340820312 C47.597999572753906 192.4219970703125 49.257999420166016 192.92999267578125 50.89799880981445 192.92999267578125 C53.417999267578125 192.92999267578125 55.917999267578125 191.75799560546875 57.5 189.55099487304688 L100.6050033569336 129.76600646972656 L144.97999572753906 190.0780029296875 C146.58200073242188 192.24600219726562 149.04299926757812 193.3979949951172 151.54299926757812 193.3979949951172 C153.22300720214844 193.3979949951172 154.90199279785156 192.89100646972656 156.36700439453125 191.8159942626953 C159.97999572753906 189.16000366210938 160.76199340820312 184.06199645996094 158.10499572753906 180.42999267578125 L111.38700103759766 116.93399810791016 C111.91400146484375 116.13300323486328 112.5 115.23400115966797 113.08599853515625 114.33599853515625 L114.64800262451172 112.10900115966797 C120.03900146484375 115.03900146484375 126.21099853515625 117.4219970703125 133.16400146484375 116.875 C143.88699340820312 116.03500366210938 153.78900146484375 108.7300033569336 164.27699279785156 93.88700103759766 C172.26600646972656 82.5780029296875 179.1020050048828 69.43399810791016 183.51600646972656 56.89500045776367 C186.875 47.422000885009766 190.39100646972656 33.847999572753906 188.2030029296875 22.89099884033203 Z M168.1840057373047 51.48400115966797 C164.25799560546875 62.65599822998047 158.14500427246094 74.375 150.99600219726562 84.49199676513672 C143.71099853515625 94.80500030517578 137.30499267578125 100.23400115966797 131.91400146484375 100.6449966430664 C129.47300720214844 100.83999633789062 126.99199676513672 100.0979995727539 124.14099884033203 98.69100189208984 L172.59800720214844 30.097999572753906 C172.63699340820312 35.683998107910156 171.093994140625 43.202999114990234 168.1840057373047 51.48400115966797 Z""></path></svg>"
c99a30ba9fd7fe64b935520102f66626,"<svg xmlns=""http://www.w3.org/2000/svg"" viewBox=""0.0 0.0 200.0 200.0"" height=""200.0px"" width=""200.0px""><path fill="""" fill-opacity=""1.0""  filling=""0"" d=""M166.66659545898438 200.0 L33.333396911621094 200.0 C14.9541015625 200.0 0.0 185.0458984375 0.0 166.66659545898438 L0.0 33.333396911621094 C0.0 14.9541015625 14.9541015625 0.0 33.333396911621094 0.0 L166.66659545898438 0.0 C185.0458984375 0.0 200.0 14.9541015625 200.0 33.333396911621094 L200.0 166.66659545898438 C200.0 185.0458984375 185.0458984375 200.0 166.66659545898438 200.0 Z M33.333396911621094 8.333396911621094 C19.5458984375 8.333396911621094 8.333396911621094 19.5458984375 8.333396911621094 33.333396911621094 L8.333396911621094 166.66659545898438 C8.333396911621094 180.4541015625 19.5458984375 191.66659545898438 33.333396911621094 191.66659545898438 L166.66659545898438 191.66659545898438 C180.4541015625 191.66659545898438 191.66659545898438 180.4541015625 191.66659545898438 166.66659545898438 L191.66659545898438 33.333396911621094 C191.66659545898438 19.5458984375 180.4541015625 8.333396911621094 166.66659545898438 8.333396911621094 L33.333396911621094 8.333396911621094 Z M168.5041046142578 165.8249969482422 L111.375 165.8249969482422 L111.375 34.18339538574219 L168.5041046142578 34.18339538574219 L168.5041046142578 165.8249969482422 Z M119.7083969116211 157.49160766601562 L160.1708984375 157.49160766601562 L160.1708984375 42.5166015625 L119.7083969116211 42.5166015625 L119.7083969116211 157.49160766601562 Z M85.7583999633789 88.45000457763672 L31.495895385742188 88.45000457763672 L31.495895385742188 34.18339538574219 L85.7583999633789 34.18339538574219 L85.7583999633789 88.45000457763672 Z M39.829097747802734 80.1166000366211 L77.42499542236328 80.1166000366211 L77.42499542236328 42.5166015625 L39.829097747802734 42.5166015625 L39.829097747802734 80.1166000366211 Z M85.7583999633789 165.82089233398438 L31.495895385742188 165.82089233398438 L31.495895385742188 111.5458984375 L85.7583999633789 111.5458984375 L85.7583999633789 165.82089233398438 Z M39.829097747802734 157.4875030517578 L77.42499542236328 157.4875030517578 L77.42499542236328 119.88339233398438 L39.829097747802734 119.88339233398438 L39.829097747802734 157.4875030517578 Z""></path></svg>"
9171df5f-f639-4e1d-8617-9aad32be2aa5,"<svg height=""128"" preserveAspectRatio=""xMidYMid meet"" viewBox=""0 0 64 64"" width=""128"" xmlns=""http://www.w3.org/2000/svg""><circle cx=""32"" cy=""32"" fill=""#ef5350"" r=""30""/><path d=""m41 49.7c-5.8-4.8-12.2-4.8-18 0-.7.6-1.3-.4-.8-1.3 1.8-3.4 5.3-6.5 9.8-6.5s8.1 3.1 9.8 6.5c.5.8-.1 1.8-.8 1.3"" fill=""#302424""/><path d=""m10.2 24.9c-1.5 4.7.6 10 5.3 12.1 4.6 2.2 10 .5 12.7-3.7l-6.9-7.7z"" fill=""#ffffff""/><g fill=""#302424""><path d=""m14.2 25.8c-1.4 2.9-.1 6.4 2.8 7.7 2.9 1.4 6.4.1 7.7-2.8 1-1.9-9.6-6.8-10.5-4.9""/><path d=""m10.2 24.9c1.6-1 3.5-1.5 5.4-1.5s3.8.5 5.6 1.3c1.7.8 3.3 2 4.6 3.4 1.2 1.5 2.2 3.2 2.4 5.1-1.3-1.3-2.6-2.4-4-3.4s-2.8-1.8-4.2-2.4c-1.5-.7-3-1.2-4.6-1.7-1.8-.3-3.4-.6-5.2-.8""/></g><path d=""m53.8 24.9c1.5 4.7-.6 10-5.3 12.1-4.6 2.2-10 .5-12.7-3.7l6.9-7.7z"" fill=""#ffffff""/><g fill=""#302424""><path d=""m49.8 25.8c1.4 2.9.1 6.4-2.8 7.7-2.9 1.4-6.4.1-7.7-2.8-1-1.9 9.6-6.8 10.5-4.9""/><path d=""m53.8 24.9c-1.6-1-3.5-1.5-5.4-1.5s-3.8.5-5.6 1.3c-1.7.8-3.3 2-4.6 3.4-1.2 1.5-2.2 3.2-2.4 5.1 1.3-1.3 2.6-2.4 4-3.4s2.8-1.8 4.2-2.4c1.5-.7 3-1.2 4.6-1.7 1.8-.3 3.4-.6 5.2-.8""/></g></svg>"
a130002a99cc3648a24d412c456afdca,"<svg xmlns=""http://www.w3.org/2000/svg"" viewBox=""0.0 0.0 200.0 200.0"" height=""200.0px"" width=""200.0px""><path fill=""#2C374D"" fill-opacity=""1.0""  filling=""0"" d=""M190.625 18.75 L190.625 79.0250015258789 A21.875 21.875 0.0 0 0 190.625 120.9749984741211 L190.625 181.25 L9.375 181.25 L9.375 120.96299743652344 A21.875 21.875 0.0 0 0 9.375 79.03700256347656 L9.375 18.75 L190.625 18.75 Z M178.125 31.25 L21.862998962402344 31.25 L21.875 71.19999694824219 L22.875 71.86299896240234 A34.375 34.375 0.0 0 1 37.42499923706055 97.7249984741211 L37.5 100.0 A34.375 34.375 0.0 0 1 22.875 128.125 L21.875 128.78799438476562 L21.862998962402344 168.75 L178.125 168.75 L178.125 128.8000030517578 L177.125 128.13800048828125 A34.375 34.375 0.0 0 1 162.5749969482422 102.2750015258789 L162.5 100.0 A34.375 34.375 0.0 0 1 177.125 71.86299896240234 L178.125 71.18800354003906 L178.125 31.25 Z M82.25 53.125 L99.75 90.625 L100.23799896240234 90.625 L117.73699951171875 53.125 L129.96299743652344 53.125 L131.23699951171875 53.724998474121094 L114.0250015258789 90.625 L131.25 90.625 L131.25 103.125 L106.25 103.125 L106.25 115.625 L131.25 115.625 L131.25 128.125 L106.25 128.125 L106.25 150.0 L93.75 150.0 L93.75 128.125 L68.75 128.125 L68.75 115.625 L93.75 115.625 L93.75 103.125 L68.75 103.125 L68.75 90.625 L85.96199798583984 90.625 L68.75 53.724998474121094 L70.0250015258789 53.125 L82.25 53.125 Z""></path></svg>"
62ca2f05e5976f9b8ebcd1f20bb36ee9,"<svg fill=""none"" height=""128"" viewBox=""0 0 48 48"" width=""128"" xmlns=""http://www.w3.org/2000/svg""><g stroke=""#000000"" stroke-linecap=""round"" stroke-linejoin=""round"" stroke-width=""4""><path d=""m6 8v32""/><path d=""m25 8v32""/><path d=""m6 24h19""/><path d=""m34.23 24l4.77-4.98v20.98""/></g></svg>"
c200cf487f7ddd974f2127c14a34e1b9,"<svg height=""128"" viewBox=""-1 0 19 19"" width=""128"" xmlns=""http://www.w3.org/2000/svg""><path d=""m16.42 9.58a7.92 7.92 0 1 1 -7.92-7.92 7.92 7.92 0 0 1 7.92 7.92zm-3.59-4.05a.32.32 0 0 0 -.32-.32h-8.06a.32.32 0 0 0 -.32.32v6.86a.87.87 0 0 0 .23.54l.82.8a.9.9 0 0 0 .54.22h6.8a.32.32 0 0 0 .32-.32zm-1.6 3.07a.32.32 0 0 1 -.32.32h-4.87a.32.32 0 0 1 -.32-.32v-2.38a.32.32 0 0 1 .32-.32h4.87a.32.32 0 0 1 .32.32zm-.36 1.89v2.54a.32.32 0 0 1 -.32.32h-4.15a.32.32 0 0 1 -.32-.32v-2.54a.32.32 0 0 1 .32-.32h4.16a.32.32 0 0 1 .32.32zm-3.15.49h-.88v1.59h.88z""/></svg>"
2b0cbea4570e361ff815e3f0fac0eabf,"<svg xmlns=""http://www.w3.org/2000/svg"" viewBox=""0.0 0.0 200.0 200.0"" height=""200.0px"" width=""200.0px""><path fill=""#7A8499"" fill-opacity=""1.0""  filling=""0"" d=""M200.0229949951172 74.52100372314453 A7.054999828338623 7.054999828338623 0.0 0 1 197.89599609375 79.63999938964844 L140.74400329589844 137.8560028076172 A6.809999942779541 6.809999942779541 0.0 0 1 135.71600341796875 140.02000427246094 A6.809999942779541 6.809999942779541 0.0 0 1 130.68800354003906 137.8560028076172 A7.010000228881836 7.010000228881836 0.0 0 1 128.55999755859375 132.73699951171875 L128.55999755859375 103.59700012207031 L103.53900146484375 103.59700012207031 C96.23899841308594 103.59700012207031 89.70999908447266 103.85199737548828 83.96399688720703 104.27899932861328 C78.18199920654297 104.73400115966797 72.46299743652344 105.552001953125 66.76200103759766 106.7249984741211 A63.40700149536133 63.40700149536133 0.0 0 0 51.93299865722656 111.53500366210938 A53.487998962402344 53.487998962402344 0.0 0 0 40.159000396728516 119.4260025024414 A40.35900115966797 40.35900115966797 0.0 0 0 31.231002807617188 130.9010009765625 C28.930999755859375 135.33700561523438 27.12999725341797 140.57400512695312 25.803001403808594 146.65699768066406 A98.46600341796875 98.46600341796875 0.0 0 0 23.847999572753906 167.25 C23.847999572753906 171.40499877929688 24.048004150390625 176.05999755859375 24.402999877929688 181.22500610351562 C24.402999877929688 181.6790008544922 24.50299835205078 182.57899475097656 24.7030029296875 183.8979949951172 C24.902999877929688 185.22500610351562 25.00299835205078 186.21600341796875 25.00299835205078 186.8979949951172 C25.00299835205078 188.04400634765625 24.676002502441406 188.98899841308594 24.074996948242188 189.7530059814453 A3.200000047683716 3.200000047683716 0.0 0 1 21.457000732421875 190.8979949951172 C20.257003784179688 190.8979949951172 19.22900390625 190.26199340820312 18.329002380371094 188.96200561523438 A16.1200008392334 16.1200008392334 0.0 0 1 16.847000122070312 186.4429931640625 C16.402000427246094 185.47999572753906 15.929000854492188 184.3070068359375 15.347000122070312 183.0070037841797 C14.802001953125 181.70599365234375 14.429000854492188 180.7969970703125 14.173995971679688 180.2790069580078 C4.7010040283203125 158.75799560546875 0.0 141.68299865722656 0.0 129.072998046875 C0.0 114.00800323486328 1.9729995727539062 101.37899780273438 5.928001403808594 91.2229995727539 C18.001998901367188 60.729000091552734 50.53300094604492 45.45399856567383 103.58499908447266 45.45399856567383 L128.58799743652344 45.45399856567383 L128.58799743652344 16.341995239257812 C128.58799743652344 14.377998352050781 129.28799438476562 12.678001403808594 130.71499633789062 11.222999572753906 A6.763999938964844 6.763999938964844 0.0 0 1 135.7429962158203 9.058998107910156 C137.67100524902344 9.058998107910156 139.343994140625 9.767997741699219 140.77099609375 11.222999572753906 L197.92300415039062 69.41200256347656 A7.27400016784668 7.27400016784668 0.0 0 1 200.0229949951172 74.52100372314453 Z""></path></svg>"
afe1611033a8ca58d13f71d60ea94f51,"<svg xmlns=""http://www.w3.org/2000/svg"" viewBox=""0.0 0.0 200.0 200.0"" height=""200.0px"" width=""200.0px""><path fill=""currentColor"" fill-opacity=""1.0""  filling=""0"" d=""M29.58300018310547 37.41699981689453 A6.25 6.25 0.0 0 0 20.41699981689453 45.91699981689453 L70.64199829101562 100.0 L20.41699981689453 154.08299255371094 A6.25 6.25 0.0 1 0 29.58300018310547 162.58299255371094 L79.16699981689453 109.18299865722656 L128.75 162.58299255371094 A6.25 6.25 0.0 1 0 137.91700744628906 154.08299255371094 L87.69200134277344 100.0 L137.91700744628906 45.91699981689453 A6.25 6.25 0.0 1 0 128.75 37.41699981689453 L79.16699981689453 90.81700134277344 L29.58300018310547 37.41699981689453 Z M156.25 54.16699981689453 A6.25 6.25 0.0 0 1 168.75 54.16699981689453 L168.75 56.875 C168.75 59.016998291015625 167.98300170898438 61.08300018310547 166.5919952392578 62.70800018310547 L145.54200744628906 87.25800323486328 A6.458000183105469 6.458000183105469 0.0 0 0 150.4499969482422 97.91699981689453 L175.0 97.91699981689453 A6.25 6.25 0.0 0 0 175.0 85.41699981689453 L163.58299255371094 85.41699981689453 L176.08299255371094 70.83300018310547 C179.41700744628906 66.94999694824219 181.25 62.0 181.25 56.875 L181.25 54.16699981689453 A18.75 18.75 0.0 0 0 143.75 54.16699981689453 L143.75 58.33300018310547 A6.25 6.25 0.0 0 0 156.25 58.33300018310547 L156.25 54.16699981689453 Z""></path></svg>"
cc76666c917bf608001d455150620f4d,"<svg xmlns=""http://www.w3.org/2000/svg"" viewBox=""0.0 0.0 200.0 200.0"" height=""200.0px"" width=""200.0px""><path fill=""#989898"" fill-opacity=""1.0""  filling=""0"" d=""M68.921875 121.1039047241211 L140.3152313232422 121.1039047241211 L140.3152313232422 134.7097625732422 L68.921875 134.7097625732422 L68.921875 121.1039047241211 Z M59.183204650878906 139.5427703857422 L130.57656860351562 139.5427703857422 L130.57656860351562 153.14862060546875 L59.183204650878906 153.14862060546875 L59.183204650878906 139.5427703857422 Z M65.66386413574219 157.98260498046875 L137.05722045898438 157.98260498046875 L137.05722045898438 171.58731079101562 L65.66386413574219 171.58731079101562 L65.66386413574219 157.98260498046875 Z""></path>
<path fill=""#989898"" fill-opacity=""1.0""  filling=""0"" d=""M176.1193389892578 93.2298812866211 C173.80996704101562 87.82344055175781 170.51622009277344 82.97187805175781 166.3273468017578 78.8189468383789 C162.1376953125 74.666015625 157.26893615722656 71.40741729736328 151.84393310546875 69.1337890625 C146.4560546875 66.8783187866211 140.7453155517578 65.6792984008789 134.85546875 65.5892562866211 C134.2646484375 63.387107849121094 133.5304718017578 61.203514099121094 132.61758422851562 59.09101486206055 C130.20077514648438 53.416015625 126.7451171875 48.33242416381836 122.34159851074219 43.96327590942383 C117.9560546875 39.613677978515625 112.8353500366211 36.19394302368164 107.12480163574219 33.795310974121094 C101.21737670898438 31.3251953125 94.96894836425781 30.071678161621094 88.52499389648438 30.071678161621094 C82.08027648925781 30.071678161621094 75.83203125 31.3251953125 69.9244155883789 33.795310974121094 C64.2314453125 36.17637252807617 59.11152267456055 39.613677978515625 54.70761489868164 43.96327590942383 C50.30390548706055 48.33222579956055 46.84844207763672 53.416015625 44.43144989013672 59.09101486206055 C41.92539596557617 64.9808578491211 40.65468215942383 71.2289047241211 40.65468215942383 77.65585327148438 C40.65468215942383 78.8724594116211 40.70879364013672 80.0726547241211 40.7978515625 81.2720718383789 A40.25214767456055 40.25214767456055 0.0 0 0 30.02069854736328 89.73965454101562 C23.379295349121094 97.0794906616211 19.726959228515625 106.53164672851562 19.726959228515625 116.36015319824219 C19.726959228515625 121.74824523925781 20.801368713378906 126.9937515258789 22.913284301757812 131.93438720703125 C24.95429229736328 136.67813110351562 27.854690551757812 140.9396514892578 31.542572021484375 144.609375 C35.23046875 148.26133728027344 39.50840377807617 151.1259765625 44.27070617675781 153.13125610351562 A40.30195236206055 40.30195236206055 0.0 0 0 48.531246185302734 154.6521453857422 L48.71035385131836 140.22283935546875 C39.651756286621094 136.0341796875 33.314453125 126.8863296508789 33.314453125 116.36015319824219 C33.314453125 102.95098114013672 43.59062957763672 91.81640625 56.712890625 90.2587890625 C55.136714935302734 86.3560562133789 54.25996017456055 82.1128921508789 54.25996017456055 77.67324829101562 C54.25996017456055 58.91171646118164 69.60176086425781 43.71347427368164 88.52481079101562 43.71347427368164 C104.36972045898438 43.71347427368164 117.7017593383789 54.384178161621094 121.61972045898438 68.85957336425781 C118.1558609008789 70.3335952758789 114.9052734375 72.3187484741211 111.99413299560547 74.77363586425781 C109.1298828125 77.1898422241211 108.77226257324219 81.4867172241211 111.18846893310547 84.3505859375 C112.53105163574219 85.94413757324219 114.46444702148438 86.76737976074219 116.39823913574219 86.76737976074219 A6.7724609375 6.7724609375 0.0 0 0 120.76640319824219 85.17402648925781 C125.169921875 81.451171875 130.79161071777344 79.40996551513672 136.5740203857422 79.40996551513672 C136.81973266601562 79.40996551513672 137.06210327148438 79.39628601074219 137.30117797851562 79.37109375 C153.47030639648438 80.96308898925781 166.11270141601562 94.498046875 166.11270141601562 110.9537124633789 C166.11270141601562 123.78964233398438 158.4152374267578 134.8523406982422 147.35116577148438 139.8474578857422 L147.1544952392578 154.40234375 C155.01309204101562 152.07440185546875 162.1378936767578 147.6707000732422 167.75936889648438 141.54824829101562 C175.4578094482422 133.1697235107422 179.69979858398438 122.3207015991211 179.69979858398438 110.9537124633789 C179.73553466796875 104.7953109741211 178.51895141601562 98.83378601074219 176.1193389892578 93.2298812866211 Z""></path></svg>"
c40d10c549c1c80692ed3629d2cb9a27,"<svg xmlns=""http://www.w3.org/2000/svg"" viewBox=""0.0 0.0 200.0 200.0"" height=""200.0px"" width=""200.0px""><path fill=""#FD3C13"" fill-opacity=""1.0""  filling=""0"" d=""M131.86500549316406 9.058998107910156 L68.20600128173828 9.058998107910156 C35.46699523925781 9.058998107910156 9.094001770019531 35.43199920654297 9.094001770019531 68.1709976196289 L9.094001770019531 131.82899475097656 C9.094001770019531 164.5679931640625 35.46699523925781 190.9409942626953 68.20600128173828 190.9409942626953 L131.86500549316406 190.9409942626953 C164.60400390625 190.9409942626953 190.9770050048828 164.5679931640625 190.9770050048828 131.82899475097656 L190.9770050048828 68.1709976196289 C190.9770050048828 35.43199920654297 164.60400390625 9.058998107910156 131.86500549316406 9.058998107910156 Z M159.75399780273438 86.35900115966797 C159.75399780273438 90.60299682617188 156.41900634765625 93.93699645996094 152.1750030517578 93.93699645996094 L152.1750030517578 149.10800170898438 C152.1750030517578 153.3520050048828 148.84100341796875 156.68699645996094 144.29400634765625 156.68699645996094 L55.4739990234375 156.68699645996094 C51.22999954223633 156.68699645996094 47.59299850463867 153.3520050048828 47.59299850463867 149.10800170898438 L47.59299850463867 93.93699645996094 C43.3489990234375 93.93699645996094 40.013999938964844 90.60299682617188 40.013999938964844 86.35900115966797 L40.013999938964844 67.56400299072266 C40.013999938964844 63.31999969482422 43.3489990234375 59.986000061035156 47.59299850463867 59.986000061035156 L68.50900268554688 59.986000061035156 C66.99299621582031 57.86399841308594 66.08399963378906 54.83300018310547 66.08399963378906 51.49800109863281 C66.08399963378906 41.49399948120117 73.96600341796875 36.64400100708008 80.93800354003906 36.64400100708008 C89.12300109863281 36.64400100708008 94.88200378417969 40.88800048828125 99.73200225830078 46.04100036621094 C104.58300018310547 40.88800048828125 110.34200286865234 36.64400100708008 118.5270004272461 36.64400100708008 C125.4990005493164 36.64400100708008 133.38099670410156 41.79800033569336 133.38099670410156 51.49800109863281 C133.38099670410156 54.83300018310547 132.4709930419922 57.56100082397461 130.95599365234375 59.986000061035156 L151.8719940185547 59.986000061035156 C156.11599731445312 59.986000061035156 159.4510040283203 63.31999969482422 159.4510040283203 67.56400299072266 L159.4510040283203 86.35900115966797 L159.75399780273438 86.35900115966797 Z""></path>
<path fill=""#FD3C13"" fill-opacity=""1.0""  filling=""0"" d=""M118.83000183105469 59.68299865722656 C123.0739974975586 59.68299865722656 126.40899658203125 56.6510009765625 126.40899658203125 52.104000091552734 C126.40899658203125 47.55699920654297 123.0739974975586 44.5260009765625 118.83000183105469 44.5260009765625 C112.76699829101562 44.5260009765625 108.52300262451172 47.86000061035156 104.88600158691406 52.104000091552734 C108.52300262451172 56.347999572753906 112.76699829101562 59.68299865722656 118.83000183105469 59.68299865722656 Z M81.24099731445312 59.68299865722656 C87.30400085449219 59.68299865722656 91.5479965209961 56.347999572753906 95.48799896240234 52.104000091552734 C91.85099792480469 47.86000061035156 87.60700225830078 44.5260009765625 81.24099731445312 44.5260009765625 C76.99700164794922 44.5260009765625 73.66300201416016 47.55699920654297 73.66300201416016 52.104000091552734 C73.66300201416016 56.6510009765625 76.99700164794922 59.68299865722656 81.24099731445312 59.68299865722656 Z M100.03600311279297 57.56100082397461 L97.30699920654297 60.28900146484375 L102.76399993896484 60.28900146484375 L100.03600311279297 57.56100082397461 Z M47.895999908447266 86.35900115966797 L152.47799682617188 86.35900115966797 L152.47799682617188 67.56400299072266 L47.895999908447266 67.56400299072266 L47.895999908447266 86.35900115966797 Z M55.4739990234375 149.10800170898438 L144.5970001220703 149.10800170898438 L144.5970001220703 93.93699645996094 L55.4739990234375 93.93699645996094 L55.4739990234375 149.10800170898438 Z M127.01499938964844 105.15299987792969 C127.01499938964844 103.03099822998047 128.83399963378906 101.51599884033203 130.65199279785156 101.51599884033203 C132.7740020751953 101.51599884033203 134.2899932861328 103.33399963378906 134.2899932861328 105.15299987792969 L134.2899932861328 137.89199829101562 C134.2899932861328 140.01400756835938 132.4709930419922 141.52999877929688 130.65199279785156 141.52999877929688 C128.531005859375 141.52999877929688 127.01499938964844 139.71099853515625 127.01499938964844 137.89199829101562 L127.01499938964844 105.15299987792969 Z""></path></svg>"
28ef351b939259e4a6be864f5ca72123,"<svg xmlns=""http://www.w3.org/2000/svg"" viewBox=""0.0 0.0 200.0 200.0"" height=""200.0px"" width=""200.0px""><path fill="""" fill-opacity=""1.0""  filling=""0"" d=""M156.0 0.0 L44.0 0.0 A24.0 24.0 0.0 0 0 20.0 24.0 L20.0 176.0 A24.0 24.0 0.0 0 0 44.0 200.0 L156.0 200.0 A24.0 24.0 0.0 0 0 180.0 176.0 L180.0 24.0 A24.0 24.0 0.0 0 0 156.0 0.0 Z M170.0 176.0 A14.0 14.0 0.0 0 1 156.0 190.0 L44.0 190.0 A14.0 14.0 0.0 0 1 30.0 176.0 L30.0 24.0 A14.0 14.0 0.0 0 1 44.0 10.0 L156.0 10.0 A14.0 14.0 0.0 0 1 170.0 24.0 L170.0 176.0 Z M140.0 54.68008041381836 L60.000003814697266 54.68008041381836 A5.0 5.0 0.0 0 0 60.000003814697266 64.6800765991211 L140.0 64.6800765991211 A5.0 5.0 0.0 0 0 140.0 54.68008041381836 Z M140.0 95.0 L60.000003814697266 95.0 A5.0 5.0 0.0 0 0 60.000003814697266 104.99999237060547 L140.0 104.99999237060547 A5.0 5.0 0.0 0 0 140.0 95.0 Z M140.0 135.31991577148438 L60.000003814697266 135.31991577148438 A5.0 5.0 0.0 0 0 60.000003814697266 145.31993103027344 L140.0 145.31993103027344 A5.0 5.0 0.0 0 0 140.0 135.31991577148438 Z""></path></svg>"
dff7ef4393f1895cbb07b7d19d29ad23,"<svg fill=""none"" height=""128"" viewBox=""0 0 48 48"" width=""128"" xmlns=""http://www.w3.org/2000/svg""><circle cx=""24"" cy=""24"" fill=""#05cc47"" r=""20""/><path clip-rule=""evenodd"" d=""m31 16.36v-4.36h-4.41l-.44.44-2.08 3.92-.65.44h-7.42v5.99h4.08l.36.44-4.44 8.41v4.36h4.41l.44-.44 2.08-3.92.65-.44h7.42v-5.99h-4.08l-.36-.44z"" fill=""#ffffff"" fill-rule=""evenodd""/></svg>"
ebcc1d50efe24a33abcd202b06d14e8a,"<svg xmlns=""http://www.w3.org/2000/svg"" viewBox=""0.0 0.0 200.0 200.0"" height=""200.0px"" width=""200.0px""><path fill="""" fill-opacity=""1.0""  filling=""0"" d=""M125.05840301513672 38.28339385986328 L139.07501220703125 53.133399963378906 L77.93340301513672 53.133399963378906 A54.68339920043945 54.68339920043945 0.0 0 0 25.0 109.375 A54.666603088378906 54.666603088378906 0.0 0 0 77.94160461425781 165.63340759277344 L95.59159851074219 165.63340759277344 L95.59159851074219 146.875 L77.94160461425781 146.875 A36.44160079956055 36.44160079956055 0.0 0 1 42.64999771118164 109.375 A36.44160079956055 36.44160079956055 0.0 0 1 77.94160461425781 71.875 L143.33340454101562 71.875 L125.06660461425781 91.2916030883789 L137.5583953857422 104.55000305175781 L175.0 64.80000305175781 L137.5583953857422 25.025001525878906 L125.05840301513672 38.28339385986328 Z""></path></svg>"
8feeaa885467f110de10a96773217f01,"<svg fill=""none"" height=""128"" viewBox=""0 0 128 128"" width=""128"" xmlns=""http://www.w3.org/2000/svg"" xmlns:xlink=""http://www.w3.org/1999/xlink""><clipPath id=""a""><path d=""m0 0h128v128h-128z""/></clipPath><g clip-path=""url(#a)""><path d=""m64 117.33c-29.49 0-53.33-23.89-53.33-53.33 0-29.49 23.84-53.33 53.33-53.33 29.44 0 53.33 23.84 53.33 53.33 0 29.44-23.89 53.33-53.33 53.33m-15.15-38.24c2.99 2.94 6.83 4.96 10.94 5.82 4.16.8 8.42.37 12.32-1.23 3.89-1.6 7.25-4.37 9.6-7.84 2.34-3.52 3.57-7.63 3.57-11.84 0-4.27-1.23-8.37-3.57-11.89-2.35-3.47-5.71-6.24-9.6-7.84-3.9-1.6-8.16-2.03-12.32-1.23-4.11.85-7.95 2.88-10.94 5.81"" stroke=""#000000"" stroke-linecap=""round"" stroke-linejoin=""round"" stroke-width=""2""/></g></svg>"
f750e4869f90de864f0e6d29eae3b512,"<svg xmlns=""http://www.w3.org/2000/svg"" viewBox=""0.0 0.0 200.0 200.0"" height=""200.0px"" width=""200.0px""><path fill="""" fill-opacity=""1.0""  filling=""0"" d=""M141.54100036621094 49.08399963378906 L192.45599365234375 100.0 L141.54100036621094 150.91600036621094 L146.41900634765625 155.33399963378906 L200.0 102.20899963378906 L200.0 97.79100036621094 L146.41900634765625 44.66600036621094 L141.54100036621094 49.08399963378906 Z M53.58100128173828 44.4630012512207 L0.0 97.58799743652344 L0.0 102.00599670410156 L53.58100128173828 155.13099670410156 L58.23099899291992 150.71200561523438 L7.428001403808594 99.7969970703125 L58.172000885009766 48.88100051879883 L53.58100128173828 44.4630012512207 Z M100.0 81.25 C89.65899658203125 81.25 81.25 89.65899658203125 81.25 100.0 C81.25 110.34100341796875 89.65899658203125 118.75 100.0 118.75 C110.34100341796875 118.75 118.75 110.34100341796875 118.75 100.0 C118.75 89.65899658203125 110.34100341796875 81.25 100.0 81.25 Z M100.0 112.5 C93.10600280761719 112.5 87.5 106.89399719238281 87.5 100.0 C87.5 93.10600280761719 93.10600280761719 87.5 100.0 87.5 C106.89399719238281 87.5 112.5 93.10600280761719 112.5 100.0 C112.5 106.89399719238281 106.89399719238281 112.5 100.0 112.5 Z""></path></svg>"
6080026eb9cb1f3a9b1aadc079cf11c2,"<svg height=""128"" viewBox=""0 0 24 24"" width=""128"" xmlns=""http://www.w3.org/2000/svg""><g fill=""none"" stroke-linecap=""round"" stroke-linejoin=""round"" stroke-width=""2""><path d=""m7 11.95v.1"" stroke=""#2ca9bc""/><rect height=""18"" rx=""1"" stroke=""#000000"" transform=""matrix(0 1 -1 0 24 0)"" width=""12"" x=""6"" y=""3""/></g></svg>"
d4d9c2dc33c69955435c18bcd8714270,"<svg height=""128"" viewBox=""0 0 91 91"" width=""128"" xmlns=""http://www.w3.org/2000/svg""><path d=""m89.4 57.2c2.1-1.8 1.2-5.1-.8-6.4-9.8-6.2-18.8-13-26.3-22-2.3-2.8-6.2-.2-6.5 2.7-.4 3.9-.7 7.7-1 11.6-3.6-.3-7.3-.6-10.9-1-3.8-.3-8.2-1.4-11.8.4-.1.1-.3.2-.4.3-2 1.8-2.7 5.1-3 8.5-5.4-5.7-11.3-10.6-17.8-15.1 6.2-5.3 12.2-10.8 17.9-16.7.1 1.8.3 3.6.4 5.4.2 1.9 1.6 3.9 3.8 3.8 5.2-.4 10.4-.8 15.6-1.3 4.9-.4 4.9-8.1 0-7.6-4.1.4-8.2.7-12.3 1.1-.3-3.3-.7-6.7-.9-10-.2-3-4-5.1-6.3-2.6-8.6 9.1-18.1 17.3-27.5 25.5-2 1.7-1.2 5 .8 6.2 9.7 6.1 19 13 26.6 21.7 2 2.3 5.4.3 5.6-2.3.2-3.3 1.5-8.2 1.1-12.2 2.4.7 5 .8 7.4 1.1 4.7.7 9.3 1.3 14 2 1.6.2 4-.4 4.3-2.4.3-2.5.7-5 1-7.5 5.3 5.4 11.3 10.1 17.5 14.5-6.1 5.3-12 10.9-17.7 16.7-.2-1.8-.3-3.7-.5-5.5-.2-1.9-1.6-3.9-3.8-3.8-5.1.4-10.2.8-15.3 1.2-4.9.4-4.9 8.1 0 7.6 4-.3 8-.7 11.9-1 .3 3.3.6 6.7.9 10 .3 3 4 5.2 6.3 2.6 8.5-9.4 18.2-17.3 27.7-25.5z"" fill=""#3b6a75""/></svg>"
ee8222e02bb32ce069918af785689b44,"<svg xmlns=""http://www.w3.org/2000/svg"" viewBox=""0.0 0.0 200.0 200.0"" height=""200.0px"" width=""200.0px""><path fill=""#000000"" fill-opacity=""1.0""  filling=""0"" d=""M12.5 100.0 A87.5 87.5 0.0 1 0 187.5 100.0 A87.5 87.5 0.0 0 0 12.5 100.0 Z M200.0 100.0 A100.0 100.0 0.0 1 1 0.0 100.0 A100.0 100.0 0.0 0 1 200.0 100.0 Z M143.75 93.75 A6.25 6.25 0.0 0 1 143.75 106.25 L71.33699798583984 106.25 L98.17500305175781 133.0749969482422 A6.25 6.25 0.0 0 1 89.32499694824219 141.9250030517578 L51.82500076293945 104.42500305175781 A6.25 6.25 0.0 0 1 51.82500076293945 95.57499694824219 L89.32499694824219 58.07500076293945 A6.25 6.25 0.0 1 1 98.17500305175781 66.92500305175781 L71.33699798583984 93.75 L143.75 93.75 Z""></path></svg>"
ea4ce6666c1d1e7fb21039f2e08dc3d9,"<svg xmlns=""http://www.w3.org/2000/svg"" viewBox=""0.0 0.0 200.0 200.0"" height=""200.0px"" width=""200.0px""><path fill=""#292D32"" fill-opacity=""1.0""  filling=""0"" d=""M125.0 189.58340454101562 L75.0 189.58340454101562 C29.7333984375 189.58340454101562 10.416603088378906 170.2666015625 10.416603088378906 125.0 L10.416603088378906 75.0 C10.416603088378906 29.7333984375 29.7333984375 10.416603088378906 75.0 10.416603088378906 L125.0 10.416603088378906 C170.2666015625 10.416603088378906 189.58340454101562 29.7333984375 189.58340454101562 75.0 L189.58340454101562 125.0 C189.58340454101562 170.2666015625 170.2666015625 189.58340454101562 125.0 189.58340454101562 Z M75.0 22.916603088378906 C36.54999542236328 22.916603088378906 22.916603088378906 36.54999542236328 22.916603088378906 75.0 L22.916603088378906 125.0 C22.916603088378906 163.45001220703125 36.54999542236328 177.08340454101562 75.0 177.08340454101562 L125.0 177.08340454101562 C163.45001220703125 177.08340454101562 177.08340454101562 163.45001220703125 177.08340454101562 125.0 L177.08340454101562 75.0 C177.08340454101562 36.54999542236328 163.45840454101562 22.916603088378906 125.0 22.916603088378906 L75.0 22.916603088378906 Z""></path>
<path fill=""#292D32"" fill-opacity=""1.0""  filling=""0"" d=""M106.07499694824219 133.83340454101562 L76.66659545898438 104.41659545898438 A6.283398628234863 6.283398628234863 0.0 0 1 76.66659545898438 95.5833969116211 L106.07499694824219 66.17500305175781 A6.25 6.25 0.0 0 1 114.90840148925781 75.0083999633789 L89.90840148925781 100.00840759277344 L114.90840148925781 125.00840759277344 A6.283398628234863 6.283398628234863 0.0 0 1 114.90840148925781 133.8415985107422 A5.916601181030273 5.916601181030273 0.0 0 1 110.4916000366211 135.6750030517578 A6.183398723602295 6.183398723602295 0.0 0 1 106.07499694824219 133.83340454101562 Z""></path></svg>"
4ab37b21a628826e513eba1b782f84ea,"<svg height=""128"" viewBox=""0 0 512 512"" width=""128"" xmlns=""http://www.w3.org/2000/svg""><path d=""m24 80v352h64v-144h-16v-208zm96 0v208h-16v144h64v-144h-16v-208zm80 0v208h-16v144h64v-144h-16v-208zm80 0v208h-16v144h64v-352zm64 0v352h64v-144h-16v-208zm96 0v208h-16v144h64v-352z""/></svg>"
46535b644ad9b85b413dad8b13ae1edd,"<svg fill=""none"" height=""128"" viewBox=""0 0 24 24"" width=""128"" xmlns=""http://www.w3.org/2000/svg""><g stroke=""#000000"" stroke-linecap=""round"" stroke-linejoin=""round"" stroke-width=""2""><path d=""m22 10-2 2m0 0-2 2m2-2-2-2m2 2 2 2""/><path d=""m8.5 8h-5.5c-.55 0-1 .45-1 1v6c0 .55.45 1 1 1h5.5l6.5 5v-18z""/></g></svg>"
fde503da257b1af7293476a5590212d9,"<svg xmlns=""http://www.w3.org/2000/svg"" viewBox=""0.0 0.0 200.0 200.0"" height=""200.0px"" width=""200.0px""><path fill=""#444444"" fill-opacity=""1.0""  filling=""0"" d=""M108.33300018310547 50.83300018310547 L108.33300018310547 58.33300018310547 L91.66699981689453 58.33300018310547 L91.66699981689453 33.33300018310547 L100.0 33.33300018310547 L108.33300018310547 41.66699981689453 L108.33300018310547 50.83300018310547 C105.83300018310547 50.0 102.5 50.0 100.0 50.0 L100.0 33.33300018310547 C136.66700744628906 33.33300018310547 166.66700744628906 63.33300018310547 166.66700744628906 100.0 C166.66700744628906 136.66700744628906 136.66700744628906 166.66700744628906 100.0 166.66700744628906 C63.33300018310547 166.66700744628906 33.33300018310547 136.66700744628906 33.33300018310547 100.0 C33.33300018310547 78.33300018310547 43.33300018310547 59.16699981689453 60.0 46.66699981689453 C60.83300018310547 45.83300018310547 61.66699981689453 45.83300018310547 62.5 45.0 L110.0 92.5 L98.33300018310547 104.16699981689453 L60.83300018310547 68.33300018310547 C54.16699981689453 76.66699981689453 50.0 88.33300018310547 50.0 100.0 C50.0 127.5 72.5 150.0 100.0 150.0 C127.5 150.0 150.0 127.5 150.0 100.0 C150.0 75.0 131.66700744628906 55.0 108.33300018310547 50.83300018310547 Z""></path></svg>"
2ba4c37562d2e2bffb8a0e02a2efac75,"<svg xmlns=""http://www.w3.org/2000/svg"" viewBox=""0.0 0.0 200.0 200.0"" height=""200.0px"" width=""200.0px""><path fill=""#231F20"" fill-opacity=""1.0""  filling=""0"" d=""M162.5 43.75 A37.5 37.5 0.0 0 0 125.0 6.25 L75.0 6.25 A37.5 37.5 0.0 0 0 37.5 43.75 L37.5 156.25 A37.5 37.5 0.0 0 0 75.0 193.75 L125.0 193.75 A37.5 37.5 0.0 0 0 162.5 156.25 L162.5 43.75 Z M100.0 171.875 A21.875 21.875 0.0 1 1 121.875 150.0 A21.875 21.875 0.0 0 1 100.0 171.875 Z M100.0 121.875 A21.875 21.875 0.0 1 1 121.875 100.0 A21.875 21.875 0.0 0 1 100.0 121.875 Z M100.0 71.875 A21.875 21.875 0.0 1 1 121.875 50.0 A21.875 21.875 0.0 0 1 100.0 71.875 Z""></path></svg>"
e32f4ccd3fdc9b9fed8eeb427b68306a,"<svg xmlns=""http://www.w3.org/2000/svg"" viewBox=""0.0 0.0 200.0 200.0"" height=""200.0px"" width=""200.0px""><path fill=""#000000"" fill-opacity=""1.0""  filling=""0"" d=""M108.3333969116211 128.83340454101562 L85.25 105.99999237060547 A159.59999084472656 159.59999084472656 0.0 0 0 118.58338928222656 46.58340072631836 L145.16659545898438 46.58340072631836 L145.16659545898438 28.166603088378906 L81.8333969116211 28.166603088378906 L81.8333969116211 10.0 L63.66659927368164 10.0 L63.66659927368164 28.166603088378906 L0.0 28.166603088378906 L0.0 46.249996185302734 L101.5833969116211 46.249996185302734 A144.3415985107422 144.3415985107422 0.0 0 1 72.75 95.0 A139.6750030517578 139.6750030517578 0.0 0 1 51.75 64.5833969116211 L33.333396911621094 64.5833969116211 A158.35000610351562 158.35000610351562 0.0 0 0 60.416603088378906 106.25 L14.333396911621094 151.66661071777344 L27.25 164.58340454101562 L72.75 119.08338928222656 L101.0 147.33340454101562 L108.3333969116211 128.83340454101562 Z M159.5 82.75 L140.91659545898438 82.75 L100.0 191.66659545898438 L118.1666030883789 191.66659545898438 L128.33340454101562 164.41659545898438 L171.58340454101562 164.41659545898438 L181.83340454101562 191.66659545898438 L200.0 191.66659545898438 L159.5 82.75 Z M135.66659545898438 146.33340454101562 L150.0 107.00000762939453 L164.75 146.33340454101562 L135.66659545898438 146.33340454101562 Z""></path></svg>"
41b38cf515cab74b8ccd839f826c2fa6,"<svg xmlns=""http://www.w3.org/2000/svg"" viewBox=""0.0 0.0 200.0 200.0"" height=""200.0px"" width=""200.0px""><path fill=""#10385C"" fill-opacity=""1.0""  filling=""0"" d=""M152.5 110.0 C176.0 110.0 195.0 129.0 195.0 152.5 C195.0 176.0 176.0 195.0 152.5 195.0 C129.0 195.0 110.0 176.0 110.0 152.5 C110.0 129.0 129.0 110.0 152.5 110.0 Z M162.0 96.5 L162.0 23.5 L24.0 23.5 L24.0 176.0 L106.5 176.0 C106.5 184.0 113.0 190.5 115.5 195.0 L18.0 195.0 C10.5 195.0 5.0 189.0 5.0 181.5 L5.0 18.5 C5.0 11.0 10.5 5.0 18.0 5.0 L167.5 5.0 C174.5 5.0 180.5 11.0 180.5 18.5 L180.5 110.5 C176.5 106.0 168.5 99.0 162.0 96.5 Z M52.5 65.0 C48.5 65.0 45.0 61.5 45.0 57.5 C45.0 53.5 48.5 50.0 52.5 50.0 C56.5 50.0 60.0 53.5 60.0 57.5 C60.0 61.5 56.5 65.0 52.5 65.0 Z M77.5 50.0 L127.5 50.0 C131.5 50.0 135.0 53.5 135.0 57.5 C135.0 61.5 131.5 65.0 127.5 65.0 L77.5 65.0 C73.5 65.0 70.0 61.5 70.0 57.5 C70.0 53.5 73.5 50.0 77.5 50.0 Z M52.5 95.0 C48.5 95.0 45.0 91.5 45.0 87.5 C45.0 83.5 48.5 80.0 52.5 80.0 C56.5 80.0 60.0 83.5 60.0 87.5 C60.0 91.5 56.5 95.0 52.5 95.0 Z M52.5 125.0 C48.5 125.0 45.0 121.5 45.0 117.5 C45.0 113.5 48.5 110.0 52.5 110.0 C56.5 110.0 60.0 113.5 60.0 117.5 C60.0 121.5 56.5 125.0 52.5 125.0 Z M77.5 80.0 L127.5 80.0 C131.5 80.0 135.0 83.5 135.0 87.5 C135.0 91.5 131.5 95.0 127.5 95.0 L77.5 95.0 C73.5 95.0 70.0 91.5 70.0 87.5 C70.0 83.5 73.5 80.0 77.5 80.0 Z M77.5 110.0 L92.5 110.0 C96.5 110.0 100.0 113.5 100.0 117.5 C100.0 121.5 96.5 125.0 92.5 125.0 L77.5 125.0 C73.5 125.0 70.0 121.5 70.0 117.5 C70.0 113.5 73.5 110.0 77.5 110.0 Z M159.5 179.5 C159.5 180.0 160.0 180.0 160.5 179.5 L161.0 179.5 C170.0 176.0 176.0 166.5 175.5 156.0 C175.0 147.0 171.0 140.5 163.0 137.0 C158.5 135.0 154.0 134.5 149.5 134.0 C148.0 134.0 148.0 133.5 148.0 132.5 L148.0 125.0 C142.0 131.0 136.0 136.5 130.5 142.5 C130.0 143.0 130.5 143.5 131.0 144.0 C136.5 149.5 141.5 155.0 147.0 160.5 L148.0 161.5 L148.0 152.0 C148.0 151.0 148.5 151.0 149.0 151.0 C151.5 151.0 154.0 151.0 156.5 152.0 C161.5 153.5 165.5 156.0 167.0 161.5 C169.0 167.5 166.5 175.5 159.5 179.5 Z""></path></svg>"
0db43ecb-1c8f-4efb-bb0e-097d5e9d0d4d,"<svg enable-background=""new 0 0 50 50"" height=""128"" viewBox=""0 0 50 50"" width=""128"" xmlns=""http://www.w3.org/2000/svg""><path d=""m35.82 9.58h-20c-.55 0-1 .45-1 1v30c0 .55.45 1 1 1h20c.55 0 1-.45 1-1v-30c0-.55-.45-1-1-1zm-1 30h-18v-28h18z""/><path d=""m25.82 37.13c3.69 0 6.68-3.04 6.68-6.77 0-3.74-3-6.77-6.68-6.77-3.69 0-6.68 3.04-6.68 6.77s3 6.77 6.68 6.77zm0-11.55c2.58 0 4.68 2.14 4.68 4.77s-2.1 4.77-4.68 4.77-4.68-2.14-4.68-4.77 2.1-4.77 4.68-4.77z""/><ellipse cx=""25.821"" cy=""30.356"" rx=""1.295"" ry=""1.315""/><path d=""m25.8 20.35c1.63 0 2.96-1.34 2.96-2.99s-1.33-2.99-2.96-2.99-2.96 1.34-2.96 2.99 1.33 2.99 2.96 2.99zm0-3.98c.53 0 .96.44.96.99s-.43.99-.96.99-.96-.44-.96-.99.43-.99.96-.99z""/></svg>"
2d829d14f389f6ac8a11d4a4542f3739,"<svg fill=""none"" height=""128"" viewBox=""0 0 32 32"" width=""128"" xmlns=""http://www.w3.org/2000/svg""><path d=""m30 21.79c-.11-7.62-6.34-12.79-14-12.79s-13.89 5.17-14 12.79v.21c0 4.42 3.58 8 8 8h12c4.42 0 8-3.58 8-8 0-.07 0-.14 0-.21z"" fill=""#ff8687""/><g fill=""#1c1c1c""><path d=""m10 16c-1.66 0-3 1.34-3 3v4c0 1.66 1.34 3 3 3s3-1.34 3-3v-4c0-1.66-1.34-3-3-3z""/><path d=""m22 16c-1.66 0-3 1.34-3 3v4c0 1.66 1.34 3 3 3s3-1.34 3-3v-4c0-1.66-1.34-3-3-3z""/></g></svg>"
386b7d92-a6fa-4005-abfc-50d67387cc7f,"<svg height=""128"" viewBox=""0 0 32 32"" width=""128"" xmlns=""http://www.w3.org/2000/svg""><g style=""fill:none;stroke:#000000;stroke-width:2;stroke-linecap:round;stroke-linejoin:round;stroke-miterlimit:10""><path d=""m3 3l26 26""/><path d=""m17 23h-11c-1.1 0-2-.9-2-2v-10c0-1.1.9-2 2-2h11c1.1 0 2 .9 2 2v10c0 1.1-.9 2-2 2z""/><path d=""m19 12v8l9 3v-14z""/></g></svg>"
1370d580a7e7a91afcbbfed1cc0f800a,"<svg xmlns=""http://www.w3.org/2000/svg"" viewBox=""0.0 0.0 200.0 200.0"" height=""200.0px"" width=""200.0px""><path fill=""#1A1A1A"" fill-opacity=""1.0""  filling=""0"" d=""M147.166015625 27.833984375 C134.083984375 14.833984375 117.08397674560547 8.333984375 100.0 8.333984375 C82.916015625 8.333984375 65.916015625 14.833984375 52.833984375 27.833984375 C26.833984375 53.91796875 26.833984375 96.083984375 52.833984375 122.083984375 L76.66796875 145.91796875 C65.66796875 150.41796875 58.333988189697266 158.001953125 58.333988189697266 166.66796875 C58.333988189697266 180.41796875 77.0 191.66796875 100.0 191.66796875 C123.0 191.66796875 141.666015625 180.41796875 141.666015625 166.66796875 C141.666015625 158.001953125 134.33203125 150.41796875 123.33203125 145.91796875 L147.166015625 122.083984375 C173.166015625 96.083984375 173.166015625 53.916011810302734 147.166015625 27.833984375 Z M124.916015625 166.666015625 C123.416015625 169.25 114.5 175.0 100.0 175.0 C85.5 175.0 76.583984375 169.25 75.083984375 166.666015625 C76.16796875 164.75 81.41796875 161.08203125 90.0 159.25 L94.083984375 163.333984375 C95.75 165.0 97.833984375 165.833984375 100.0 165.833984375 C102.16602325439453 165.833984375 104.25 165.0 105.91600799560547 163.333984375 L110.0 159.25 C118.583984375 161.083984375 123.83399200439453 164.75 124.916015625 166.666015625 Z M103.833984375 141.833984375 C102.583984375 141.66796875 101.333984375 141.66796875 100.0 141.66796875 C98.666015625 141.66796875 97.416015625 141.66796875 96.166015625 141.833984375 L64.666015625 110.33397674560547 C55.166019439697266 100.916015625 50.0 88.333984375 50.0 75.0 C50.0 61.666019439697266 55.166019439697266 49.083984375 64.666015625 39.666015625 C74.083984375 30.166015625 86.666015625 25.0 100.0 25.0 C113.333984375 25.0 125.916015625 30.166015625 135.333984375 39.666015625 C144.833984375 49.083984375 150.0 61.666019439697266 150.0 75.0 C150.0 88.333984375 144.833984375 100.916015625 135.333984375 110.33397674560547 L103.833984375 141.833984375 Z""></path>
<path fill=""#1A1A1A"" fill-opacity=""1.0""  filling=""0"" d=""M100.0 52.804683685302734 C87.7578125 52.804683685302734 77.83203125 62.728519439697266 77.83203125 74.97265625 C77.83203125 87.21484375 87.755859375 97.140625 100.0 97.140625 C112.244140625 97.140625 122.16796875 87.216796875 122.16796875 74.97265625 C122.16796875 62.728519439697266 112.2421875 52.804683685302734 100.0 52.804683685302734 Z M100.0 80.47265625 C96.966796875 80.47265625 94.5 78.005859375 94.5 74.97265625 C94.5 71.939453125 96.966796875 69.47265625 100.0 69.47265625 C103.03321075439453 69.47265625 105.49999237060547 71.939453125 105.49999237060547 74.97265625 C105.49999237060547 78.005859375 103.03321075439453 80.47265625 100.0 80.47265625 Z""></path></svg>"
96f5b41df88bd3c1a0f1348567f3b6cb,"<svg xmlns=""http://www.w3.org/2000/svg"" viewBox=""0.0 0.0 200.0 200.0"" height=""200.0px"" width=""200.0px""><path fill=""#CCCCCC"" fill-opacity=""1.0""  filling=""0"" d=""M172.6179962158203 48.053001403808594 C171.19700622558594 49.4739990234375 167.26800537109375 52.53499984741211 165.968994140625 53.83399963378906 C174.58599853515625 66.46700286865234 179.63600158691406 81.72599792480469 179.63600158691406 98.1719970703125 C179.63600158691406 141.6999969482422 144.3509979248047 176.98300170898438 100.82099914550781 176.98300170898438 C57.29199981689453 176.98300170898438 22.005996704101562 141.6999969482422 22.005996704101562 98.1719970703125 C22.005996704101562 54.64400100708008 57.29199981689453 19.361000061035156 100.82099914550781 19.361000061035156 C122.63999938964844 19.361000061035156 142.38099670410156 28.231002807617188 156.6510009765625 42.55699920654297 C158.30299377441406 40.904998779296875 161.33999633789062 37.61399841308594 162.71800231933594 36.23699951171875 C146.8719940185547 20.4010009765625 124.99199676513672 10.60400390625 100.82099914550781 10.60400390625 C52.459999084472656 10.60400390625 13.249000549316406 49.80400085449219 13.249000549316406 98.1719970703125 C13.249000549316406 146.531005859375 52.459999084472656 185.74000549316406 100.82099914550781 185.74000549316406 C149.1820068359375 185.74000549316406 188.39300537109375 146.531005859375 188.39300537109375 98.1719970703125 C188.39300537109375 79.5260009765625 182.552001953125 62.25299835205078 172.6179962158203 48.053001403808594 L172.6179962158203 48.053001403808594 Z""></path>
<path fill=""#CCCCCC"" fill-opacity=""1.0""  filling=""0"" d=""M126.447998046875 47.0629997253418 L110.0199966430664 77.33200073242188 C105.64199829101562 85.52899932861328 102.95899963378906 90.98100280761719 101.9800033569336 93.69000244140625 L101.70099639892578 93.69000244140625 C98.81700134277344 87.11900329589844 90.65499877929688 71.5739974975586 77.23300170898438 47.0629997253418 L61.78300094604492 47.0629997253418 L90.51499938964844 96.41600036621094 L66.95600128173828 96.41699981689453 L66.95600128173828 107.3219985961914 L94.56999969482422 107.3219985961914 L94.56999969482422 122.35099792480469 L66.95600128173828 122.35099792480469 L66.95600128173828 133.39599609375 L94.56999969482422 133.39599609375 L94.56999969482422 155.27699279785156 L108.27200317382812 155.27699279785156 L108.27200317382812 133.39599609375 L134.90699768066406 133.39599609375 L134.90699768066406 122.35099792480469 L108.27100372314453 122.35099792480469 L108.27100372314453 107.3219985961914 L134.90699768066406 107.3219985961914 L134.90699768066406 96.41699981689453 L112.0459976196289 96.41699981689453 L141.05799865722656 47.0629997253418 L126.447998046875 47.0629997253418 L126.447998046875 47.0629997253418 Z""></path></svg>"
244cd227d650008ad779e4449c685ac3,"<svg xmlns=""http://www.w3.org/2000/svg"" viewBox=""0.0 0.0 200.0 200.0"" height=""200.0px"" width=""200.0px""><path fill=""#040000"" fill-opacity=""1.0""  filling=""0"" d=""M97.38099670410156 24.998001098632812 L19.11700439453125 53.09000015258789 L20.826004028320312 59.071998596191406 C23.44300079345703 68.23999786376953 24.74200439453125 76.23799896240234 25.998001098632812 83.97699737548828 C29.861000061035156 107.77300262451172 32.91400146484375 126.56999969482422 69.56400299072266 150.99000549316406 C79.54900360107422 157.64300537109375 88.8550033569336 166.7030029296875 91.91200256347656 169.6820068359375 L97.33399963378906 174.92999267578125 L102.27100372314453 170.24200439453125 C105.64800262451172 167.03700256347656 114.75199890136719 158.75999450683594 126.34200286865234 151.1580047607422 C159.06199645996094 129.7010040283203 173.45700073242188 61.487998962402344 174.05499267578125 58.59400177001953 L175.2209930419922 52.9379997253418 L97.38099670410156 24.998001098632812 Z M149.77499389648438 91.5469970703125 C140.6580047607422 115.78700256347656 129.8459930419922 132.531005859375 118.50599670410156 139.9669952392578 C109.8239974975586 145.66200256347656 102.43599700927734 151.7030029296875 97.50199890136719 156.0290069580078 C92.74800109863281 151.5959930419922 85.38500213623047 145.11900329589844 77.4800033569336 139.85499572753906 C45.777000427246094 118.72899627685547 43.395999908447266 104.06800079345703 39.792999267578125 81.87899780273438 C38.79899978637695 75.75199890136719 37.696998596191406 68.97699737548828 35.875 61.49399948120117 L97.37899780273438 39.41600036621094 L159.05099487304688 61.55500030517578 C157.4550018310547 68.00399780273438 154.38499450683594 79.2969970703125 149.77499389648438 91.5469970703125 Z""></path>
<path fill=""#040000"" fill-opacity=""1.0""  filling=""0"" d=""M111.11900329589844 72.54900360107422 C101.33599853515625 63.077999114990234 85.41600036621094 63.077999114990234 75.63099670410156 72.54900360107422 C65.8479995727539 82.0199966430664 65.8479995727539 97.43000030517578 75.63099670410156 106.9000015258789 C84.1989974975586 115.19499969482422 97.4749984741211 116.2249984741211 107.21099853515625 109.98999786376953 L119.29499816894531 121.68800354003906 C121.33999633789062 123.66799926757812 124.65599822998047 123.66799926757812 126.70099639892578 121.68800354003906 C128.74600219726562 119.70700073242188 128.74600219726562 116.49800109863281 126.70099639892578 114.51799774169922 L114.53900146484375 102.74600219726562 C120.70700073242188 93.3550033569336 119.57599639892578 80.73600006103516 111.11900329589844 72.54900360107422 Z M103.71299743652344 99.73200225830078 C98.01200103759766 105.25 88.73799896240234 105.25 83.03700256347656 99.73200225830078 C77.33599853515625 94.21499633789062 77.33599853515625 85.23600006103516 83.03700256347656 79.71900177001953 C88.73799896240234 74.20099639892578 98.01200103759766 74.20099639892578 103.71299743652344 79.71900177001953 C109.41400146484375 85.23600006103516 109.41400146484375 94.21299743652344 103.71299743652344 99.73200225830078 Z""></path></svg>"
426aa538ac3f297b151503a0eae1889f,"<svg xmlns=""http://www.w3.org/2000/svg"" viewBox=""0.0 0.0 200.0 200.0"" height=""200.0px"" width=""200.0px""><path fill=""#2867CE"" fill-opacity=""1.0""  filling=""0"" d=""M153.6328125 30.60546875 L153.6328125 90.3125 L47.1484375 90.3125 L47.1484375 22.83203125 L43.65234375 22.83203125 C35.234375 22.83203125 28.41796875 29.6484375 28.41796875 38.06640625 L28.41796875 162.3828125 C28.41796875 170.80078125 35.234375 177.63671875 43.671875 177.63671875 L46.97265625 177.63671875 L46.97265625 109.08203125 L153.84765625 109.08203125 L153.84765625 177.63671875 L157.1484375 177.63671875 C165.56640625 177.63671875 172.40234375 170.8203125 172.40234375 162.3828125 L172.40234375 46.11328125 L153.6328125 30.60546875 Z""></path>
<path fill=""#BDD2EF"" fill-opacity=""1.0""  filling=""0"" d=""M59.47265625 121.6015625 L59.47265625 177.63671875 L141.30859375 177.63671875 L141.30859375 121.6015625 L59.47265625 121.6015625 Z M135.3125 162.63671875 L65.41015625 162.63671875 L65.41015625 153.515625 L135.3125 153.515625 L135.3125 162.63671875 Z M135.3125 145.15625 L65.41015625 145.15625 L65.41015625 136.03515625 L135.3125 136.03515625 L135.3125 145.15625 Z M59.66796875 22.83203125 L59.66796875 77.7734375 L141.11328125 77.7734375 L141.11328125 22.83203125 L59.66796875 22.83203125 Z M126.875 57.871089935302734 L114.35546875 57.871089935302734 L114.35546875 39.609371185302734 L126.875 39.609371185302734 L126.875 57.871089935302734 Z""></path></svg>"
9d3d65b9cef63049b3da71481aa360c3,"<svg xmlns=""http://www.w3.org/2000/svg"" viewBox=""0.0 0.0 200.0 200.0"" height=""200.0px"" width=""200.0px""><path fill=""#116D6D"" fill-opacity=""1.0""  filling=""0"" d=""M174.27734375 24.9609375 L25.91796875 24.9609375 C22.75390625 24.9609375 20.17578125 22.3828125 20.17578125 19.21875 C20.17578125 16.0546875 22.734375 13.4765625 25.91796875 13.4765625 L174.296875 13.4765625 C177.4609375 13.4765625 180.0390625 16.0546875 180.0390625 19.21875 C180.0390625 22.3828125 177.4609375 24.9609375 174.27734375 24.9609375 Z M174.27734375 185.859375 L25.91796875 185.859375 C22.75390625 185.859375 20.17578125 183.28125 20.17578125 180.1171875 C20.17578125 176.953125 22.75390625 174.375 25.91796875 174.375 L174.296875 174.375 C177.4609375 174.375 180.0390625 176.953125 180.0390625 180.1171875 C180.0390625 183.28125 177.4609375 185.859375 174.27734375 185.859375 Z M93.8671875 74.51171875 L29.51171875 74.51171875 C27.12890625 74.51171875 25.1953125 72.578125 25.1953125 70.1953125 C25.1953125 67.8125 27.12890625 65.87890625 29.51171875 65.87890625 L93.88671875 65.87890625 C96.26953125 65.87890625 98.203125 67.8125 98.203125 70.1953125 C98.203125 72.578125 96.25 74.51171875 93.8671875 74.51171875 Z M74.0234375 133.515625 L29.51171875 133.515625 C27.12890625 133.515625 25.1953125 131.58203125 25.1953125 129.19921875 C25.1953125 126.81640625 27.12890625 124.8828125 29.51171875 124.8828125 L74.0234375 124.8828125 C76.40625 124.8828125 78.33984375 126.81640625 78.33984375 129.19921875 C78.33984375 131.58203125 76.38671875 133.515625 74.0234375 133.515625 Z M121.0546875 102.07030487060547 L167.6953125 129.00390625 C172.16796875 131.58203125 177.75390625 128.359375 177.75390625 123.203125 L177.75390625 69.3359375 C177.75390625 64.1796875 172.16796875 60.95703125 167.6953125 63.535152435302734 L121.0546875 90.44921875 C116.6015625 93.02734375 116.6015625 99.4921875 121.0546875 102.07030487060547 Z""></path></svg>"
8be2785241ad8588627189631f7b45b2,"<svg xmlns=""http://www.w3.org/2000/svg"" viewBox=""0.0 0.0 200.0 200.0"" height=""200.0px"" width=""200.0px""><path fill=""#FFFFFF"" fill-opacity=""1.0""  filling=""0"" d=""M100.1953125 19.19921875 C55.507816314697266 19.19921875 19.140625 55.56640625 19.140625 100.25390625 C19.140625 144.94140625 55.507816314697266 181.30859375 100.1953125 181.30859375 C144.8828125 181.30859375 181.25 144.94140625 181.25 100.25390625 C181.25 55.56640625 144.8828125 19.19921875 100.1953125 19.19921875 Z M100.1953125 173.76953125 C81.19140625 173.76953125 63.906253814697266 166.46484375 50.839839935302734 154.58984375 C54.921878814697266 151.69921875 60.078125 150.33203125 67.20703125 148.59375 C74.55078125 146.796875 85.390625 145.83984375 84.82421875 136.953125 C86.81640625 136.77734375 88.65234375 139.12109375 91.38671875 140.234375 C100.0 143.76953125 110.60546875 141.71875 116.77734375 136.0546875 C115.83983612060547 145.1953125 126.4453125 146.62109375 134.39453125 148.59375 C141.171875 150.2734375 146.15234375 151.4453125 150.1953125 153.984375 C137.08984375 166.2109375 119.53125 173.76953125 100.1953125 173.76953125 Z M105.74219512939453 54.78515625 C122.3046875 56.210933685302734 133.4765625 74.86328125 129.04296875 94.21875 C129.74609375 94.8046875 131.62109375 94.23828125 131.73828125 95.41015625 C132.2265625 102.22657012939453 130.37109375 109.140625 125.17578125 111.24999237060547 C122.5 122.2265625 115.72265625 134.21875 103.37890625 135.7421875 C88.0859375 137.63671875 79.4921875 123.3984375 76.796875 111.24999237060547 C71.38671875 109.19921112060547 70.0 103.125 69.921875 95.72265625 C70.1953125 94.609375 71.640625 94.6484375 72.6171875 94.23828125 C69.0234375 69.51171875 81.07421875 52.675785064697266 105.74219512939453 54.78515625 Z M154.84375 149.2578125 C153.5546875 148.26171875 152.16796875 147.3046875 150.546875 146.50390625 C142.55859375 142.55859375 131.71875 142.91015625 123.671875 138.14453125 L123.671875 130.078125 C126.3671875 125.80078125 129.35546875 121.8359375 130.546875 116.03515625 C135.37109375 111.2890625 139.0234375 104.78515625 138.61328125 96.9140625 C138.4765625 94.375 136.5625 92.36328125 136.23046875 90.0390625 C135.859375 87.55859375 136.66015625 85.09765625 136.5234375 82.87109375 C135.3515625 63.9453125 123.4375 51.09375 106.0546875 48.22265625 L95.8984375 48.22265625 C79.5703125 50.41015625 67.03125 63.49609375 65.4296875 80.48828125 C65.15625 83.4375 65.8203125 86.66015625 65.4296875 89.74609375 C65.15625 91.953125 63.613285064697266 93.53515625 63.339839935302734 96.015625 C62.8125 100.91796875 64.296875 105.234375 65.72265625 108.5546875 C67.03125 111.5625 69.4921875 113.16407012939453 71.09375 116.015625 C73.76953125 120.76171875 74.375 126.54296875 78.26171875 130.05859375 L78.26171875 138.41796875 C68.6328125 143.14453125 58.339847564697266 142.63671875 50.48828125 146.77734375 C48.92578125 147.59765625 47.500003814697266 148.671875 46.132816314697266 149.8828125 C34.1015625 136.796875 26.6796875 119.39453125 26.6796875 100.25390625 C26.6796875 59.726558685302734 59.6484375 26.73828125 100.1953125 26.73828125 C140.72265625 26.73828125 173.7109375 59.726558685302734 173.7109375 100.25390625 C173.7109375 119.08203125 166.5234375 136.23046875 154.84375 149.2578125 Z""></path></svg>"
92edbc425cf8eb1429203b38912144e1,"<svg xmlns=""http://www.w3.org/2000/svg"" viewBox=""0.0 0.0 200.0 200.0"" height=""200.0px"" width=""200.0px""><path fill="""" fill-opacity=""1.0""  filling=""0"" d=""M95.68299865722656 139.60000610351562 A10.407999992370605 10.407999992370605 0.0 0 1 85.36699676513672 149.9499969482422 C79.625 149.9499969482422 75.11699676513672 145.44200134277344 75.0 139.6999969482422 L74.86699676513672 139.6999969482422 L74.86699676513672 87.67500305175781 L75.0 87.67500305175781 L75.0 87.43299865722656 C75.0 81.65799713134766 79.63300323486328 76.96700286865234 85.30799865722656 76.96700286865234 C90.98300170898438 76.96700286865234 95.60800170898438 81.65799713134766 95.60800170898438 87.44999694824219 L95.60800170898438 87.82499694824219 L95.74199676513672 87.82499694824219 L95.74199676513672 139.6999969482422 L95.60800170898438 139.6999969482422 L95.68299865722656 139.60000610351562 Z M188.49200439453125 98.85800170898438 C194.74200439453125 98.85800170898438 200.0 104.00800323486328 200.0 110.33300018310547 A11.567000389099121 11.567000389099121 0.0 0 1 176.86700439453125 110.30000305175781 C176.86700439453125 103.91699981689453 181.99200439453125 98.79199981689453 188.35800170898438 98.79199981689453 L188.49200439453125 98.85800170898438 Z M171.125 133.74200439453125 C172.13299560546875 135.36700439453125 172.73300170898438 137.3419952392578 172.73300170898438 139.45799255371094 C172.73300170898438 145.31700134277344 168.125 149.95799255371094 162.36700439453125 149.95799255371094 A10.333000183105469 10.333000183105469 0.0 0 1 153.36700439453125 144.6999969482422 L136.25799560546875 121.81700134277344 L131.0 126.69999694824219 L131.0 140.3249969482422 L130.88299560546875 140.3249969482422 A10.274999618530273 10.274999618530273 0.0 0 1 120.67500305175781 150.05799865722656 A10.241999626159668 10.241999626159668 0.0 0 1 110.5 139.74200439453125 L110.5 139.5330047607422 L110.36699676513672 139.5330047607422 L110.36699676513672 60.78300094604492 L110.59200286865234 60.78300094604492 L110.59200286865234 60.391998291015625 C110.59200286865234 54.641998291015625 115.18299865722656 49.95000076293945 120.84200286865234 49.95000076293945 C126.45800018310547 49.95000076293945 131.0500030517578 54.632999420166016 131.0500030517578 60.391998291015625 L131.0500030517578 60.974998474121094 L131.18299865722656 60.974998474121094 L131.26699829101562 99.28299713134766 L150.52499389648438 80.44200134277344 C152.43299865722656 78.31700134277344 155.18299865722656 77.06700134277344 158.25799560546875 77.06700134277344 C164.0 77.06700134277344 168.6580047607422 81.81700134277344 168.6580047607422 87.56700134277344 C168.6580047607422 90.44999694824219 167.5500030517578 92.94999694824219 165.79200744628906 94.82499694824219 L165.89199829101562 94.94999694824219 L152.38299560546875 108.32499694824219 L171.39199829101562 133.83299255371094 L171.25799560546875 133.9669952392578 L171.125 133.74200439453125 Z M60.742000579833984 133.74200439453125 C61.742000579833984 135.36700439453125 62.367000579833984 137.3419952392578 62.367000579833984 139.45799255371094 C62.367000579833984 145.31700134277344 57.742000579833984 149.95799255371094 52.0 149.95799255371094 C48.117000579833984 149.95799255371094 44.742000579833984 147.8249969482422 42.992000579833984 144.6999969482422 L25.875 121.81700134277344 L20.625 126.69999694824219 L20.625 140.29200744628906 L20.5 140.29200744628906 A10.25 10.25 0.0 0 1 10.324996948242188 150.04200744628906 A10.267000198364258 10.267000198364258 0.0 0 1 0.11699676513671875 139.72500610351562 L0.11699676513671875 139.5 L0.0 139.5 L0.0 60.75 L0.25800323486328125 60.75 C0.22499847412109375 60.625 0.22499847412109375 60.507999420166016 0.22499847412109375 60.382999420166016 C0.22499847412109375 54.632999420166016 4.8170013427734375 49.95000076293945 10.474998474121094 49.95000076293945 C16.099998474121094 49.95000076293945 20.682998657226562 54.608001708984375 20.682998657226562 60.367000579833984 L20.682998657226562 60.95000076293945 L20.817001342773438 60.95000076293945 L20.900001525878906 99.28299713134766 L40.15800094604492 80.44200134277344 C42.07500076293945 78.31700134277344 44.84199905395508 77.06700134277344 47.91699981689453 77.06700134277344 C53.641998291015625 77.06700134277344 58.29199981689453 81.81700134277344 58.29199981689453 87.56700134277344 C58.29199981689453 90.31700134277344 57.20000076293945 92.94999694824219 55.40800094604492 94.82499694824219 L55.54199981689453 94.94999694824219 L41.983001708984375 108.32499694824219 L60.90800094604492 133.83299255371094 L60.775001525878906 133.9669952392578 L60.742000579833984 133.74200439453125 Z""></path></svg>"
66eec18f9c8a1b693aab52c1eb617116,"<svg xmlns=""http://www.w3.org/2000/svg"" viewBox=""0.0 0.0 200.0 200.0"" height=""200.0px"" width=""200.0px""><path fill=""#030835"" fill-opacity=""1.0""  filling=""0"" d=""M122.70840454101562 31.074996948242188 A12.449999809265137 12.449999809265137 0.0 0 1 110.2916030883789 43.491600036621094 L89.625 43.491600036621094 A12.375 12.375 0.0 1 1 89.625 18.741600036621094 L110.2916030883789 18.741600036621094 A12.433398246765137 12.433398246765137 0.0 0 1 122.70840454101562 31.074996948242188 Z""></path>
<path fill=""#030835"" fill-opacity=""1.0""  filling=""0"" d=""M131.0 31.841598510742188 A20.808399200439453 20.808399200439453 0.0 0 1 110.3333969116211 51.84159851074219 L89.66659545898438 51.84159851074219 A20.75 20.75 0.0 0 1 69.0 31.841598510742188 A41.5 41.5 0.0 0 0 33.333396911621094 72.92500305175781 L33.333396911621094 139.5915985107422 A41.68339920043945 41.68339920043945 0.0 0 0 75.0 181.25840759277344 L125.0 181.25840759277344 A41.68339920043945 41.68339920043945 0.0 0 0 166.66659545898438 139.5915985107422 L166.66659545898438 72.92500305175781 A41.583396911621094 41.583396911621094 0.0 0 0 131.0 31.841598510742188 Z M119.81660461425781 143.75840759277344 L80.06660461425781 143.75840759277344 A6.25 6.25 0.0 0 1 80.06660461425781 131.25840759277344 L119.81660461425781 131.25840759277344 A6.25 6.25 0.0 0 1 119.81660461425781 143.75840759277344 Z M133.3166046142578 114.42500305175781 L66.64999389648438 114.42500305175781 A6.25 6.25 0.0 1 1 66.64999389648438 101.92500305175781 L133.3166046142578 101.92500305175781 A6.25 6.25 0.0 0 1 133.3166046142578 114.42500305175781 Z""></path></svg>"
1746e618853fd17448f2740f90622e42,"<svg xmlns=""http://www.w3.org/2000/svg"" viewBox=""0.0 0.0 200.0 200.0"" height=""200.0px"" width=""200.0px""><path fill=""#EDC276"" fill-opacity=""1.0""  filling=""0"" d=""M87.22699737548828 29.822998046875 A5.60099983215332 5.60099983215332 0.0 0 0 79.34100341796875 29.709999084472656 A1110.8690185546875 1110.8690185546875 0.0 0 1 28.012001037597656 76.1240005493164 C30.59100341796875 78.90599822998047 33.18699645996094 81.67900085449219 35.802001953125 84.44300079345703 C37.24800109863281 83.20600128173828 38.68899917602539 81.96700286865234 40.125 80.7239990234375 A1214.5260009765625 1214.5260009765625 0.0 0 0 124.94999694824219 81.9489974975586 C126.3499984741211 83.23200225830078 127.75399780273438 84.51300048828125 129.16299438476562 85.79000091552734 C131.8560028076172 83.10299682617188 134.531005859375 80.40599822998047 137.18800354003906 77.69999694824219 A1113.4549560546875 1113.4549560546875 0.0 0 1 87.22699737548828 29.822998046875 Z""></path>
<path fill=""#A59E93"" fill-opacity=""1.0""  filling=""0"" d=""M10.992996215820312 73.35600280761719 C8.652999877929688 73.18299865722656 6.44000244140625 74.37000274658203 5.377998352050781 76.37300109863281 C4.3170013427734375 78.375 4.6230010986328125 80.80000305175781 6.168998718261719 82.51599884033203 C26.367996215820312 104.93599700927734 47.71699905395508 126.85399627685547 70.1969985961914 148.17999267578125 C71.6760025024414 146.9010009765625 73.1500015258789 145.6219940185547 74.62100219726562 144.33900451660156 C100.697998046875 125.91400146484375 125.64299774169922 106.69000244140625 149.4219970703125 86.7699966430664 C151.8249969482422 86.6729965209961 154.22900390625 86.56800079345703 156.6320037841797 86.45700073242188 L156.11599731445312 75.33999633789062 A1208.9749755859375 1208.9749755859375 0.0 0 1 10.992996215820312 73.35600280761719 Z""></path>
<path fill=""#A59E93"" fill-opacity=""1.0""  filling=""0"" d=""M191.38299560546875 49.35499954223633 C193.4320068359375 47.01599884033203 193.14500427246094 43.505001068115234 190.77699279785156 41.5099983215332 C188.4080047607422 39.51499938964844 184.85499572753906 39.777000427246094 182.80499267578125 42.0989990234375 C157.18600463867188 71.13800048828125 129.60899353027344 99.34200286865234 100.12000274658203 126.51000213623047 C97.76200103759766 128.6820068359375 97.74600219726562 132.2050018310547 100.12000274658203 134.3800048828125 C101.30699920654297 135.46600341796875 102.86599731445312 136.00599670410156 104.4229965209961 136.0019989013672 C105.98100280761719 135.99600219726562 107.53600311279297 135.44400024414062 108.71600341796875 134.35000610351562 A1173.0489501953125 1173.0489501953125 0.0 0 0 121.47200012207031 122.33200073242188 A1176.5 1176.5 0.0 0 0 151.625 148.3520050048828 L152.7259979248047 175.6999969482422 C156.91099548339844 175.531005859375 161.09500122070312 175.34300231933594 165.2790069580078 175.13400268554688 L163.8000030517578 145.49899291992188 L163.8000030517578 145.49200439453125 A1761271.5 1761271.5 0.0 0 1 160.68299865722656 82.99800109863281 A1130.5579833984375 1130.5579833984375 0.0 0 0 191.38299560546875 49.35499954223633 Z M150.99200439453125 132.62600708007812 A1164.52197265625 1164.52197265625 0.0 0 1 129.8000030517578 114.29100036621094 A1155.3179931640625 1155.3179931640625 0.0 0 0 149.46299743652344 94.6449966430664 C149.97300720214844 107.30599975585938 150.48300170898438 119.96499633789062 150.99200439453125 132.62600708007812 Z""></path>
<path fill=""#979292"" fill-opacity=""1.0""  filling=""0"" d=""M80.32599639892578 113.36900329589844 C98.48500061035156 113.66500091552734 113.4219970703125 127.21399688720703 113.68699645996094 144.20199584960938 C113.9530029296875 161.1750030517578 98.58000183105469 175.17100524902344 79.35199737548828 174.86000061035156 C60.124000549316406 174.56199645996094 45.196998596191406 160.0850067138672 46.000999450683594 143.12899780273438 C46.80400085449219 126.15799713134766 62.16600036621094 113.08999633789062 80.32599639892578 113.36900329589844 Z""></path>
<path fill=""#524949"" fill-opacity=""1.0""  filling=""0"" d=""M79.23400115966797 182.2779998779297 C55.24399948120117 181.9080047607422 36.68299865722656 163.75999450683594 37.84000015258789 142.7570037841797 C38.99599838256836 121.73100280761719 58.0989990234375 105.61100006103516 80.44300079345703 105.94999694824219 C102.78700256347656 106.31900024414062 121.36499786376953 123.03600311279297 121.85399627685547 144.08799743652344 C122.34400177001953 165.1179962158203 103.2239990234375 182.66799926757812 79.23400115966797 182.2779998779297 Z M80.20800018310547 120.78700256347656 C66.3550033569336 120.572998046875 54.67399978637695 130.59100341796875 54.16299819946289 143.4499969482422 C53.652000427246094 156.3000030517578 65.0009994506836 167.2169952392578 79.46900177001953 167.4429931640625 C93.93699645996094 167.67599487304688 105.625 157.1230010986328 105.52100372314453 144.26400756835938 C105.41699981689453 131.39500427246094 94.06099700927734 121.01100158691406 80.20800018310547 120.78700256347656 Z""></path>
<path fill=""#524949"" fill-opacity=""1.0""  filling=""0"" d=""M80.16899871826172 133.4340057373047 C86.5989990234375 133.53700256347656 91.78900146484375 138.3459930419922 91.76100158691406 144.2469940185547 C91.73200225830078 150.14599609375 86.39199829101562 154.9029998779297 79.83200073242188 154.7989959716797 C73.27300262451172 154.69700622558594 68.08399963378906 149.77499389648438 68.24099731445312 143.8780059814453 C68.39800262451172 137.97799682617188 73.73899841308594 133.3350067138672 80.16899871826172 133.4340057373047 Z""></path></svg>"
af4a0c3d71c82e28ce9d41f9ee8c4c2d,"<svg xmlns=""http://www.w3.org/2000/svg"" viewBox=""0.0 0.0 200.0 200.0"" height=""200.0px"" width=""200.0px""><path fill="""" fill-opacity=""1.0""  filling=""0"" d=""M173.2421875 56.210933685302734 L143.828125 26.7578125 L107.65625 52.65625 L101.64063262939453 46.640621185302734 L91.328125 57.03125 L143.046875 108.75 L153.359375 98.359375 L147.421875 92.421875 L173.2421875 56.210933685302734 Z M103.5546875 106.8359375 L88.046875 122.34375 L77.734375 112.03124237060547 L93.2421875 96.4453125 L82.8515625 86.1328125 L67.34375 101.64063262939453 L57.03125 91.328125 L46.640621185302734 101.64063262939453 L52.65625 107.65625 L26.7578125 143.828125 L56.210933685302734 173.2421875 L92.421875 147.421875 L98.359375 153.359375 L108.75 143.046875 L98.359375 132.65625 L113.8671875 117.1484375 L103.5546875 106.8359375 Z""></path></svg>"
df01fd16ec344d444235519b71c8c738,"<svg xmlns=""http://www.w3.org/2000/svg"" viewBox=""0.0 0.0 200.0 200.0"" height=""200.0px"" width=""200.0px""><path fill=""#FF6600"" fill-opacity=""1.0""  filling=""0"" d=""M194.5540008544922 77.37899780273438 C190.3459930419922 75.57499694824219 172.3040008544922 77.5790023803711 167.29200744628906 73.03700256347656 C163.75 69.76200103759766 163.52499389648438 63.83300018310547 162.14599609375 55.92900085449219 C159.83299255371094 42.69200134277344 158.87100219726562 39.69200134277344 156.4669952392578 34.47900390625 C147.70799255371094 15.903999328613281 126.73799896240234 0.0 107.68399810791016 0.0 L63.516998291015625 0.0 C28.766998291015625 0.0 0.36699676513671875 28.466995239257812 0.36699676513671875 63.2130012512207 L0.36699676513671875 136.92100524902344 C0.36699676513671875 171.60000610351562 28.766998291015625 200.0 63.516998291015625 200.0 L136.08299255371094 200.0 C170.83299255371094 200.0 199.0290069580078 171.60000610351562 199.23300170898438 136.91700744628906 L199.63299560546875 85.86699676513672 C199.63299560546875 85.86699676513672 199.63299560546875 79.55799865722656 194.5540008544922 77.37899780273438 Z M62.5 50.0 L95.83300018310547 50.0 A12.5 12.5 0.0 0 1 95.83300018310547 75.0 L62.5 75.0 A12.5 12.5 0.0 0 1 62.5 50.0 Z M137.5 150.0 L62.5 150.0 A12.5 12.5 0.0 1 1 62.5 125.0 L137.5 125.0 A12.5 12.5 0.0 1 1 137.5 150.0 Z""></path></svg>"
6cd2ff67e8c40d994115dc735aab04ab,"<svg xmlns=""http://www.w3.org/2000/svg"" viewBox=""0.0 0.0 200.0 200.0"" height=""200.0px"" width=""200.0px""><path fill="""" fill-opacity=""1.0""  filling=""0"" d=""M152.85723876953125 20.714256286621094 L47.14277267456055 20.714256286621094 C29.285743713378906 20.714256286621094 14.285743713378906 35.714256286621094 14.285743713378906 53.57148742675781 L14.285743713378906 118.57148742675781 C14.285743713378906 135.71426391601562 27.142776489257812 150.0 44.28573989868164 151.42852783203125 L44.28573989868164 162.1427764892578 C44.28573989868164 169.28573608398438 47.85722351074219 175.0 54.28573989868164 177.85723876953125 C60.000003814697266 180.71426391601562 67.14277648925781 180.0 72.85722351074219 175.71426391601562 L100.7142562866211 152.1427764892578 L152.85723876953125 152.1427764892578 C170.71426391601562 152.1427764892578 185.71426391601562 137.1427764892578 185.71426391601562 119.28573608398438 L185.71426391601562 53.57148742675781 C185.71426391601562 35.714256286621094 170.71426391601562 20.714256286621094 152.85723876953125 20.714256286621094 Z M133.57147216796875 109.28575134277344 L66.42852020263672 109.28575134277344 C62.14277267456055 109.28575134277344 59.285743713378906 106.42851257324219 59.285743713378906 102.14277648925781 C59.285743713378906 97.85722351074219 62.14277267456055 95.0 66.42852020263672 95.0 L132.8572235107422 95.0 C137.1427764892578 95.0 140.0 97.85722351074219 140.0 102.14277648925781 C140.0 106.42851257324219 137.1427764892578 109.28575134277344 133.57147216796875 109.28575134277344 Z M133.57147216796875 77.14277648925781 L66.42852020263672 77.14277648925781 C62.14277267456055 77.14277648925781 59.285743713378906 74.28573608398438 59.285743713378906 70.0 C59.285743713378906 65.7142562866211 62.14277267456055 62.85722732543945 66.42852020263672 62.85722732543945 L132.8572235107422 62.85722732543945 C137.1427764892578 62.85722732543945 140.0 65.7142562866211 140.0 70.0 C140.0 74.28573608398438 137.1427764892578 77.14277648925781 133.57147216796875 77.14277648925781 Z""></path></svg>"
9ad34e074349bc67029395238ce85ab5,"<svg xmlns=""http://www.w3.org/2000/svg"" viewBox=""0.0 0.0 200.0 200.0"" height=""200.0px"" width=""200.0px""><path fill=""#FFFFFF"" fill-opacity=""1.0""  filling=""0"" d=""M0.0 0.0 L200.0 0.0 L200.0 200.0 L0.0 200.0 L0.0 0.0 Z""></path>
<path fill=""#000000"" fill-opacity=""1.0""  filling=""0"" d=""M180.98800659179688 180.68800354003906 L181.0500030517578 186.93800354003906 A6.25 6.25 0.0 0 0 186.86300659179688 178.54400634765625 L180.98800659179688 180.68800354003906 Z M167.70599365234375 144.29400634765625 L162.51300048828125 140.81900024414062 A6.25 6.25 0.0 0 0 161.83700561523438 146.43099975585938 L167.71200561523438 144.29400634765625 L167.70599365234375 144.29400634765625 Z M68.75 81.25 A6.25 6.25 0.0 1 0 81.25 81.25 L68.75 81.25 Z M100.0 112.5 L95.31900024414062 108.35600280761719 A6.25 6.25 0.0 0 0 93.75 112.5 L100.0 112.5 Z M93.75 114.58100128173828 A6.25 6.25 0.0 1 0 106.25 114.58100128173828 L93.75 114.58100128173828 Z M93.75 144.29400634765625 A6.25 6.25 0.0 1 0 106.25 144.29400634765625 L93.75 144.29400634765625 Z M106.25 137.5 A6.25 6.25 0.0 1 0 93.75 137.5 L106.25 137.5 Z M187.5 99.58799743652344 C187.5 51.4630012512207 148.29400634765625 12.5 100.0 12.5 L100.0 25.0 C141.4499969482422 25.0 175.0 58.42499923706055 175.0 99.58799743652344 L187.5 99.58799743652344 Z M100.0 12.5 C51.70600128173828 12.5 12.5 51.4630012512207 12.5 99.58799743652344 L25.0 99.58799743652344 C25.0 58.42499923706055 58.54999923706055 25.0 100.0 25.0 L100.0 12.5 Z M12.5 99.58799743652344 C12.5 147.6060028076172 51.33700180053711 187.5 99.73799896240234 187.5 L99.73799896240234 175.0 C58.39400100708008 175.0 25.0 140.86300659179688 25.0 99.58799743652344 L12.5 99.58799743652344 Z M172.906005859375 147.76199340820312 A86.42500305175781 86.42500305175781 0.0 0 0 187.5 99.58799743652344 L175.0 99.58799743652344 C175.0 114.83799743652344 170.406005859375 129.00599670410156 162.51300048828125 140.81900024414062 L172.906005859375 147.76199340820312 Z M186.86300659179688 178.54400634765625 L173.58099365234375 142.14999389648438 L161.83099365234375 146.43099975585938 L175.11900329589844 182.83099365234375 L186.86300659179688 178.54400634765625 Z M99.73799896240234 187.5 C126.91899871826172 187.5 153.83700561523438 187.1999969482422 181.0500030517578 186.93800354003906 L180.9250030517578 174.43800354003906 C153.68800354003906 174.70599365234375 126.84400177001953 175.0 99.73799896240234 175.0 L99.73799896240234 187.5 Z M81.25 81.25 A18.75 18.75 0.0 0 1 100.0 62.5 L100.0 50.0 A31.25 31.25 0.0 0 0 68.75 81.25 L81.25 81.25 Z M100.0 62.5 A18.75 18.75 0.0 0 1 118.75 81.25 L131.25 81.25 A31.25 31.25 0.0 0 0 100.0 50.0 L100.0 62.5 Z M93.75 112.5 L93.75 114.58100128173828 L106.25 114.58100128173828 L106.25 112.5 L93.75 112.5 Z M118.75 81.25 C118.75 85.06199645996094 116.25 89.05599975585938 111.13099670410156 93.96299743652344 C108.66899871826172 96.32499694824219 105.98799896240234 98.55599975585938 103.17500305175781 100.96199798583984 C100.48699951171875 103.25599670410156 97.61900329589844 105.76300048828125 95.31900024414062 108.35600280761719 L104.68099975585938 116.64399719238281 C106.32499694824219 114.78099822998047 108.55599975585938 112.80000305175781 111.29399871826172 110.45600128173828 C113.91899871826172 108.2249984741211 116.98799896240234 105.66899871826172 119.79399871826172 102.98100280761719 C125.19400024414062 97.78099822998047 131.25 90.60600280761719 131.25 81.25 L118.75 81.25 Z M106.25 144.29400634765625 L106.25 137.5 L93.75 137.5 L93.75 144.29400634765625 L106.25 144.29400634765625 Z""></path></svg>"
46a4faf1ae6a4426e6e96a35abb5074f,"<svg fill=""none"" height=""128"" viewBox=""0 0 32 32"" width=""128"" xmlns=""http://www.w3.org/2000/svg""><path d=""m10 18c0 1.66-1.34 3-3 3s-3-1.34-3-3 1.34-3 3-3 3 1.34 3 3z"" fill=""#f4c6ad""/><path d=""m28 18c0 1.66-1.34 3-3 3s-3-1.34-3-3 1.34-3 3-3 3 1.34 3 3z"" fill=""#f4c6ad""/><path d=""m15.15 4.5c-5.19 0-9.18 4.4-8.88 9.5l.79 10.4c.3 3.3 2.8 5.6 5.99 5.6h5.99c3.09 0 5.69-2.3 5.98-5.6l.7-10.4c.4-5.2-3.69-9.5-8.88-9.5z"" fill=""#ffd7c2""/><path d=""m15.29 17.53-.99 3.17c-.21.65.28 1.3.97 1.3h1.46c.69 0 1.18-.66.97-1.3l-.99-3.17c-.21-.71-1.2-.71-1.42 0z"" fill=""#e5af93""/><path d=""m16 23.9c-.95 0-1.84-.23-2.58-.62-.26-.13-.53.16-.37.39.62.95 1.71 1.58 2.95 1.58s2.33-.63 2.95-1.58c.16-.24-.11-.52-.37-.39-.74.39-1.62.62-2.58.62z"" fill=""#990838""/><path d=""m9.01 17.37c.29-1.13 1.32-1.97 2.53-1.97 1.27 0 2.32.9 2.56 2.1.05.26-.16.5-.43.5h-4.15c-.34 0-.58-.31-.51-.63z"" fill=""#ffffff""/><path d=""m22.99 17.37c-.29-1.13-1.32-1.97-2.53-1.97-1.28 0-2.32.9-2.56 2.1-.05.26.16.5.43.5h4.15c.34 0 .58-.31.51-.63z"" fill=""#ffffff""/><path d=""m10.26 17.56c0-.93.75-1.67 1.67-1.67s1.66.74 1.66 1.67c0 .15-.02.3-.06.44h-3.21c-.04-.15-.06-.29-.06-.44z"" fill=""#7d4533""/><path d=""m21.74 17.56c0-.93-.75-1.67-1.67-1.67s-1.67.74-1.66 1.67c0 .15.02.3.06.44h3.21c.04-.15.06-.29.06-.44z"" fill=""#7d4533""/><path d=""m11.93 16.61c.52 0 .95.42.95.95 0 .15-.04.3-.11.44h-1.68c-.07-.14-.11-.29-.11-.44 0-.53.42-.95.95-.95z"" fill=""#000000""/><path d=""m20.06 16.61c-.52 0-.95.42-.95.95 0 .15.04.3.11.44h1.68c.07-.14.11-.29.11-.44 0-.53-.42-.95-.95-.95z"" fill=""#000000""/><path d=""m11.65 16.92c0 .17-.13.3-.3.3-.16 0-.29-.13-.29-.3s.13-.3.29-.3c.17 0 .3.13.3.3z"" fill=""#ffffff""/><path d=""m19.85 16.92c0 .17-.14.3-.3.3s-.3-.13-.3-.3.14-.3.3-.3.3.13.3.3z"" fill=""#ffffff""/><g fill=""#212121""><path d=""m8.96 12.99.01-.01.01-.01.02-.01c.02-.02.04-.03.07-.05.05-.04.13-.1.22-.15.18-.12.45-.26.78-.4.67-.26 1.63-.47 2.79-.29.54.08.91.59.82 1.14-.08.54-.59.91-1.14.82-.74-.11-1.33.02-1.74.18-.2.09-.36.17-.45.23-.05.03-.09.06-.11.07 0 .01-.01.01-.01.01-.42.35-1.05.29-1.39-.13-.36-.42-.3-1.05.12-1.4z""/><path d=""m22.94 12.99-.01-.01-.01-.01-.02-.01c-.02-.02-.04-.03-.07-.05-.05-.04-.13-.1-.22-.15-.18-.12-.45-.26-.78-.4-.67-.26-1.63-.47-2.79-.29-.54.08-.91.59-.82 1.14.08.54.59.91 1.14.82.74-.11 1.33.02 1.74.18.2.09.36.17.45.23.05.03.09.06.11.07 0 .01.01.01.01.01.42.35 1.05.29 1.39-.13.36-.42.3-1.05-.12-1.4z""/></g></svg>"
11c1b206357e957e417b6fb820eb7ad0,"<svg xmlns=""http://www.w3.org/2000/svg"" viewBox=""0.0 0.0 200.0 200.0"" height=""200.0px"" width=""200.0px""><path fill=""#707070"" fill-opacity=""1.0""  filling=""0"" d=""M49.0629997253418 163.75 C59.375 163.75 67.81199645996094 155.0 67.81199645996094 144.375 C67.81199645996094 134.375 60.3120002746582 125.93800354003906 50.625 125.31199645996094 L50.625 99.06199645996094 L98.43800354003906 99.06199645996094 L98.43800354003906 125.31199645996094 C88.75 126.25 81.25 134.375 81.25 144.68800354003906 C81.25 155.31199645996094 89.68800354003906 164.06199645996094 100.0 164.06199645996094 C110.31199645996094 164.06199645996094 118.75 155.31199645996094 118.75 144.68800354003906 C118.75 134.68800354003906 111.25 126.25 101.56199645996094 125.625 L101.56199645996094 99.375 L149.375 99.375 L149.375 125.625 C139.68800354003906 126.25 131.875 134.68800354003906 131.875 144.68800354003906 C131.875 155.31199645996094 140.31199645996094 164.06199645996094 150.625 164.06199645996094 C160.93800354003906 164.06199645996094 169.375 155.31199645996094 169.375 144.68800354003906 C169.375 134.68800354003906 161.875 126.56199645996094 152.5 125.625 L152.5 96.25 L101.56199645996094 96.25 L101.56199645996094 75.0 C111.25 74.06199645996094 118.75 65.93800354003906 118.75 55.9379997253418 C118.75 45.3120002746582 110.31199645996094 36.5629997253418 100.0 36.5629997253418 C89.68800354003906 36.5629997253418 81.25 45.3120002746582 81.25 55.9379997253418 C81.25 65.93800354003906 88.75 74.375 98.43800354003906 75.0 L98.43800354003906 96.25 L47.5 96.25 L47.5 125.625 C37.8120002746582 126.56199645996094 30.311996459960938 134.68800354003906 30.311996459960938 144.68800354003906 C30.311996459960938 155.31199645996094 38.75 163.75 49.0629997253418 163.75 Z M100.0 157.5 C93.125 157.5 87.5 151.56199645996094 87.5 144.375 C87.5 137.18800354003906 93.125 131.25 100.0 131.25 C106.875 131.25 112.5 137.18800354003906 112.5 144.375 C112.5 151.56199645996094 106.875 157.5 100.0 157.5 Z M150.93800354003906 157.5 C144.06199645996094 157.5 138.43800354003906 151.56199645996094 138.43800354003906 144.375 C138.43800354003906 137.18800354003906 144.06199645996094 131.25 150.93800354003906 131.25 C157.81199645996094 131.25 163.43800354003906 137.18800354003906 163.43800354003906 144.375 C163.43800354003906 151.56199645996094 157.81199645996094 157.5 150.93800354003906 157.5 Z M100.0 42.5 C106.875 42.5 112.5 48.4379997253418 112.5 55.625 C112.5 62.8120002746582 106.875 68.75 100.0 68.75 C93.125 68.75 87.5 62.8120002746582 87.5 55.625 C87.5 48.4379997253418 93.125 42.5 100.0 42.5 Z M61.5629997253418 144.68800354003906 C61.5629997253418 151.875 55.9379997253418 157.81199645996094 49.0629997253418 157.81199645996094 C42.1879997253418 157.81199645996094 36.5629997253418 151.875 36.5629997253418 144.68800354003906 C36.5629997253418 137.5 42.1879997253418 131.56199645996094 49.0629997253418 131.56199645996094 C55.9379997253418 131.56199645996094 61.5629997253418 137.5 61.5629997253418 144.68800354003906 Z""></path></svg>"
b49e57348a42e770f507d12b21652c1f,"<svg xmlns=""http://www.w3.org/2000/svg"" viewBox=""0.0 0.0 200.0 200.0"" height=""200.0px"" width=""200.0px""><path fill=""#666666"" fill-opacity=""1.0""  filling=""0"" d=""M146.093994140625 100.0 C149.54600524902344 100.0 152.343994140625 102.7979965209961 152.343994140625 106.25 L152.343994140625 125.78099822998047 C152.343994140625 129.23300170898438 149.54600524902344 132.031005859375 146.093994140625 132.031005859375 L142.5780029296875 132.031005859375 L142.5780029296875 137.5 L168.35899353027344 137.5 L168.35899353027344 155.468994140625 L171.875 155.468994140625 C175.32699584960938 155.468994140625 178.125 158.26699829101562 178.125 161.718994140625 L178.125 181.25 C178.125 184.70199584960938 175.32699584960938 187.5 171.875 187.5 L152.343994140625 187.5 C148.89199829101562 187.5 146.093994140625 184.70199584960938 146.093994140625 181.25 L146.093994140625 161.718994140625 C146.093994140625 158.26699829101562 148.89199829101562 155.468994140625 152.343994140625 155.468994140625 L155.85899353027344 155.468994140625 L155.85899353027344 150.0 L116.7969970703125 150.0 L116.7969970703125 155.468994140625 L120.31199645996094 155.468994140625 C123.76399993896484 155.468994140625 126.56199645996094 158.26699829101562 126.56199645996094 161.718994140625 L126.56199645996094 181.25 C126.56199645996094 184.70199584960938 123.76399993896484 187.5 120.31199645996094 187.5 L100.78099822998047 187.5 C97.3290023803711 187.5 94.53099822998047 184.70199584960938 94.53099822998047 181.25 L94.53099822998047 161.718994140625 C94.53099822998047 158.26699829101562 97.3290023803711 155.468994140625 100.78099822998047 155.468994140625 L104.2969970703125 155.468994140625 L104.2969970703125 137.5 L130.0780029296875 137.5 L130.0780029296875 132.031005859375 L126.56199645996094 132.031005859375 C123.11100006103516 132.031005859375 120.31199645996094 129.23300170898438 120.31199645996094 125.78099822998047 L120.31199645996094 106.25 C120.31199645996094 102.7979965209961 123.11100006103516 100.0 126.56199645996094 100.0 L146.093994140625 100.0 Z M172.26600646972656 21.875 C175.5019989013672 21.875 178.125 24.498001098632812 178.125 27.73400115966797 L178.125 98.0469970703125 C171.2209930419922 98.0469970703125 165.625 92.44999694824219 165.625 85.5469970703125 L165.625 34.375 L34.375 34.375 L34.375 165.625 L56.64099884033203 165.625 C63.474998474121094 165.625 69.02899932861328 171.11000061035156 69.13899993896484 177.91799926757812 L69.14099884033203 178.125 L27.73400115966797 178.125 C24.498001098632812 178.125 21.875 175.5019989013672 21.875 172.26600646972656 L21.875 27.73400115966797 C21.875 24.498001098632812 24.498001098632812 21.875 27.73400115966797 21.875 L172.26600646972656 21.875 Z M114.06199645996094 167.968994140625 L107.03099822998047 167.968994140625 L107.03099822998047 175.0 L114.06199645996094 175.0 L114.06199645996094 167.968994140625 Z M165.625 167.968994140625 L158.593994140625 167.968994140625 L158.593994140625 175.0 L165.625 175.0 L165.625 167.968994140625 Z M139.843994140625 112.5 L132.81199645996094 112.5 L132.81199645996094 119.53099822998047 L139.843994140625 119.53099822998047 L139.843994140625 112.5 Z M122.26599884033203 79.10199737548828 C122.26599884033203 86.00499725341797 116.66899871826172 91.60199737548828 109.76599884033203 91.60199737548828 L51.172000885009766 91.60199737548828 C51.172000885009766 84.697998046875 56.768001556396484 79.10199737548828 63.672000885009766 79.10199737548828 L122.26599884033203 79.10199737548828 Z M148.8280029296875 50.58599853515625 C148.8280029296875 57.48899841308594 143.23199462890625 63.08599853515625 136.3280029296875 63.08599853515625 L51.172000885009766 63.08599853515625 C51.172000885009766 56.18199920654297 56.768001556396484 50.58599853515625 63.672000885009766 50.58599853515625 L148.8280029296875 50.58599853515625 Z""></path></svg>"
9872f10883b923d198db1dc9bc62d15a,"<svg xmlns=""http://www.w3.org/2000/svg"" viewBox=""0.0 0.0 200.0 200.0"" height=""200.0px"" width=""200.0px""><path fill="""" fill-opacity=""1.0""  filling=""0"" d=""M45.0 200.0 C41.5 200.0 37.900001525878906 198.89999389648438 34.80000305175781 196.8000030517578 C24.699996948242188 190.10000610351562 14.199996948242188 171.89999389648438 15.0 154.0 C15.5 142.8000030517578 20.400001525878906 127.0 40.900001525878906 116.0 C60.599998474121094 105.4000015258789 81.5999984741211 103.5 91.5999984741211 103.30000305175781 L154.8000030517578 4.6999969482421875 C157.8000030517578 0.09999847412109375 164.0 -1.3000030517578125 168.60000610351562 1.6999969482421875 C173.3000030517578 4.6999969482421875 174.60000610351562 10.900001525878906 171.60000610351562 15.5 L57.900001525878906 192.89999389648438 C55.70000076293945 196.39999389648438 52.20000076293945 198.8000030517578 48.20000076293945 199.60000610351562 C47.20000076293945 199.89999389648438 46.099998474121094 200.0 45.0 200.0 Z M78.0 124.5 C69.80000305175781 125.80000305175781 59.900001525878906 128.39999389648438 50.5 133.5 C40.5 138.89999389648438 35.5 145.89999389648438 35.099998474121094 154.8000030517578 C34.69999694824219 164.3000030517578 39.70000076293945 173.8000030517578 43.70000076293945 178.10000610351562 L78.0 124.5 Z""></path>
<path fill="""" fill-opacity=""1.0""  filling=""0"" d=""M155.10000610351562 200.0 C154.0 200.0 152.89999389648438 199.89999389648438 151.8000030517578 199.6999969482422 C147.8000030517578 198.8000030517578 144.3000030517578 196.39999389648438 142.10000610351562 192.89999389648438 L28.400001525878906 15.400001525878906 C25.400001525878906 10.699996948242188 26.800003051757812 4.599998474121094 31.400001525878906 1.5999984741210938 C36.0 -1.4000015258789062 42.20000076293945 0.0 45.20000076293945 4.599998474121094 L108.4000015258789 103.19999694824219 C118.5 103.4000015258789 139.39999389648438 105.30000305175781 159.10000610351562 115.9000015258789 C179.60000610351562 127.0 184.5 142.6999969482422 185.0 153.89999389648438 C185.8000030517578 171.8000030517578 175.39999389648438 190.10000610351562 165.3000030517578 196.8000030517578 C162.10000610351562 198.89999389648438 158.60000610351562 200.0 155.10000610351562 200.0 Z M122.0 124.5 L156.39999389648438 178.10000610351562 C160.39999389648438 173.6999969482422 165.39999389648438 164.3000030517578 165.0 154.8000030517578 C164.60000610351562 145.8000030517578 159.5 138.89999389648438 149.60000610351562 133.5 C140.1999969482422 128.5 130.1999969482422 125.9000015258789 122.0 124.5 Z""></path></svg>"
ede87c9406eefbb3f9a689b9f30201c6,"<svg xmlns=""http://www.w3.org/2000/svg"" viewBox=""0.0 0.0 200.0 200.0"" height=""200.0px"" width=""200.0px""><path fill="""" fill-opacity=""1.0""  filling=""0"" d=""M100.0 116.0 C113.19999694824219 116.0 124.0 105.20000457763672 124.0 92.0 L124.0 48.0 C124.0 34.79999542236328 113.19999694824219 24.0 100.0 24.0 C86.79999542236328 24.0 76.0 34.79999542236328 76.0 48.0 L76.0 92.0 C76.0 105.20000457763672 86.79999542236328 116.0 100.0 116.0 Z M92.0 48.0 C92.0 43.599998474121094 95.5999984741211 39.999996185302734 100.0 39.999996185302734 C104.4000015258789 39.999996185302734 108.0 43.599998474121094 108.0 48.0 L108.0 92.0 C108.0 96.4000015258789 104.4000015258789 100.0 100.0 100.0 C95.5999984741211 100.0 92.0 96.4000015258789 92.0 92.0 L92.0 48.0 Z M156.0 92.0 C156.0 87.5999984741211 152.40000915527344 84.0 148.0 84.0 C143.60000610351562 84.0 140.0 87.5999984741211 140.0 92.0 C140.0 114.10000610351562 122.09999084472656 132.0 100.0 132.0 C77.89999389648438 132.0 60.000003814697266 114.10000610351562 60.000003814697266 92.0 C60.000003814697266 87.5999984741211 56.400001525878906 84.0 52.0 84.0 C47.60000228881836 84.0 44.0 87.5999984741211 44.0 92.0 C44.0 120.20000457763672 64.89999389648438 143.5 92.0 147.39999389648438 L92.0 160.0 L84.0 160.0 C79.5999984741211 160.0 76.0 163.60000610351562 76.0 168.0 C76.0 172.39999389648438 79.5999984741211 176.0 84.0 176.0 L116.0 176.0 C120.4000015258789 176.0 124.0 172.39999389648438 124.0 168.0 C124.0 163.60000610351562 120.4000015258789 160.0 116.0 160.0 L108.0 160.0 L108.0 147.39999389648438 C135.09999084472656 143.5 156.0 120.20000457763672 156.0 92.0 Z""></path></svg>"
5839a574d74b7f3cc7a7c48528f3cf2f,"<svg xmlns=""http://www.w3.org/2000/svg"" viewBox=""0.0 0.0 200.0 200.0"" height=""200.0px"" width=""200.0px""><path fill="""" fill-opacity=""1.0""  filling=""0"" d=""M59.249996185302734 57.8125 C59.249996185302734 35.1875 77.4000015258789 16.662506103515625 100.0 16.662506103515625 C122.59999084472656 16.662506103515625 140.75 35.1875 140.75 57.8125 C140.75 80.4375 122.59999084472656 98.96249389648438 100.0 98.96249389648438 C77.4000015258789 98.96249389648438 59.249996185302734 80.4375 59.249996185302734 57.8125 Z M8.337493896484375 142.1875 C8.337493896484375 119.56249237060547 26.474998474121094 101.04999542236328 49.07500076293945 101.04999542236328 C71.67500305175781 101.04999542236328 89.82499694824219 119.56249237060547 89.82499694824219 142.1875 C89.82499694824219 164.8125 71.67500305175781 183.33749389648438 49.07500076293945 183.33749389648438 C26.474998474121094 183.33749389648438 8.324996948242188 164.8125 8.324996948242188 142.1875 L8.337493896484375 142.1875 Z M110.18749237060547 142.1875 C110.18749237060547 119.56249237060547 128.3249969482422 101.04999542236328 150.9375 101.04999542236328 C173.52499389648438 101.04999542236328 191.66250610351562 119.56249237060547 191.66250610351562 142.1875 C191.66250610351562 164.8125 173.52499389648438 183.33749389648438 150.9250030517578 183.33749389648438 C128.3249969482422 183.33749389648438 110.17500305175781 164.8125 110.17500305175781 142.1875 L110.18749237060547 142.1875 Z""></path></svg>"
8b55d958-cd2e-4e51-a940-beea6b96e718,"<svg xmlns=""http://www.w3.org/2000/svg"" viewBox=""0.0 0.0 200.0 200.0"" height=""200.0px"" width=""200.0px""><path fill=""#040000"" fill-opacity=""1.0""  filling=""0"" d=""M106.33300018310547 95.22899627685547 C107.08300018310547 101.43800354003906 112.35399627685547 106.25 118.75 106.25 C125.64600372314453 106.25 131.25 100.64600372314453 131.25 93.75 C131.25 86.85399627685547 125.64600372314453 81.25 118.75 81.25 C115.93699645996094 81.25 113.35399627685547 82.18800354003906 111.25 83.75 L88.75 74.10399627685547 L107.125 61.20800018310547 C108.72899627685547 61.95800018310547 110.52100372314453 62.375 112.39600372314453 62.375 C119.29199981689453 62.375 124.89600372314453 56.770999908447266 124.89600372314453 49.875 C124.89600372314453 42.979000091552734 119.29199981689453 37.375 112.39600372314453 37.375 C105.5 37.375 99.89600372314453 42.979000091552734 99.89600372314453 49.875 C99.89600372314453 50.25 99.91699981689453 50.604000091552734 99.93800354003906 50.979000091552734 L81.18800354003906 64.14600372314453 C79.375 63.104000091552734 77.25 62.520999908447266 75.0 62.520999908447266 C68.10399627685547 62.520999908447266 62.5 68.125 62.5 75.02100372314453 C62.5 81.91699981689453 68.10399627685547 87.52100372314453 75.0 87.52100372314453 C77.81199645996094 87.52100372314453 80.39600372314453 86.60399627685547 82.47899627685547 85.04199981689453 L106.33300018310547 95.22899627685547 Z""></path>
<path fill=""#040000"" fill-opacity=""1.0""  filling=""0"" d=""M168.75 175.0 L87.5 175.0 L87.5 165.72900390625 C88.91699981689453 164.89599609375 90.16699981689453 163.81199645996094 91.16699981689453 162.5 L121.33300018310547 162.5 C123.625 165.47900390625 127.20800018310547 167.39599609375 131.25 167.39599609375 C135.29200744628906 167.39599609375 138.89599609375 165.47900390625 141.16700744628906 162.5 L168.75 162.5 C172.20799255371094 162.5 175.0 159.70799255371094 175.0 156.25 C175.0 152.79200744628906 172.20799255371094 150.0 168.75 150.0 L142.75 150.0 C141.68800354003906 147.5 139.83299255371094 145.41700744628906 137.5 144.08299255371094 L137.5 124.97899627685547 C152.66700744628906 113.56199645996094 162.5 95.41699981689453 162.5 75.02100372314453 C162.5 40.5620002746582 134.45799255371094 12.52099609375 100.0 12.52099609375 C65.54199981689453 12.52099609375 37.5 40.54199981689453 37.5 75.0 C37.5 100.58300018310547 52.95800018310547 122.64600372314453 75.04199981689453 132.29200744628906 C75.02100372314453 132.52099609375 75.0 132.77099609375 75.0 133.02099609375 L75.0 144.08299255371094 C72.66699981689453 145.43800354003906 70.81199645996094 147.5 69.75 150.0 L31.25 150.0 C27.79199981689453 150.0 25.0 152.79200744628906 25.0 156.25 C25.0 159.70799255371094 27.79199981689453 162.5 31.25 162.5 L71.33300018310547 162.5 C72.33300018310547 163.79200744628906 73.58300018310547 164.89599609375 75.0 165.72900390625 L75.0 175.0 L31.25 175.0 C27.79199981689453 175.0 25.0 177.79200744628906 25.0 181.25 C25.0 184.70799255371094 27.79199981689453 187.5 31.25 187.5 L168.75 187.5 C172.20799255371094 187.5 175.0 184.70799255371094 175.0 181.25 C175.0 177.79200744628906 172.20799255371094 175.0 168.75 175.0 Z M50.0 75.0 C50.0 47.4379997253418 72.43800354003906 25.0 100.0 25.0 C127.58300018310547 25.0 150.0 47.4379997253418 150.0 75.0 C150.0 102.56199645996094 127.58300018310547 125.0 100.0 125.0 C72.43800354003906 125.0 50.0 102.56199645996094 50.0 75.0 Z M100.0 137.5 C108.875 137.5 117.33300018310547 135.625 125.0 132.27099609375 L125.0 144.06199645996094 C122.66699981689453 145.41700744628906 120.81199645996094 147.47900390625 119.75 149.97900390625 L92.75 149.97900390625 C91.68800354003906 147.47900390625 89.83300018310547 145.39599609375 87.5 144.06199645996094 L87.5 136.25 C91.54199981689453 137.06199645996094 95.72899627685547 137.5 100.0 137.5 Z""></path></svg>"
388ccc7936d31aaba4cecbff344ceb78,"<svg xmlns=""http://www.w3.org/2000/svg"" viewBox=""0.0 0.0 200.0 200.0"" height=""200.0px"" width=""200.0px""><path fill=""#B9AAA5"" fill-opacity=""1.0""  filling=""0"" d=""M150.0 83.5999984741211 L150.0 30.0 L99.80000305175781 0.0 L50.0 29.800003051757812 L50.0 84.0 L0.0 110.80000305175781 L0.0 171.0 L51.20000076293945 200.0 L100.0 171.8000030517578 L148.8000030517578 200.0 L200.0 171.0 L200.0 111.0 L150.0 83.5999984741211 Z M140.39999389648438 83.80000305175781 L104.4000015258789 103.5999984741211 L104.4000015258789 62.400001525878906 L140.39999389648438 41.20000076293945 L140.39999389648438 83.80000305175781 Z M99.5999984741211 11.400001525878906 L135.1999969482422 33.0 L99.80000305175781 53.79999923706055 L65.0 32.599998474121094 L99.5999984741211 11.400001525878906 Z M15.0 113.5999984741211 L54.79999923706055 92.5999984741211 L90.0 112.5999984741211 L51.20000076293945 134.8000030517578 L15.0 113.5999984741211 Z M55.79999923706055 143.39999389648438 L95.19999694824219 121.0 L95.19999694824219 163.1999969482422 L55.79999923706055 186.1999969482422 L55.79999923706055 143.39999389648438 Z M110.19999694824219 112.19999694824219 L145.60000610351562 92.19999694824219 L185.1999969482422 114.0 L148.8000030517578 134.8000030517578 L110.19999694824219 112.19999694824219 Z M190.39999389648438 165.0 L153.60000610351562 186.1999969482422 L153.60000610351562 143.39999389648438 L190.39999389648438 122.19999694824219 L190.39999389648438 165.0 Z""></path></svg>"
4e8dcd0d52b5e39bb8b0a63594d25e50,"<svg xmlns=""http://www.w3.org/2000/svg"" viewBox=""0.0 0.0 200.0 200.0"" height=""200.0px"" width=""200.0px""><path fill="""" fill-opacity=""1.0""  filling=""0"" d=""M131.25 12.5 L25.0 12.5 A12.5 12.5 0.0 0 0 12.5 25.0 L12.5 150.0 A12.5 12.5 0.0 0 0 25.0 162.5 L65.625 162.5 L65.625 153.125 L25.0 153.125 A3.125 3.125 0.0 0 1 21.875 150.0 L21.875 25.0 A3.125 3.125 0.0 0 1 25.0 21.875 L131.25 21.875 A3.125 3.125 0.0 0 1 134.375 25.0 L134.375 46.875 L143.75 46.875 L143.75 25.0 A12.5 12.5 0.0 0 0 131.25 12.5 Z""></path>
<path fill="""" fill-opacity=""1.0""  filling=""0"" d=""M175.0 37.5 L68.75 37.5 A12.5 12.5 0.0 0 0 56.25 50.0 L56.25 175.0 A12.5 12.5 0.0 0 0 68.75 187.5 L175.0 187.5 A12.5 12.5 0.0 0 0 187.5 175.0 L187.5 50.0 A12.5 12.5 0.0 0 0 175.0 37.5 Z M178.125 175.0 A3.125 3.125 0.0 0 1 175.0 178.125 L68.75 178.125 A3.125 3.125 0.0 0 1 65.625 175.0 L65.625 50.0 A3.125 3.125 0.0 0 1 68.75 46.875 L175.0 46.875 A3.125 3.125 0.0 0 1 178.125 50.0 L178.125 175.0 Z""></path>
<path fill=""#0070FF"" fill-opacity=""1.0""  filling=""0"" d=""M81.25 140.625 L162.5 140.625 A3.125 3.125 0.0 0 1 165.625 143.75 A3.125 3.125 0.0 0 1 162.5 146.875 L81.25 146.875 A3.125 3.125 0.0 0 1 78.125 143.75 A3.125 3.125 0.0 0 1 81.25 140.625 Z M78.125 125.0 A3.125 3.125 0.0 0 1 75.90599822998047 124.09400177001953 A3.125 3.125 0.0 0 1 75.90599822998047 119.65599822998047 L104.03099822998047 91.53099822998047 A3.125 3.125 0.0 0 1 108.31199645996094 91.53099822998047 L131.0 111.375 L160.18800354003906 79.28099822998047 A3.125 3.125 0.0 0 1 164.81199645996094 83.46900177001953 L133.56199645996094 117.84400177001953 A3.125 3.125 0.0 0 1 129.18800354003906 118.09400177001953 L106.40599822998047 98.15599822998047 L80.34400177001953 124.21900177001953 A3.125 3.125 0.0 0 1 78.125 125.0 Z""></path></svg>"
2e44a78926bf2e58f9839493a4fb9a3a,"<svg xmlns=""http://www.w3.org/2000/svg"" viewBox=""0.0 0.0 200.0 200.0"" height=""200.0px"" width=""200.0px""><path fill=""#EC87C0"" fill-opacity=""1.0""  filling=""0"" d=""M70.84300231933594 0.003997802734375 C68.5479965209961 0.003997802734375 66.68000030517578 1.8649978637695312 66.68000030517578 4.1660003662109375 L66.68000030517578 23.433998107910156 L75.01100158691406 23.433998107910156 L75.01100158691406 4.1660003662109375 C75.01100158691406 1.8649978637695312 73.14299774169922 0.003997802734375 70.84300231933594 0.003997802734375 Z M129.15699768066406 0.003997802734375 C126.85600280761719 0.003997802734375 124.98799896240234 1.8649978637695312 124.98799896240234 4.1660003662109375 L124.98799896240234 23.433998107910156 L133.31900024414062 23.433998107910156 L133.31900024414062 4.1660003662109375 C133.31900024414062 1.8649978637695312 131.45700073242188 0.003997802734375 129.15699768066406 0.003997802734375 Z""></path>
<path fill=""#E6E9ED"" fill-opacity=""1.0""  filling=""0"" d=""M166.0570068359375 191.60499572753906 C166.0570068359375 191.60499572753906 147.59500122070312 199.99600219726562 99.74800109863281 199.99600219726562 C51.891998291015625 199.99600219726562 33.94200134277344 191.60499572753906 33.94200134277344 191.60499572753906 C33.94200134277344 191.60499572753906 24.798995971679688 66.8219985961914 100.00399780273438 66.8219985961914 C175.20599365234375 66.8219985961914 166.0570068359375 191.60499572753906 166.0570068359375 191.60499572753906 Z""></path>
<path fill=""#CCD1D9"" fill-opacity=""1.0""  filling=""0"" d=""M137.48800659179688 19.472999572753906 C130.5540008544922 11.556999206542969 100.00399780273438 23.428001403808594 100.00399780273438 23.428001403808594 C100.00399780273438 23.428001403808594 69.44499969482422 11.556999206542969 62.512001037597656 19.472999572753906 C55.58399963378906 27.388999938964844 70.84300231933594 74.86100006103516 70.84300231933594 74.86100006103516 L129.15699768066406 74.86100006103516 C129.15699768066406 74.86100006103516 144.4149932861328 27.388999938964844 137.48800659179688 19.472999572753906 Z""></path>
<path fill=""#EC87C0"" fill-opacity=""1.0""  filling=""0"" d=""M33.80699920654297 168.5279998779297 A285.3529968261719 285.3529968261719 0.0 0 0 33.599998474121094 177.0970001220703 C43.9630012512207 179.64300537109375 65.43499755859375 183.53599548339844 100.00399780273438 183.53599548339844 C134.56399536132812 183.53599548339844 156.03599548339844 179.64199829101562 166.3990020751953 177.0970001220703 A250.0500030517578 250.0500030517578 0.0 0 0 166.19200134277344 168.5279998779297 C157.35400390625 170.84100341796875 135.89500427246094 175.2050018310547 100.00399780273438 175.2050018310547 C64.10399627685547 175.2050018310547 42.6510009765625 170.84100341796875 33.80699920654297 168.5279998779297 Z""></path></svg>"
ca2d3a6439b3cea6f1c633f719b13189,"<svg xmlns=""http://www.w3.org/2000/svg"" viewBox=""0.0 0.0 200.0 200.0"" height=""200.0px"" width=""200.0px""><path fill=""currentColor"" fill-opacity=""1.0""  filling=""0"" d=""M30.125 20.625 L30.125 184.625 L167.625 184.625 L167.625 20.625 L30.125 20.625 Z M117.625 130.125 L64.125 130.125 L64.125 117.625 L117.5 117.625 L117.625 130.125 Z M133.75 87.5 L64.125 87.5 L64.125 75.0 L133.75 75.0 L133.75 87.5 Z""></path></svg>"
0a91f876f6c2294c12c2213f23830a4f,"<svg xmlns=""http://www.w3.org/2000/svg"" viewBox=""0.0 0.0 200.0 200.0"" height=""200.0px"" width=""200.0px""><path fill=""#444444"" fill-opacity=""1.0""  filling=""0"" d=""M158.1999969482422 58.20000076293945 C171.875 58.20000076293945 171.875 58.20000076293945 181.83299255371094 68.15799713134766 C191.79200744628906 78.11699676513672 191.79200744628906 78.11699676513672 191.79200744628906 91.79199981689453 L191.79200744628906 166.79200744628906 L174.99200439453125 166.79200744628906 L174.99200439453125 141.79200744628906 L24.99200439453125 141.79200744628906 L24.99200439453125 166.79200744628906 L8.192001342773438 166.79200744628906 L8.192001342773438 41.79199981689453 L24.99200439453125 41.79199981689453 L24.99200439453125 116.79199981689453 L91.79199981689453 116.79199981689453 L91.79199981689453 58.20000076293945 L158.1999969482422 58.20000076293945 Z M58.20000076293945 108.19999694824219 C48.04199981689453 108.19999694824219 48.04199981689453 108.19999694824219 40.625 100.7750015258789 C33.20800018310547 93.3499984741211 33.20800018310547 93.3499984741211 33.19999694824219 83.19999694824219 C33.19200134277344 73.05000305175781 33.19200134277344 73.05000305175781 40.625 65.625 C48.05799865722656 58.20000076293945 48.05799865722656 58.20000076293945 58.20000076293945 58.20000076293945 C68.34200286865234 58.20000076293945 68.34200286865234 58.20000076293945 75.7750015258789 65.625 C83.20800018310547 73.05000305175781 83.20800018310547 73.05000305175781 83.19999694824219 83.19999694824219 C83.19200134277344 93.3499984741211 83.19200134277344 93.3499984741211 75.7750015258789 100.7750015258789 C68.35800170898438 108.19999694824219 68.35800170898438 108.19999694824219 58.20000076293945 108.19999694824219 Z""></path></svg>"
fa5c275c8505741224c926183f9170d7,"<svg xmlns=""http://www.w3.org/2000/svg"" viewBox=""0.0 0.0 200.0 200.0"" height=""200.0px"" width=""200.0px""><path fill=""#00A2FF"" fill-opacity=""1.0""  filling=""0"" d=""M182.343994140625 21.83599853515625 C181.9340057373047 20.81999969482422 181.3280029296875 19.902000427246094 180.52699279785156 19.10199737548828 C179.7270050048828 18.31999969482422 178.8090057373047 17.714996337890625 177.79299926757812 17.285003662109375 C176.77699279785156 16.875 175.6840057373047 16.660003662109375 174.60899353027344 16.660003662109375 L132.94900512695312 16.660003662109375 C128.33999633789062 16.660003662109375 124.60900115966797 20.39099884033203 124.60900115966797 25.0 C124.60900115966797 29.60900115966797 128.33999633789062 33.339996337890625 132.94900512695312 33.31999969482422 L154.49200439453125 33.31999969482422 L119.12100219726562 68.75 C115.85900115966797 72.01200103759766 115.85900115966797 77.28500366210938 119.12100219726562 80.5270004272461 C122.36299896240234 83.78900146484375 127.65599822998047 83.78900146484375 130.8979949951172 80.5270004272461 L166.28900146484375 45.117000579833984 L166.28900146484375 66.68000030517578 C166.28900146484375 71.28900146484375 170.02000427246094 75.0199966430664 174.62899780273438 75.0199966430664 C176.9340057373047 75.0199966430664 179.0229949951172 74.08200073242188 180.52699279785156 72.5780029296875 C182.031005859375 71.0739974975586 182.968994140625 68.98400115966797 182.968994140625 66.68000030517578 L182.968994140625 25.0 C182.968994140625 23.926002502441406 182.75399780273438 22.85199737548828 182.343994140625 21.83599853515625""></path>
<path fill=""#666666"" fill-opacity=""1.0""  filling=""0"" d=""M183.33999633789062 116.66000366210938 L183.33999633789062 150.0 C183.33999633789062 168.41799926757812 168.41799926757812 183.33999633789062 150.0 183.33999633789062 L50.0 183.33999633789062 C31.582000732421875 183.33999633789062 16.660003662109375 168.41799926757812 16.660003662109375 150.0 L16.660003662109375 50.0 C16.660003662109375 31.582000732421875 31.582000732421875 16.660003662109375 50.0 16.660003662109375 L83.33999633789062 16.660003662109375 C87.9489974975586 16.660003662109375 91.68000030517578 20.39099884033203 91.68000030517578 25.0 C91.68000030517578 29.60900115966797 87.9489974975586 33.339996337890625 83.33999633789062 33.339996337890625 L50.0 33.339996337890625 C40.80099868774414 33.339996337890625 33.339996337890625 40.80099868774414 33.339996337890625 50.0 L33.339996337890625 150.0 C33.339996337890625 159.19900512695312 40.80099868774414 166.66000366210938 50.0 166.66000366210938 L150.0 166.66000366210938 C159.19900512695312 166.66000366210938 166.66000366210938 159.19900512695312 166.66000366210938 150.0 L166.66000366210938 116.66000366210938 C166.66000366210938 112.0510025024414 170.39100646972656 108.31999969482422 175.0 108.31999969482422 C179.60899353027344 108.31999969482422 183.33999633789062 112.06999969482422 183.33999633789062 116.66000366210938 Z""></path></svg>"
d3dd2646d2862a60cedd6f8ce7112a34,"<svg xmlns=""http://www.w3.org/2000/svg"" viewBox=""0.0 0.0 200.0 200.0"" height=""200.0px"" width=""200.0px""><path fill=""#040000"" fill-opacity=""1.0""  filling=""0"" d=""M100.0 191.66659545898438 C78.3333969116211 191.66659545898438 57.5 183.33340454101562 40.83340072631836 167.5 C8.333396911621094 135.0 8.333396911621094 82.5 40.83340072631836 50.0 C44.16659927368164 46.66659927368164 49.166603088378906 46.66659927368164 52.499996185302734 50.0 C55.83340072631836 53.333396911621094 55.83340072631836 58.333396911621094 52.499996185302734 61.666603088378906 C26.666603088378906 87.5 26.666603088378906 130.0 52.499996185302734 155.83340454101562 C78.3333969116211 181.66659545898438 120.8333969116211 181.66659545898438 146.66659545898438 155.83340454101562 C172.5 130.0 172.5 87.5 146.66659545898438 61.666603088378906 C143.33340454101562 58.333396911621094 143.33340454101562 53.333396911621094 146.66659545898438 50.0 C150.0 46.66659927368164 155.0 46.66659927368164 158.33340454101562 50.0 C190.83340454101562 82.5 190.83340454101562 135.0 158.33340454101562 167.5 C142.5 183.33340454101562 120.8333969116211 191.66659545898438 99.1666030883789 191.66659545898438 L100.0 191.66659545898438 Z""></path>
<path fill=""#040000"" fill-opacity=""1.0""  filling=""0"" d=""M100.0 108.3333969116211 C95.0 108.3333969116211 91.6666030883789 104.99999237060547 91.6666030883789 100.0 L91.6666030883789 16.666603088378906 C91.6666030883789 11.666603088378906 95.0 8.333396911621094 100.0 8.333396911621094 C104.99999237060547 8.333396911621094 108.3333969116211 11.666603088378906 108.3333969116211 16.666603088378906 L108.3333969116211 100.0 C108.3333969116211 104.99999237060547 104.99999237060547 108.3333969116211 100.0 108.3333969116211 Z""></path></svg>"
2e6d4bee953ce3099164392bbf49529e,"<svg xmlns=""http://www.w3.org/2000/svg"" viewBox=""0.0 0.0 200.0 200.0"" height=""200.0px"" width=""200.0px""><path fill=""#5C5C66"" fill-opacity=""1.0""  filling=""0"" d=""M182.11328125 176.22012329101562 L154.6875 148.78770446777344 A78.875 78.875 0.0 0 0 175.0 95.8333969116211 C175.0 52.11074447631836 139.55604553222656 16.666603088378906 95.8333969116211 16.666603088378906 C52.11074447631836 16.666603088378906 16.666603088378906 52.11074447631836 16.666603088378906 95.8333969116211 C16.666603088378906 139.55604553222656 52.11074447631836 175.0 95.8333969116211 175.0 A78.875 78.875 0.0 0 0 148.78770446777344 154.6875 L176.22012329101562 182.11972045898438 A4.166601657867432 4.166601657867432 0.0 0 0 182.11328125 176.2265625 L182.11328125 176.22012329101562 Z M25.0 95.8333969116211 C25.0 56.71347427368164 56.71347427368164 25.0 95.8333969116211 25.0 C134.953125 25.0 166.66659545898438 56.71347427368164 166.66659545898438 95.8333969116211 C166.66659545898438 134.953125 134.953125 166.66659545898438 95.8333969116211 166.66659545898438 C56.71347427368164 166.66659545898438 25.0 134.953125 25.0 95.8333969116211 Z""></path></svg>"
65ca56724f8e271537ee048c58f5fc66,"<svg height=""128"" viewBox=""0 0 24 24"" width=""128"" xmlns=""http://www.w3.org/2000/svg""><path d=""m19.9 16h2.1v-14h-20v14h8.1a5 5 0 0 0 7.65 3.17l3.54 3.54 1.41-1.41-3.54-3.54a5 5 0 0 0 .74-1.76zm-15.9-2v-10h16v10h-.1a5 5 0 0 0 -.9-2v-2h-4a5 5 0 0 0 -2.68.79 4 4 0 0 0 -.94-1 3 3 0 0 0 .62-1.79 3 3 0 0 0 -6 0 3 3 0 0 0 .62 1.8 4 4 0 0 0 -1.62 3.2v1zm4-6a1 1 0 1 1 1 1 1 1 0 0 1 -1-1zm-1 5a2 2 0 0 1 3.84-.77 5 5 0 0 0 -.74 1.77h-3.1zm8 5a3 3 0 1 1 3-3 3 3 0 0 1 -3 3z""/><path d=""m14 6h5v2h-5z""/></svg>"
4f0f1ca31425d5e73907dd50ad5ea209,"<svg xmlns=""http://www.w3.org/2000/svg"" viewBox=""0.0 0.0 200.0 200.0"" height=""200.0px"" width=""200.0px""><path fill=""#07A1A5"" fill-opacity=""1.0""  filling=""0"" d=""M13.040000915527344 56.13999938964844 L188.39300537109375 56.13999938964844 L188.39300537109375 63.07500076293945 L13.040000915527344 63.07500076293945 L13.040000915527344 56.13999938964844 M187.4199981689453 65.29900360107422 L14.043998718261719 65.29900360107422 L14.043998718261719 154.89599609375 L31.490997314453125 154.89599609375 L31.490997314453125 170.02699279785156 L48.051998138427734 170.02699279785156 L48.051998138427734 154.89599609375 L151.6699981689453 154.89599609375 L151.6699981689453 170.02699279785156 L168.2310028076172 170.02699279785156 L168.2310028076172 154.89599609375 L187.4499969482422 154.89599609375 L187.4499969482422 65.29900360107422 L187.4199981689453 65.29900360107422 M183.46299743652344 109.83200073242188 L128.5260009765625 109.83200073242188 L128.5260009765625 72.88999938964844 L183.46299743652344 72.88999938964844 L183.46299743652344 109.83200073242188 M76.71700286865234 72.88999938964844 L124.5989990234375 72.88999938964844 L124.5989990234375 148.0279998779297 L76.71700286865234 148.0279998779297 L76.71700286865234 72.88999938964844 M72.76100158691406 72.88999938964844 L72.76100158691406 109.83200073242188 L17.970001220703125 109.83200073242188 L17.970001220703125 72.88999938964844 L72.76100158691406 72.88999938964844 M17.970001220703125 113.11900329589844 L72.76100158691406 113.11900329589844 L72.76100158691406 148.0279998779297 L17.970001220703125 148.0279998779297 L17.970001220703125 113.11900329589844 M44.06700134277344 166.1060028076172 L35.38800048828125 166.1060028076172 L35.38800048828125 154.947998046875 L44.06700134277344 154.947998046875 L44.06700134277344 166.1060028076172 M164.24600219726562 166.63499450683594 L155.56700134277344 166.63499450683594 L155.56700134277344 154.94700622558594 L164.24600219726562 154.94700622558594 L164.24600219726562 166.63499450683594 M128.5260009765625 148.0279998779297 L128.5260009765625 113.11900329589844 L183.46299743652344 113.11900329589844 L183.46299743652344 148.0279998779297 L128.5260009765625 148.0279998779297""></path></svg>"
291895a6f3bc0900648190cdfd70ffd6,"<svg xmlns=""http://www.w3.org/2000/svg"" viewBox=""0.0 0.0 200.0 200.0"" height=""200.0px"" width=""200.0px""><path fill="""" fill-opacity=""1.0""  filling=""0"" d=""M100.0 200.0 A100.0 100.0 0.0 1 0 100.0 0.0 A100.0 100.0 0.0 0 0 100.0 200.0 Z M100.0 18.75 A81.25 81.25 0.0 1 1 100.0 181.25 A81.25 81.25 0.0 0 1 100.0 18.75 Z M137.5 131.25 L93.75 100.0 L137.5 68.75 L137.5 131.25 Z M87.5 131.25 L43.75 100.0 L87.5 68.75 L87.5 131.25 Z""></path></svg>"
8b78ab189bc74d57e94affa65ed64547,"<svg fill=""none"" height=""128"" viewBox=""0 0 24 24"" width=""128"" xmlns=""http://www.w3.org/2000/svg""><g stroke=""#1c274c"" stroke-width=""1.5""><path d=""m16.02 8.08c-2.02.19-4.16.8-5.65 2.29s-2.1 3.63-2.29 5.65m7.94-7.94c1.17-.12 2.3-.09 3.23-.02 1.45.11 2.58 1.24 2.69 2.69.07.93.1 2.06-.02 3.23m-5.9-5.9 5.9 5.9m0 0c-.19 2.02-.8 4.16-2.29 5.65s-3.63 2.1-5.65 2.29m0 0c-1.17.12-2.3.09-3.23.02-1.45-.11-2.58-1.24-2.69-2.69-.07-.93-.1-2.06.02-3.23m5.9 5.9-5.9-5.9"" stroke-linecap=""round""/><path d=""m15 8.25c-.04-1.02-.32-2.05-.87-3-1.06-1.84-2.89-2.97-4.85-3.2-1.35-.17-2.76.09-4.03.82-3.11 1.8-4.17 5.77-2.38 8.88 1.14 1.98 3.17 3.13 5.29 3.24""/><path d=""m9.22 2s-.14 2.36 1.35 5.19c.46.87.96 1.57 1.43 2.12m-9-3.38s1.93 1.04 3.43 3.88c1.49 2.83 1.35 5.19 1.35 5.19""/><g stroke-linecap=""round""><path d=""m12.5 17.5 5-5""/><path d=""m15.5 12.5 2 2""/><path d=""m12.5 15.5 2 2""/><path d=""m14 14 2 2""/></g></g></svg>"
7f5c6d9dd30f78f550c707acc5c17689,"<svg xmlns=""http://www.w3.org/2000/svg"" viewBox=""0.0 0.0 200.0 200.0"" height=""200.0px"" width=""200.0px""><path fill=""#666666"" fill-opacity=""1.0""  filling=""0"" d=""M175.0 0.0 L25.0 0.0 C11.25 0.0 0.0 11.25 0.0 25.0 L0.0 175.0 C0.0 188.75 11.25 200.0 25.0 200.0 L175.0 200.0 C188.75 200.0 200.0 188.75 200.0 175.0 L200.0 25.0 C200.0 11.25 188.75 0.0 175.0 0.0 Z M100.0 162.5 C100.0 169.375 94.375 175.0 87.5 175.0 C80.625 175.0 75.0 169.375 75.0 162.5 L75.0 142.75 L46.749996185302734 171.0 C41.875 175.875 33.875 175.875 28.875 171.0 A12.75 12.75 0.0 0 1 28.875 153.125 L57.125003814697266 125.0 L37.5 125.0 C30.625 125.0 25.0 119.375 25.0 112.5 C25.0 105.625 30.625 100.0 37.5 100.0 L86.75 100.0 C90.25 99.75 93.75 100.875 96.5 103.5 C99.125 106.25 100.25000762939453 109.75 100.0 113.25000762939453 L100.0 162.5 Z M162.5 75.0 C169.375 75.0 175.0 80.625 175.0 87.5 C175.0 94.375 169.375 100.0 162.5 100.0 L112.5 100.0 C105.625 100.0 100.0 94.375 100.0 87.5 L100.0 37.5 C100.0 30.625 105.625 25.0 112.5 25.0 C119.375 25.0 125.0 30.625 125.0 37.5 L125.0 57.125003814697266 L153.625 28.5 A12.75 12.75 0.0 0 1 171.5 28.5 C176.375 33.375 176.375 41.375 171.5 46.375 L142.75 75.0 L162.5 75.0 Z""></path></svg>"
d217ec5e54247f554658c0b55c0f7b88,"<svg xmlns=""http://www.w3.org/2000/svg"" viewBox=""0.0 0.0 200.0 200.0"" height=""200.0px"" width=""200.0px""><path fill="""" fill-opacity=""1.0""  filling=""0"" d=""M100.0 180.3515625 C78.515625 180.3515625 58.3203125 171.9921875 43.124996185302734 156.875 C27.9296875 141.71875 19.5703125 121.5625 19.5703125 100.11717987060547 L19.5703125 87.8515625 C19.5703125 84.21875 22.5390625 81.25 26.171875 81.25 C29.8046875 81.25 32.7734375 84.21875 32.7734375 87.8515625 L32.7734375 100.11717987060547 C32.7734375 118.046875 39.765625 134.8828125 52.4609375 147.578125 C65.15625 160.234375 82.03125 167.2265625 100.0 167.2265625 C101.25000762939453 167.2265625 102.5 167.1875 103.75 167.109375 C104.99999237060547 167.03125 106.25 166.9140625 107.50000762939453 166.796875 C108.75 166.640625 110.0 166.484375 111.21094512939453 166.2890625 C112.42186737060547 166.09375 113.671875 165.8203125 114.92188262939453 165.546875 C116.1328125 165.2734375 117.3828125 164.9609375 118.5546875 164.609375 C119.765625 164.2578125 120.9765625 163.8671875 122.1484375 163.4765625 C123.3203125 163.046875 124.53125 162.6171875 125.6640625 162.1484375 C126.8359375 161.6796875 127.96875 161.171875 129.1015625 160.625 C130.234375 160.078125 131.3671875 159.4921875 132.4609375 158.90625 C133.5546875 158.3203125 134.6484375 157.65625 135.703125 156.9921875 C136.7578125 156.328125 137.8125 155.625 138.828125 154.921875 C139.84375 154.21875 140.859375 153.4375 141.8359375 152.65625 C142.8125 151.875 143.7890625 151.0546875 144.7265625 150.234375 C145.6640625 149.4140625 146.6015625 148.5546875 147.4609375 147.65625 C148.359375 146.796875 149.21875 145.859375 150.078125 144.921875 C150.8984375 143.984375 151.7578125 143.046875 152.5390625 142.0703125 C154.84375 139.2578125 158.984375 138.7890625 161.796875 141.09375 C164.609375 143.3984375 165.078125 147.5390625 162.7734375 150.3515625 C161.8359375 151.5234375 160.859375 152.65625 159.84375 153.75 C158.828125 154.84375 157.7734375 155.9375 156.71875 156.9921875 C155.6640625 158.046875 154.5703125 159.0625 153.4375 160.078125 C152.3046875 161.0546875 151.171875 162.03125 150.0 162.96875 C148.828125 163.90625 147.6171875 164.8046875 146.40625 165.6640625 C145.1953125 166.5234375 143.9453125 167.34375 142.65625 168.1640625 C141.3671875 168.9453125 140.078125 169.7265625 138.7890625 170.4296875 C137.4609375 171.1328125 136.1328125 171.8359375 134.8046875 172.5 C133.4765625 173.125 132.0703125 173.75 130.703125 174.3359375 C129.3359375 174.8828125 127.9296875 175.4296875 126.484375 175.9375 C125.078125 176.40625 123.6328125 176.875 122.1875 177.3046875 C120.7421875 177.734375 119.296875 178.0859375 117.8515625 178.4375 C116.40625 178.75 114.92188262939453 179.0625 113.4375 179.296875 C111.953125 179.53125 110.46874237060547 179.765625 108.984375 179.921875 C107.50000762939453 180.078125 105.97655487060547 180.234375 104.4921875 180.3125 C103.00782012939453 180.2734375 101.48436737060547 180.3515625 100.0 180.3515625 Z M173.59375 118.7890625 C169.9609375 118.7890625 166.9921875 115.8203125 166.9921875 112.18750762939453 L166.9921875 99.921875 C166.9921875 62.929691314697266 136.8359375 32.8515625 99.765625 32.8515625 C98.515625 32.8515625 97.2265625 32.890625 95.9765625 32.96875 C94.7265625 33.046875 93.4765625 33.125 92.2265625 33.28125 C90.9765625 33.4375 89.7265625 33.59375 88.4765625 33.7890625 C87.2265625 33.984375 86.015625 34.2578125 84.765625 34.53125 C83.5546875 34.8046875 82.3046875 35.1171875 81.09375 35.46875 C79.8828125 35.8203125 78.671875 36.2109375 77.5 36.6015625 C76.328125 37.03125 75.1171875 37.460933685302734 73.984375 37.929691314697266 C72.8125 38.3984375 71.6796875 38.906253814697266 70.546875 39.453125 C69.4140625 39.999996185302734 68.28125 40.585933685302734 67.1875 41.171871185302734 C66.09375 41.757808685302734 65.0 42.421878814697266 63.9453125 43.0859375 C62.890625 43.75 61.8359375 44.453125 60.8203125 45.1953125 C59.804691314697266 45.937503814697266 58.7890625 46.6796875 57.8125 47.4609375 C56.8359375 48.2421875 55.859375 49.062503814697266 54.921878814697266 49.8828125 C53.984375 50.703125 53.046875 51.601566314697266 52.187503814697266 52.4609375 C51.2890625 53.359378814697266 50.429691314697266 54.257808685302734 49.609375 55.1953125 C48.789058685302734 56.1328125 47.96875 57.109375 47.1875 58.0859375 C44.921875 60.9375 40.781246185302734 61.40625 37.929691314697266 59.140621185302734 C35.078125 56.875003814697266 34.609375 52.734375 36.874996185302734 49.8828125 C37.8125 48.7109375 38.7890625 47.5390625 39.804683685302734 46.445308685302734 C40.8203125 45.351566314697266 41.835941314697266 44.21875 42.890625 43.1640625 C43.9453125 42.109375 45.0390625 41.054691314697266 46.171875 40.078128814697266 C47.304691314697266 39.0625 48.4375 38.0859375 49.609375 37.1875 C50.78125 36.25 51.992191314697266 35.3515625 53.203125 34.4921875 C54.4140625 33.6328125 55.703128814697266 32.7734375 56.953125 31.9921875 C58.203125 31.2109375 59.531246185302734 30.4296875 60.859375 29.6875 C62.1875 28.9453125 63.515628814697266 28.28125 64.8828125 27.6171875 C66.25 26.953125 67.6171875 26.3671875 68.984375 25.78125 C70.3515625 25.1953125 71.796875 24.6875 73.203125 24.1796875 C74.609375 23.671875 76.0546875 23.2421875 77.5 22.8125 C78.9453125 22.3828125 80.390625 22.03125 81.875 21.6796875 C83.3203125 21.328125 84.84375 21.0546875 86.2890625 20.8203125 C87.7734375 20.5859375 89.2578125 20.3515625 90.7421875 20.1953125 C92.2265625 20.0390625 93.75 19.921875 95.234375 19.8046875 C96.71875 19.7265625 98.2421875 19.6875 99.7265625 19.6875 C144.0625 19.6875 180.15625 55.703128814697266 180.15625 99.921875 L180.15625 112.18750762939453 C180.1953125 115.8203125 177.265625 118.7890625 173.59375 118.7890625 Z M174.140625 124.7265625 C172.5 124.7265625 170.859375 124.1015625 169.5703125 122.890625 L150.625 104.76563262939453 C148.0078125 102.26561737060547 147.890625 98.0859375 150.4296875 95.4296875 C152.9296875 92.8125 157.109375 92.6953125 159.765625 95.234375 L174.0625 108.90624237060547 L187.6171875 95.3515625 C190.1953125 92.7734375 194.375 92.7734375 196.953125 95.3515625 C199.53125 97.9296875 199.53125 102.109375 196.953125 104.6875 L178.828125 122.8125 C177.5390625 124.0625 175.859375 124.7265625 174.140625 124.7265625 Z M7.734375 106.6015625 C6.0546875 106.6015625 4.375 105.97655487060547 3.0859375 104.6875 C0.5078125 102.109375 0.5078125 97.9296875 3.0859375 95.3515625 L21.2109375 77.2265625 C23.75 74.6875 27.8515625 74.6484375 30.4296875 77.109375 L49.374996185302734 95.234375 C51.992191314697266 97.734375 52.109371185302734 101.9140625 49.570308685302734 104.57032012939453 C47.0703125 107.1875 42.890625 107.30469512939453 40.234375 104.76563262939453 L25.9375 91.09375 L12.3828125 104.6484375 C11.09375 105.93750762939453 9.4140625 106.6015625 7.734375 106.6015625 Z""></path></svg>"
3b35b6161536c913c2e925688e6e1909,"<svg xmlns=""http://www.w3.org/2000/svg"" viewBox=""0.0 0.0 200.0 200.0"" height=""200.0px"" width=""200.0px""><path fill=""#333333"" fill-opacity=""1.0""  filling=""0"" d=""M175.0 12.5 A25.0 25.0 0.0 0 1 200.0 37.5 L200.0 162.5 A25.0 25.0 0.0 0 1 175.0 187.5 L25.0 187.5 A25.0 25.0 0.0 0 1 0.0 162.5 L0.0 37.5 A25.0 25.0 0.0 0 1 25.0 12.5 L175.0 12.5 Z M62.5 25.0 L25.0 25.0 A12.5 12.5 0.0 0 0 12.587501525878906 36.037498474121094 L12.5 37.5 L12.5 162.5 A12.5 12.5 0.0 0 0 23.537498474121094 174.91250610351562 L25.0 175.0 L62.5 175.0 L62.5 25.0 Z M187.5 75.0 L75.0 75.0 L75.0 175.0 L175.0 175.0 A12.5 12.5 0.0 0 0 187.41250610351562 163.96249389648438 L187.5 162.5 L187.5 75.0 Z M162.5 93.75 A6.25 6.25 0.0 0 1 168.75 100.0 L168.75 150.0 A6.25 6.25 0.0 0 1 162.5 156.25 L100.0 156.25 A6.25 6.25 0.0 0 1 93.75 150.0 L93.75 100.0 A6.25 6.25 0.0 0 1 100.0 93.75 L162.5 93.75 Z M50.0 50.0 A6.25 6.25 0.0 0 1 56.25 56.25 L56.25 143.75 A6.25 6.25 0.0 0 1 50.0 150.0 L25.0 150.0 A6.25 6.25 0.0 0 1 18.75 143.75 L18.75 56.25 A6.25 6.25 0.0 0 1 25.0 50.0 L50.0 50.0 Z M156.33749389648438 103.76249694824219 L106.01249694824219 103.76249694824219 A2.5 2.5 0.0 0 0 103.5999984741211 105.5999984741211 L103.5 106.25 L103.5 143.1875 A2.5 2.5 0.0 0 0 105.32499694824219 145.60000610351562 L105.99999237060547 145.6875 L156.3249969482422 145.6875 A2.5 2.5 0.0 0 0 158.7375030517578 143.85000610351562 L158.82501220703125 143.1875 L158.82501220703125 106.25 A2.5 2.5 0.0 0 0 156.3249969482422 103.75 L156.33749389648438 103.76249694824219 Z M41.250003814697266 62.5 L32.75 62.5 A2.5 2.5 0.0 0 0 30.349998474121094 64.33749389648438 L30.25 65.0 L30.25 135.0 A2.5 2.5 0.0 0 0 32.07499694824219 137.41250610351562 L32.75 137.5 L41.250003814697266 137.5 A2.5 2.5 0.0 0 0 43.662498474121094 135.66249084472656 L43.75 135.0 L43.75 65.0 A2.5 2.5 0.0 0 0 41.250003814697266 62.5 Z M175.0 25.0 L75.0 25.0 L75.0 62.5 L187.5 62.5 L187.5 37.5 A12.5 12.5 0.0 0 0 175.0 25.0 Z M156.25 31.25 A6.25 6.25 0.0 0 1 162.5 37.5 L162.5 50.0 A6.25 6.25 0.0 0 1 156.25 56.25 L106.25 56.25 A6.25 6.25 0.0 0 1 100.0 50.0 L100.0 37.5 A6.25 6.25 0.0 0 1 106.25 31.25 L156.25 31.25 Z M147.5 39.60000228881836 L115.0 39.60000228881836 A2.5 2.5 0.0 0 0 112.5875015258789 41.42500305175781 L112.5 42.099998474121094 L112.5 44.97500228881836 A2.5 2.5 0.0 0 0 114.3375015258789 47.38749694824219 L115.0 47.475006103515625 L147.5 47.475006103515625 A2.5 2.5 0.0 0 0 149.91250610351562 45.64999771118164 L150.0 44.97500228881836 L150.0 42.099998474121094 A2.5 2.5 0.0 0 0 147.5 39.60000228881836 Z""></path></svg>"
4b50219c5f811a4a2246f70fc8778fb7,"<svg xmlns=""http://www.w3.org/2000/svg"" viewBox=""0.0 0.0 200.0 200.0"" height=""200.0px"" width=""200.0px""><path fill=""currentColor"" fill-opacity=""1.0""  filling=""0"" d=""M57.52799987792969 12.183998107910156 C61.16699981689453 8.542999267578125 67.4000015258789 10.613998413085938 68.13500213623047 15.708999633789062 L74.43399810791016 59.35200119018555 C81.85199737548828 54.632999420166016 90.65599822998047 51.900001525878906 100.0979995727539 51.900001525878906 C126.55599975585938 51.900001525878906 148.0019989013672 73.36299896240234 148.0019989013672 99.83699798583984 C148.0019989013672 109.25900268554688 145.28599548339844 118.0459976196289 140.593994140625 125.45700073242188 L184.68299865722656 131.82899475097656 C189.77499389648438 132.56500244140625 191.8459930419922 138.79400634765625 188.2100067138672 142.43299865722656 L142.66700744628906 188.01199340820312 C139.0290069580078 191.6529998779297 132.7949981689453 189.58099365234375 132.05999755859375 184.48699951171875 L125.69300079345703 140.36500549316406 C118.28900146484375 145.0570068359375 109.51000213623047 147.7740020751953 100.0979995727539 147.7740020751953 C73.63899993896484 147.7740020751953 52.19300079345703 126.31099700927734 52.19300079345703 99.83699798583984 C52.19300079345703 90.61699676513672 54.79399871826172 82.00499725341797 59.303001403808594 74.69499969482422 L15.512001037597656 68.36599731445312 C10.420997619628906 67.62999725341797 8.3489990234375 61.402000427246094 11.985000610351562 57.762001037597656 L57.52799987792969 12.183998107910156 Z M137.93800354003906 137.70199584960938 L142.6479949951172 170.34500122070312 L170.55499267578125 142.41700744628906 L137.93800354003906 137.70199584960938 Z M100.0979995727539 64.4000015258789 C80.54499816894531 64.4000015258789 64.69300079345703 80.26499938964844 64.69300079345703 99.83699798583984 C64.69300079345703 119.40899658203125 80.54499816894531 135.2740020751953 100.0979995727539 135.2740020751953 C119.6500015258789 135.2740020751953 135.5019989013672 119.40899658203125 135.5019989013672 99.83699798583984 C135.5019989013672 80.26499938964844 119.6500015258789 64.4000015258789 100.0979995727539 64.4000015258789 Z M83.43599700927734 93.58699798583984 C86.85299682617188 93.58699798583984 89.62899780273438 96.3290023803711 89.68499755859375 99.73400115966797 L89.68599700927734 99.83699798583984 C89.68599700927734 105.53800201416016 94.25499725341797 110.16799926757812 99.92500305175781 110.26000213623047 L100.09700012207031 110.26200103759766 C103.54900360107422 110.26200103759766 106.34700012207031 113.05999755859375 106.34700012207031 116.51200103759766 C106.34700012207031 119.96399688720703 103.54900360107422 122.76200103759766 100.09700012207031 122.76200103759766 C87.44300079345703 122.76200103759766 77.18599700927734 112.49700164794922 77.18599700927734 99.83699798583984 C77.18599700927734 96.38500213623047 79.98400115966797 93.58699798583984 83.43599700927734 93.58699798583984 Z M57.547000885009766 29.849998474121094 L29.639999389648438 57.77799987792969 L62.257999420166016 62.49300003051758 L57.547000885009766 29.849998474121094 L57.547000885009766 29.849998474121094 Z""></path></svg>"
7b26043f0d13cda39371e4b339ebadf7,"<svg xmlns=""http://www.w3.org/2000/svg"" viewBox=""0.0 0.0 200.0 200.0"" height=""200.0px"" width=""200.0px""><path fill=""#C4A2FC"" fill-opacity=""1.0""  filling=""0"" d=""M150.0 156.25 A9.375 9.375 0.0 1 1 140.625 146.875 A9.375 9.375 0.0 0 1 150.0 156.25 Z M181.25 156.25 A40.625 40.625 0.0 1 1 118.75 122.0531234741211 L118.75 62.5 A21.875 21.875 0.0 0 1 162.5 62.5 L162.5 122.0531234741211 A40.771873474121094 40.771873474121094 0.0 0 1 181.25 156.25 Z M156.25 156.25 A15.653124809265137 15.653124809265137 0.0 0 0 143.75 140.9375 L143.75 134.375 L146.875 134.375 A3.125 3.125 0.0 0 0 146.875 128.125 L143.75 128.125 L143.75 121.875 L146.875 121.875 A3.125 3.125 0.0 0 0 146.875 115.625 L143.75 115.625 L143.75 109.375 L146.875 109.375 A3.125 3.125 0.0 0 0 146.875 103.125 L143.75 103.125 L143.75 96.875 L146.875 96.875 A3.125 3.125 0.0 0 0 146.875 90.625 L143.75 90.625 L143.75 84.375 L146.875 84.375 A3.125 3.125 0.0 0 0 146.875 78.125 L143.75 78.125 L143.75 68.75 A3.125 3.125 0.0 0 0 137.5 68.75 L137.5 140.9375 A15.625 15.625 0.0 1 0 156.25 156.25 Z""></path>
<path fill=""#151A6A"" fill-opacity=""1.0""  filling=""0"" d=""M139.70938110351562 29.040618896484375 A16.37187385559082 16.37187385559082 0.0 0 0 116.54061889648438 29.040618896484375 L107.68437194824219 37.896873474121094 A39.89374923706055 39.89374923706055 0.0 0 0 84.375 28.318748474121094 L84.375 21.875 L87.5 21.875 A3.125 3.125 0.0 0 0 87.5 15.625 L75.0 15.625 A3.125 3.125 0.0 0 0 75.0 21.875 L78.125 21.875 L78.125 28.324996948242188 A40.37187576293945 40.37187576293945 0.0 0 0 40.625 68.75 L40.625 90.05000305175781 A9.375 9.375 0.0 0 1 34.375 81.25 L34.375 56.25 A28.15625 28.15625 0.0 0 0 6.25 28.125 A3.125 3.125 0.0 0 0 6.25 34.375 A21.899999618530273 21.899999618530273 0.0 0 1 28.125 56.25 L28.125 81.25 A15.653124809265137 15.653124809265137 0.0 0 0 40.625 96.5625 L40.625 100.0 A9.375 9.375 0.0 0 0 50.0 109.375 L112.5 109.375 A9.375 9.375 0.0 0 0 121.875 100.0 L121.875 68.75 A40.400001525878906 40.400001525878906 0.0 0 0 112.11874389648438 42.29999923706055 L118.75 35.66874694824219 L142.72500610351562 59.64375305175781 C151.8468780517578 68.77499389648438 165.53750610351562 54.865623474121094 156.51873779296875 45.85000228881836 L139.70938110351562 29.040618896484375 Z M100.98750305175781 40.625 L61.5 40.625 A34.259376525878906 34.259376525878906 0.0 0 1 100.98750305175781 40.625 Z M115.625 68.75 L115.625 100.0 A3.125 3.125 0.0 0 1 112.5 103.125 L50.0 103.125 A3.125 3.125 0.0 0 1 46.875 100.0 L46.875 68.75 A34.22187423706055 34.22187423706055 0.0 0 1 54.6875 46.875 L107.796875 46.875 A34.20000076293945 34.20000076293945 0.0 0 1 115.625 68.75 Z M147.14373779296875 55.22500228881836 L123.51249694824219 31.59375 A10.350000381469727 10.350000381469727 0.0 0 1 135.29061889648438 33.46875 L152.10000610351562 50.27812576293945 A3.5062499046325684 3.5062499046325684 0.0 0 1 147.14373779296875 55.22500228881836 Z M106.25 90.625 A3.125 3.125 0.0 0 1 106.25 96.875 L56.25 96.875 A3.125 3.125 0.0 0 1 56.25 90.625 L106.25 90.625 Z""></path></svg>"
f7e100176f3abaa371f2be1f2591b052,"<svg xmlns=""http://www.w3.org/2000/svg"" viewBox=""0.0 0.0 200.0 200.0"" height=""200.0px"" width=""200.0px""><path fill=""currentColor"" fill-opacity=""1.0""  filling=""0"" d=""M181.03500366210938 99.24199676513672 C179.1840057373047 89.32599639892578 175.08399963378906 80.44300079345703 167.73199462890625 73.31199645996094 C163.99400329589844 69.68599700927734 163.43800354003906 69.74199676513672 160.78500366210938 74.26799774169922 C155.59800720214844 83.11900329589844 148.14599609375 88.9020004272461 138.08999633789062 91.03299713134766 C129.7790069580078 92.79499816894531 121.37100219726562 92.9280014038086 113.01000213623047 91.3550033569336 C108.60399627685547 90.5270004272461 104.26799774169922 89.31999969482422 99.56099700927734 88.2030029296875 C114.81400299072266 75.87300109863281 120.23600006103516 61.012001037597656 113.53900146484375 42.81800079345703 C108.4489974975586 28.996002197265625 94.5250015258789 19.34400177001953 79.77899932861328 19.571998596191406 C60.19300079345703 19.875 48.15399932861328 30.38299560546875 42.457000732421875 48.97999954223633 C41.571998596191406 48.854000091552734 40.65599822998047 48.707000732421875 39.736000061035156 48.59199905395508 C35.15399932861328 48.018001556396484 30.576004028320312 47.05099868774414 25.987998962402344 46.9900016784668 C21.01000213623047 46.92399978637695 18.201004028320312 50.071998596191406 18.40399932861328 54.768001556396484 C18.48400115966797 56.60499954223633 18.98400115966797 58.513999938964844 19.696998596191406 60.22100067138672 C21.751998901367188 65.13700103759766 25.38500213623047 68.89800262451172 29.783004760742188 71.63899993896484 C36.53099822998047 75.84200286865234 43.57600021362305 79.56800079345703 50.43199920654297 83.46299743652344 C43.702999114990234 86.5979995727539 37.632999420166016 91.36699676513672 32.582000732421875 97.50800323486328 C20.061004638671875 112.73400115966797 17.667999267578125 134.25399780273438 26.948997497558594 151.61700439453125 C34.699005126953125 166.11700439453125 47.43000030517578 174.19900512695312 62.96500015258789 178.10499572753906 C72.93000030517578 180.61099243164062 83.20700073242188 180.843994140625 93.42400360107422 180.70700073242188 C110.88300323486328 180.47300720214844 127.9800033569336 178.1269989013672 144.11900329589844 170.89100646972656 C173.6540069580078 157.64999389648438 186.5570068359375 128.7969970703125 181.03500366210938 99.24199676513672 Z M82.98400115966797 166.11900329589844 C82.63700103759766 168.0 80.99400329589844 169.31399536132812 79.14800262451172 169.31399536132812 C78.91200256347656 169.31399536132812 78.67400360107422 169.29299926757812 78.43399810791016 169.2480010986328 C70.12300109863281 167.70899963378906 62.92599868774414 164.91600036621094 57.042999267578125 160.94700622558594 C52.242000579833984 157.70899963378906 48.3120002746582 153.6929931640625 45.362998962402344 149.01400756835938 C42.74399948120117 144.85899353027344 41.36899948120117 140.9040069580078 40.650001525878906 138.01199340820312 C40.05699920654297 135.6230010986328 41.77899932861328 133.2830047607422 44.237998962402344 133.156005859375 C46.10900115966797 133.06100463867188 47.77899932861328 134.3070068359375 48.231998443603516 136.125 C48.803001403808594 138.41600036621094 49.93899917602539 141.71499633789062 52.18600082397461 145.17799377441406 C57.69300079345703 153.6719970703125 67.00399780273438 159.18600463867188 79.85900115966797 161.56399536132812 C81.97699737548828 161.95899963378906 83.37899780273438 163.9980010986328 82.98400115966797 166.11900329589844 Z M76.11100006103516 59.40999984741211 C71.39600372314453 59.40999984741211 67.71900177001953 55.724998474121094 67.71299743652344 50.987998962402344 C67.70700073242188 46.25600051879883 71.38300323486328 42.55500030517578 76.0979995727539 42.547000885009766 C80.79900360107422 42.53900146484375 84.49800109863281 46.25 84.5 50.97700119018555 C84.50199890136719 55.70500183105469 80.81600189208984 59.40999984741211 76.11100006103516 59.40999984741211 Z""></path></svg>"
7be87f50d6ce946ddf06aa2699e8fc7d,"<svg xmlns=""http://www.w3.org/2000/svg"" viewBox=""0.0 0.0 200.0 200.0"" height=""200.0px"" width=""200.0px""><path fill=""#61A5FF"" fill-opacity=""1.0""  filling=""0"" d=""M100.0 200.0 C57.39400100708008 200.0 22.85700225830078 165.46299743652344 22.85700225830078 122.85700225830078 C22.85700225830078 96.03399658203125 45.78300094604492 58.02899932861328 91.63999938964844 8.829002380371094 A11.428999900817871 11.428999900817871 0.0 0 1 108.36000061035156 8.829002380371094 C154.2169952392578 58.02899932861328 177.14300537109375 96.03399658203125 177.14300537109375 122.85700225830078 C177.14300537109375 165.46299743652344 142.6060028076172 200.0 100.0 200.0 Z M97.95999908447266 74.28600311279297 L68.57099914550781 120.0 L107.75399780273438 130.16000366210938 L107.75399780273438 165.71400451660156 L137.14300537109375 114.91999816894531 L97.95999908447266 104.76000213623047 L97.95999908447266 74.28600311279297 Z""></path></svg>"
2179a3741a0ab1aa7c2d4662936b290c,"<svg xmlns=""http://www.w3.org/2000/svg"" viewBox=""0.0 0.0 200.0 200.0"" height=""200.0px"" width=""200.0px""><path fill=""currentColor"" fill-opacity=""1.0""  filling=""0"" d=""M124.5999984741211 107.08599853515625 C138.61000061035156 99.21499633789062 148.1060028076172 84.2699966430664 148.1060028076172 67.13600158691406 C148.1060028076172 41.849998474121094 127.45999908447266 21.279998779296875 102.08200073242188 21.279998779296875 C76.7040023803711 21.279998779296875 56.06100082397461 41.849998474121094 56.06100082397461 67.13600158691406 C56.06100082397461 83.61900329589844 64.85800170898438 98.05500030517578 77.99500274658203 106.13700103759766 C48.29899978637695 115.47000122070312 26.705001831054688 143.1529998779297 26.705001831054688 175.78500366210938 C26.705001831054688 176.7729949951172 26.813995361328125 177.72999572753906 26.85400390625 178.7100067138672 L37.07899856567383 178.7100067138672 C37.03499984741211 177.73599243164062 36.930999755859375 176.7729949951172 36.930999755859375 175.78500366210938 C36.930999755859375 141.16000366210938 65.2229995727539 112.99199676513672 99.9990005493164 112.99199676513672 C134.77499389648438 112.99199676513672 163.0679931640625 141.16000366210938 163.0679931640625 175.78500366210938 C163.0679931640625 176.7729949951172 162.96400451660156 177.73599243164062 162.91600036621094 178.7100067138672 L173.14500427246094 178.7100067138672 C173.1840057373047 177.72999572753906 173.29299926757812 176.7729949951172 173.29299926757812 175.78500366210938 C173.29400634765625 144.1269989013672 152.9320068359375 117.19100189208984 124.5999984741211 107.08599853515625 Z M66.28700256347656 67.13600158691406 C66.28700256347656 47.4900016784668 82.34300231933594 31.505996704101562 102.08200073242188 31.505996704101562 C121.82099914550781 31.505996704101562 137.8769989013672 47.4900016784668 137.8769989013672 67.13600158691406 C137.8769989013672 86.78199768066406 121.82099914550781 102.76499938964844 102.08200073242188 102.76499938964844 C82.34300231933594 102.76499938964844 66.28700256347656 86.78199768066406 66.28700256347656 67.13600158691406 Z""></path></svg>"
ad497666ac65587fce985d7623871ae7,"<svg xmlns=""http://www.w3.org/2000/svg"" viewBox=""0.0 0.0 200.0 200.0"" height=""200.0px"" width=""200.0px""><path fill=""#000000"" fill-opacity=""1.0""  filling=""0"" d=""M116.6666030883789 41.666603088378906 A25.0 25.0 0.0 0 1 141.66659545898438 66.6666030883789 L141.66659545898438 73.71659851074219 L156.5 62.30000305175781 C167.47500610351562 53.875 183.33340454101562 61.68339920043945 183.33340454101562 75.5166015625 L183.33340454101562 124.4833984375 C183.33340454101562 138.3166046142578 167.46661376953125 146.125 156.5 137.6999969482422 L141.66659545898438 126.28339385986328 L141.66659545898438 133.33340454101562 A25.0 25.0 0.0 0 1 116.6666030883789 158.33340454101562 L41.666603088378906 158.33340454101562 A25.0 25.0 0.0 0 1 16.666603088378906 133.33340454101562 L16.666603088378906 66.6666030883789 A25.0 25.0 0.0 0 1 41.666603088378906 41.666603088378906 L116.6666030883789 41.666603088378906 Z M116.6666030883789 54.166603088378906 L41.666603088378906 54.166603088378906 A12.5 12.5 0.0 0 0 29.225006103515625 65.46659851074219 L29.166603088378906 66.6666030883789 L29.166603088378906 133.33340454101562 A12.5 12.5 0.0 0 0 40.46660232543945 145.77499389648438 L41.666603088378906 145.83340454101562 L116.6666030883789 145.83340454101562 A12.5 12.5 0.0 0 0 129.1083984375 134.53338623046875 L129.16659545898438 133.33340454101562 L129.16659545898438 66.6666030883789 A12.5 12.5 0.0 0 0 117.8666000366211 54.224998474121094 L116.6666030883789 54.166603088378906 Z M164.125 72.2083969116211 L141.66659545898438 89.5 L141.66659545898438 110.51659393310547 L164.125 127.80000305175781 A4.166601657867432 4.166601657867432 0.0 0 0 170.83340454101562 124.49159240722656 L170.83340454101562 75.5166015625 A4.166601657867432 4.166601657867432 0.0 0 0 164.125 72.2083969116211 Z""></path></svg>"
d0316313-c830-4f01-9e3c-75e383512aa8,"<svg xmlns=""http://www.w3.org/2000/svg"" viewBox=""0.0 0.0 200.0 200.0"" height=""200.0px"" width=""200.0px""><path fill=""#B3B3B3"" fill-opacity=""1.0""  filling=""0"" d=""M169.7030029296875 43.2239990234375 C156.7100067138672 17.919998168945312 130.60899353027344 0.00099945068359375 99.99199676513672 0.0 L99.99199676513672 39.582000732421875 C121.66300201416016 39.58300018310547 139.28599548339844 56.64099884033203 139.28700256347656 78.31199645996094 C139.28700256347656 99.72100067138672 121.51699829101562 118.17500305175781 99.99199676513672 118.1760025024414 L99.99199676513672 200.0 C127.58799743652344 171.2429962158203 159.3489990234375 139.6320037841797 173.24600219726562 101.78600311279297 C180.19500732421875 82.86000061035156 178.8979949951172 61.132999420166016 169.7030029296875 43.2239990234375 Z""></path>
<path fill=""#979797"" fill-opacity=""1.0""  filling=""0"" d=""M26.75499725341797 101.78600311279297 C40.6510009765625 139.6320037841797 72.41200256347656 171.2429962158203 100.00700378417969 200.0 L100.00700378417969 118.1760025024414 C78.48200225830078 118.17500305175781 60.71200180053711 99.72100067138672 60.7130012512207 78.31199645996094 C60.7130012512207 56.64099884033203 78.33599853515625 39.58300018310547 100.00700378417969 39.582000732421875 L100.00700378417969 0.0 C69.39099884033203 0.00099945068359375 43.28900146484375 17.919998168945312 30.295997619628906 43.2239990234375 C21.10199737548828 61.132999420166016 19.805999755859375 82.86000061035156 26.75499725341797 101.78600311279297 Z""></path>
<path fill=""#F0F0F0"" fill-opacity=""1.0""  filling=""0"" d=""M71.34200286865234 22.08599853515625 C65.74700164794922 24.972999572753906 60.494998931884766 28.759002685546875 55.80400085449219 33.449005126953125 C51.112998962402344 38.13999938964844 47.327999114990234 43.391998291015625 44.441001892089844 48.98699951171875 L84.62799835205078 93.01799774169922 L128.6580047607422 133.2050018310547 C134.25399780273438 130.31700134277344 139.50599670410156 126.53099822998047 144.1959991455078 121.84100341796875 C148.88699340820312 117.1500015258789 152.6719970703125 111.89900207519531 155.55999755859375 106.30400085449219 L115.37200164794922 62.27299880981445 L71.34200286865234 22.08599853515625 Z""></path>
<path fill="""" fill-opacity=""1.0""  filling=""0"" d=""M144.1959991455078 121.84100341796875 C146.8179931640625 119.21900177001953 149.156005859375 116.4219970703125 151.21499633789062 113.48699951171875 L64.15799713134766 26.430999755859375 C61.2239990234375 28.488998413085938 58.42599868774414 30.826995849609375 55.80400085449219 33.449005126953125 C53.18199920654297 36.07099914550781 50.84400177001953 38.86899948120117 48.78499984741211 41.80400085449219 L135.8419952392578 128.86099243164062 C138.7760009765625 126.8010025024414 141.57400512695312 124.46299743652344 144.1959991455078 121.84100341796875 Z""></path>
<path fill=""#D80027"" fill-opacity=""1.0""  filling=""0"" d=""M55.80400085449219 121.84100341796875 C75.52200317382812 141.55999755859375 105.13600158691406 145.34500122070312 128.6580047607422 133.2050018310547 L44.439998626708984 48.98699951171875 C32.30000305175781 72.51000213623047 36.08599853515625 102.12300109863281 55.80400085449219 121.84100341796875 Z""></path>
<path fill=""#D80027"" fill-opacity=""1.0""  filling=""0"" d=""M144.1959991455078 33.449005126953125 C124.47699737548828 13.731002807617188 94.86399841308594 9.945999145507812 71.34100341796875 22.08599853515625 L155.5590057373047 106.30400085449219 C167.6999969482422 82.78199768066406 163.91400146484375 53.167999267578125 144.1959991455078 33.449005126953125 Z""></path>
<path fill=""#C7C7C7"" fill-opacity=""1.0""  filling=""0"" d=""M99.97100067138672 8.47900390625 C71.16500091552734 8.47900390625 44.71699905395508 27.054000854492188 34.888999938964844 54.106998443603516 C24.98999786376953 81.36199951171875 33.66200256347656 112.63600158691406 55.972999572753906 131.08700561523438 C78.33100128173828 149.57899475097656 110.80500030517578 152.03399658203125 135.65199279785156 137.00399780273438 C160.50599670410156 121.97000122070312 173.6320037841797 92.20700073242188 167.78900146484375 63.73400115966797 C162.0659942626953 35.847999572753906 138.87399291992188 13.719001770019531 110.73100280761719 9.313003540039062 C107.1719970703125 8.755996704101562 103.57099914550781 8.47900390625 99.97100067138672 8.47900390625 M155.69900512695312 102.80599975585938 C143.88600158691406 128.98199462890625 114.39800262451172 143.7449951171875 86.37100219726562 137.33700561523438 C64.8030014038086 132.40699768066406 47.159000396728516 115.55400085449219 41.145999908447266 94.29199981689453 C34.99400329589844 72.5510025024414 41.66400146484375 48.66600036621094 58.10499954223633 33.188995361328125 C75.89299774169922 16.444000244140625 102.7040023803711 11.872001647949219 125.02799987792969 21.938995361328125 C151.6790008544922 33.957000732421875 166.42300415039062 64.18299865722656 159.26600646972656 92.58200073242188 C158.3820037841797 96.08799743652344 157.17599487304688 99.50700378417969 155.69900512695312 102.80599975585938 C154.88400268554688 104.61399841308594 156.302001953125 101.46099853515625 155.69900512695312 102.80599975585938""></path></svg>"
bef3b5702afe02ec752caa10c598f0fb,"<svg xmlns=""http://www.w3.org/2000/svg"" viewBox=""0.0 0.0 200.0 200.0"" height=""200.0px"" width=""200.0px""><path fill=""#040000"" fill-opacity=""1.0""  filling=""0"" d=""M150.25390625 158.84765625 L47.5390625 158.84765625 C45.273433685302734 158.84765625 43.4375 157.01171875 43.4375 154.74609375 L43.4375 74.84375 C43.4375 73.53515625 44.0625 72.3046875 45.1171875 71.54296875 L96.484375 33.75 C97.9296875 32.6953125 99.90234375 32.6953125 101.34766387939453 33.75 L152.71484375 71.54296875 C153.76953125 72.32421875 154.39453125 73.53515625 154.39453125 74.84375 L154.39453125 154.74609375 C154.35546875 157.01171875 152.51953125 158.84765625 150.25390625 158.84765625 Z M51.640625 150.64453125 L146.15234375 150.64453125 L146.15234375 76.9140625 L98.88671875 42.148433685302734 L51.621089935302734 76.9140625 L51.621089935302734 150.64453125 L51.640625 150.64453125 Z""></path>
<path fill=""#040000"" fill-opacity=""1.0""  filling=""0"" d=""M95.546875 124.47265625 C94.70703125 124.47265625 93.8671875 124.21875 93.14453125 123.69140625 L71.484375 107.98828887939453 C69.6484375 106.66014862060547 69.23828125 104.1015625 70.56640625 102.26561737060547 C71.89453125 100.4296875 74.47265625 100.01952362060547 76.2890625 101.34766387939453 L94.82421875 114.78515625 L120.72265625 83.41796875 C122.16796875 81.6796875 124.74609375 81.42578125 126.50390625 82.87109375 C128.2421875 84.31640625 128.49609375 86.89453125 127.05078125 88.65234375 L98.73046875 122.98828125 C97.91015625 123.96484375 96.73828125 124.47265625 95.546875 124.47265625 Z""></path></svg>"
59433b6bf3dc2b8185aad87ff88b37e9,"<svg xmlns=""http://www.w3.org/2000/svg"" viewBox=""0.0 0.0 200.0 200.0"" height=""200.0px"" width=""200.0px""><path fill=""#333333"" fill-opacity=""1.0""  filling=""0"" d=""M156.14999389648438 21.912506103515625 A15.625 15.625 0.0 0 1 171.875 37.4375 L171.875 162.5 A15.625 15.625 0.0 0 1 156.25 178.125 L43.75 178.125 A15.625 15.625 0.0 0 1 28.125 162.5 L28.125 38.26874923706055 A15.625 15.625 0.0 0 1 43.650001525878906 22.643753051757812 L156.14999389648438 21.912506103515625 Z M153.125 40.6875 L140.625 40.76249694824219 L140.625 81.25 C140.625 88.76249694824219 132.29998779296875 93.11249542236328 126.18124389648438 89.13749694824219 L125.51250457763672 88.6624984741211 L109.3687515258789 76.1624984741211 L93.24374389648438 88.6624984741211 C87.30000305175781 93.26249694824219 78.76249694824219 89.3499984741211 78.15625 82.0687484741211 L78.125 81.25 L78.125 41.16250228881836 L46.875 41.375 L46.875 159.375 L153.125 159.375 L153.125 40.68124771118164 L153.125 40.6875 Z M121.875 40.88749694824219 L96.875 41.04999923706055 L96.875 62.124996185302734 L103.63750457763672 56.900001525878906 A9.375 9.375 0.0 0 1 114.31250762939453 56.337501525878906 L115.11249542236328 56.900001525878906 L121.875 62.131248474121094 L121.875 40.88125228881836 L121.875 40.88749694824219 Z""></path></svg>"
cccde842a9770067e91c4fe35cb36e05,"<svg xmlns=""http://www.w3.org/2000/svg"" viewBox=""0.0 0.0 200.0 200.0"" height=""200.0px"" width=""200.0px""><path fill=""#4B4E54"" fill-opacity=""1.0""  filling=""0"" d=""M130.343994140625 13.405998229980469 L128.125 12.5 L57.28099822998047 12.5 A11.718999862670898 11.718999862670898 0.0 0 0 44.78099822998047 23.438003540039062 A12.937999725341797 12.937999725341797 0.0 0 0 44.78099822998047 25.34400177001953 L44.78099822998047 53.875 L34.75 53.875 A14.781000137329102 14.781000137329102 0.0 0 0 21.90599822998047 69.5 L21.90599822998047 150.593994140625 L44.875 150.593994140625 L44.875 187.5 L178.125 187.5 L178.125 65.03099822998047 L130.343994140625 13.405998229980469 Z M127.625 26.34400177001953 L161.68800354003906 63.09400177001953 L133.56199645996094 63.09400177001953 A7.375 7.375 0.0 0 1 126.75 57.59400177001953 L126.75 26.34400177001953 L127.625 26.34400177001953 Z M31.53099822998047 69.56199645996094 C31.53099822998047 67.28099822998047 32.46900177001953 63.3120002746582 35.18800354003906 63.3120002746582 L100.0 63.3120002746582 C102.78099822998047 63.3120002746582 104.625 67.40599822998047 104.625 69.56199645996094 L104.625 141.43800354003906 L31.25 141.43800354003906 L31.53099822998047 69.56199645996094 Z M54.0620002746582 178.125 L54.0620002746582 150.593994140625 L113.81199645996094 150.593994140625 L113.81199645996094 69.56199645996094 A15.187999725341797 15.187999725341797 0.0 0 0 100.03099822998047 53.9379997253418 L54.0620002746582 53.9379997253418 L54.0620002746582 25.375 C54.0620002746582 22.688003540039062 54.0620002746582 21.71900177001953 57.1870002746582 21.71900177001953 L118.43800354003906 21.71900177001953 L118.43800354003906 57.59400177001953 A15.937999725341797 15.937999725341797 0.0 0 0 134.06199645996094 72.375 L168.93800354003906 72.375 L168.93800354003906 178.125 L54.0620002746582 178.125 Z""></path>
<path fill=""#4B4E54"" fill-opacity=""1.0""  filling=""0"" d=""M89.43800354003906 78.31199645996094 A4.5 4.5 0.0 0 0 86.31199645996094 76.90599822998047 A4.188000202178955 4.188000202178955 0.0 0 0 83.18800354003906 78.31199645996094 L68.0 94.40599822998047 L52.78099822998047 78.78099822998047 A4.343999862670898 4.343999862670898 0.0 0 0 46.53099822998047 78.59400177001953 L46.3120002746582 78.78099822998047 A4.468999862670898 4.468999862670898 0.0 0 0 46.15599822998047 85.03099822998047 L46.3120002746582 85.18800354003906 L61.4379997253418 101.28099822998047 L46.28099822998047 117.5 A4.468999862670898 4.468999862670898 0.0 0 0 46.125 123.75 L46.28099822998047 123.90599822998047 A4.125 4.125 0.0 0 0 49.40599822998047 125.21900177001953 A4.343999862670898 4.343999862670898 0.0 0 0 52.53099822998047 123.90599822998047 L67.65599822998047 108.28099822998047 L82.84400177001953 123.90599822998047 A4.561999797821045 4.561999797821045 0.0 0 0 89.40599822998047 117.65599822998047 L89.21900177001953 117.5 L74.125 101.375 L89.21900177001953 85.28099822998047 A4.938000202178955 4.938000202178955 0.0 0 0 89.43800354003906 78.31199645996094 Z""></path></svg>"
8d9a73f5da5369b5ee2483cb71f2a498,"<svg xmlns=""http://www.w3.org/2000/svg"" viewBox=""0.0 0.0 200.0 200.0"" height=""200.0px"" width=""200.0px""><path fill=""#444444"" fill-opacity=""1.0""  filling=""0"" d=""M28.570999145507812 66.62899780273438 C28.570999145507812 54.57099914550781 28.570999145507812 54.57099914550781 32.75700378417969 43.91400146484375 C36.94300079345703 33.25700378417969 36.94300079345703 33.25700378417969 44.31399917602539 25.329002380371094 C51.68600082397461 17.400001525878906 51.68600082397461 17.400001525878906 61.270999908447266 11.599998474121094 C70.85700225830078 5.8000030517578125 70.85700225830078 5.8000030517578125 81.91400146484375 2.9000015258789062 C92.97100067138672 0.0 92.97100067138672 0.0 104.45700073242188 0.0 C122.08599853515625 0.0 122.08599853515625 0.0 137.27099609375 7.4290008544921875 C152.45700073242188 14.857002258300781 152.45700073242188 14.857002258300781 161.9429931640625 29.02899932861328 C171.4290008544922 43.20000076293945 171.4290008544922 43.20000076293945 171.4290008544922 61.05699920654297 C171.4290008544922 71.77100372314453 171.4290008544922 71.77100372314453 169.31399536132812 82.04299926757812 C167.1999969482422 92.31400299072266 167.1999969482422 92.31400299072266 162.61399841308594 101.80000305175781 C158.0290069580078 111.28600311279297 158.0290069580078 111.28600311279297 151.45700073242188 118.48600006103516 C144.88600158691406 125.68599700927734 144.88600158691406 125.68599700927734 135.27099609375 129.98599243164062 C125.65699768066406 134.28599548339844 125.65699768066406 134.28599548339844 114.1709976196289 134.28599548339844 C106.58599853515625 134.28599548339844 106.58599853515625 134.28599548339844 99.0999984741211 130.71400451660156 C91.61399841308594 127.14299774169922 91.61399841308594 127.14299774169922 88.38600158691406 120.88600158691406 C87.27100372314453 125.24299621582031 87.27100372314453 125.24299621582031 85.25700378417969 133.4429931640625 C83.24299621582031 141.64300537109375 83.24299621582031 141.64300537109375 82.62899780273438 144.04299926757812 C82.01399993896484 146.4429931640625 82.01399993896484 146.4429931640625 80.34300231933594 151.9709930419922 C78.6709976196289 157.5 78.6709976196289 157.5 77.44300079345703 159.89999389648438 C76.21399688720703 162.3000030517578 76.21399688720703 162.3000030517578 73.87100219726562 166.87100219726562 C71.52899932861328 171.4429931640625 71.52899932861328 171.4429931640625 68.74299621582031 175.51400756835938 C65.95700073242188 179.58599853515625 65.95700073242188 179.58599853515625 61.82899856567383 185.17100524902344 L60.270999908447266 185.72900390625 L59.270999908447266 184.61399841308594 C57.599998474121094 167.08599853515625 57.599998474121094 167.08599853515625 57.599998474121094 163.62899780273438 C57.599998474121094 153.35699462890625 57.599998474121094 153.35699462890625 60.0 140.58599853515625 C62.400001525878906 127.81400299072266 62.400001525878906 127.81400299072266 67.42900085449219 108.5 C72.45700073242188 89.18599700927734 72.45700073242188 89.18599700927734 73.22899627685547 85.84300231933594 C69.65699768066406 78.58599853515625 69.65699768066406 78.58599853515625 69.65699768066406 66.98600006103516 C69.65699768066406 57.729000091552734 69.65699768066406 57.729000091552734 75.45700073242188 49.57099914550781 C81.25700378417969 41.41400146484375 81.25700378417969 41.41400146484375 90.18599700927734 41.42900085449219 C97.0 41.42900085449219 97.0 41.42900085449219 100.78600311279297 45.94300079345703 C104.57099914550781 50.457000732421875 104.57099914550781 50.457000732421875 104.58599853515625 57.38600158691406 C104.58599853515625 64.75700378417969 104.58599853515625 64.75700378417969 99.6709976196289 78.69999694824219 C94.75700378417969 92.64299774169922 94.75700378417969 92.64299774169922 94.75700378417969 99.57099914550781 C94.75700378417969 106.5999984741211 94.75700378417969 106.5999984741211 99.78600311279297 111.22899627685547 C104.81400299072266 115.85700225830078 104.81400299072266 115.85700225830078 111.95700073242188 115.85700225830078 C118.0999984741211 115.85700225830078 118.0999984741211 115.85700225830078 123.34300231933594 113.07099914550781 C128.58599853515625 110.28600311279297 128.58599853515625 110.28600311279297 132.10000610351562 105.48600006103516 C135.61399841308594 100.68599700927734 135.61399841308594 100.68599700927734 138.35699462890625 94.88600158691406 C141.10000610351562 89.08599853515625 141.10000610351562 89.08599853515625 142.60000610351562 82.55699920654297 C144.10000610351562 76.02899932861328 144.10000610351562 76.02899932861328 144.82899475097656 70.1709976196289 C145.5570068359375 64.31400299072266 145.5570068359375 64.31400299072266 145.5570068359375 59.07099914550781 C145.5570068359375 39.75699996948242 145.5570068359375 39.75699996948242 133.34300231933594 29.0 C121.12899780273438 18.242996215820312 121.12899780273438 18.242996215820312 101.48600006103516 18.22900390625 C79.15699768066406 18.22900390625 79.15699768066406 18.22900390625 64.21399688720703 32.686004638671875 C49.270999908447266 47.143001556396484 49.270999908447266 47.143001556396484 49.25699996948242 69.34300231933594 C49.25699996948242 74.25700378417969 49.25699996948242 74.25700378417969 50.65700149536133 78.8290023803711 C52.05699920654297 83.4000015258789 52.05699920654297 83.4000015258789 53.67100143432617 86.08599853515625 C55.2859992980957 88.77100372314453 55.2859992980957 88.77100372314453 56.68600082397461 91.15699768066406 C58.08599853515625 93.54299926757812 58.08599853515625 93.54299926757812 58.08599853515625 94.55699920654297 C58.08599853515625 97.68599700927734 58.08599853515625 97.68599700927734 56.41400146484375 102.69999694824219 C54.74300003051758 107.71399688720703 54.74300003051758 107.71399688720703 52.2859992980957 107.72899627685547 C52.05699920654297 107.72899627685547 52.05699920654297 107.72899627685547 50.38600158691406 107.4000015258789 C44.70000076293945 105.72899627685547 44.70000076293945 105.72899627685547 40.2859992980957 101.14299774169922 C35.871002197265625 96.55699920654297 35.871002197265625 96.55699920654297 33.47100067138672 90.5999984741211 C31.070999145507812 84.64299774169922 31.070999145507812 84.64299774169922 29.843002319335938 78.54299926757812 C28.613998413085938 72.44300079345703 28.613998413085938 72.44300079345703 28.613998413085938 66.65699768066406 L28.570999145507812 66.62899780273438 Z""></path></svg>"
60782d20cc8bfb457db8081589abf190,"<svg xmlns=""http://www.w3.org/2000/svg"" viewBox=""0.0 0.0 200.0 200.0"" height=""200.0px"" width=""200.0px""><path fill=""#1669AD"" fill-opacity=""1.0""  filling=""0"" d=""M0.000396728515625 100.00039672851562 A99.99960327148438 99.99960327148438 0.0 1 0 199.99960327148438 100.00039672851562 A99.99960327148438 99.99960327148438 0.0 1 0 0.000396728515625 100.00039672851562 Z""></path>
<path fill=""#2A81C2"" fill-opacity=""1.0""  filling=""0"" d=""M20.507415771484375 100.00039672851562 A79.49296569824219 79.49296569824219 0.0 1 0 179.49334716796875 100.00039672851562 A79.49296569824219 79.49296569824219 0.0 1 0 20.507415771484375 100.00039672851562 Z""></path>
<path fill=""#1669AD"" fill-opacity=""1.0""  filling=""0"" d=""M59.16777420043945 42.86308288574219 L57.38534927368164 42.86308288574219 L57.38534927368164 172.46542358398438 C57.38534927368164 175.3718719482422 59.7412109375 177.72811889648438 62.64824295043945 177.72811889648438 C65.5541000366211 177.72811889648438 67.91035461425781 175.3722686767578 67.91035461425781 172.46542358398438 L67.91035461425781 134.2595672607422 L75.21015167236328 134.2595672607422 L75.21015167236328 58.90605545043945 C75.20976257324219 50.046287536621094 68.02754211425781 42.86308288574219 59.16777420043945 42.86308288574219 Z M120.5902328491211 42.86308288574219 A1.953125 1.953125 0.0 0 0 118.6371078491211 44.81620788574219 L118.6371078491211 63.56816101074219 C118.6371078491211 66.12870788574219 118.359375 67.61698913574219 117.78788757324219 68.1181640625 C117.130859375 68.69589233398438 115.20977020263672 68.74394226074219 113.4613265991211 68.74394226074219 L110.90937805175781 68.74394226074219 L110.90937805175781 44.81620788574219 C110.90937805175781 43.7373046875 110.03515625 42.86308288574219 108.95625305175781 42.86308288574219 C107.87733459472656 42.86308288574219 107.00312805175781 43.7373046875 107.00312805175781 44.81620788574219 L107.00312805175781 68.74394226074219 L104.01484680175781 68.74394226074219 L103.27188110351562 68.74628448486328 C101.7398452758789 68.7509765625 100.28788757324219 68.75761413574219 99.93633270263672 68.40762329101562 C99.6890640258789 68.1611328125 99.2750015258789 67.2435531616211 99.2750015258789 63.86112976074219 L99.2750015258789 44.81620788574219 C99.2750015258789 43.7373046875 98.40078735351562 42.86308288574219 97.3218765258789 42.86308288574219 C96.24297332763672 42.86308288574219 95.3687515258789 43.7373046875 95.3687515258789 44.81620788574219 L95.3687515258789 66.1322250366211 C95.3687515258789 69.43965148925781 95.67695617675781 71.94902038574219 97.18008422851562 73.4458999633789 C98.55937194824219 74.8193359375 100.3851547241211 74.9251937866211 102.66719055175781 74.9251937866211 C102.87030792236328 74.9251937866211 103.0777359008789 74.92362976074219 103.28828430175781 74.9228515625 L103.5859375 74.9228515625 L103.5859375 172.35684204101562 C103.5859375 175.3230438232422 105.9906234741211 177.7277374267578 108.95703125 177.7277374267578 C111.92343139648438 177.7277374267578 114.328125 175.3230438232422 114.328125 172.35684204101562 L114.328125 74.91191864013672 C120.107421875 74.78925323486328 122.54414367675781 73.29667663574219 122.54414367675781 65.83964538574219 L122.54414367675781 44.81660079956055 A1.9542968273162842 1.9542968273162842 0.0 0 0 120.5902328491211 42.86308288574219 Z""></path>
<path fill=""#E8E9EC"" fill-opacity=""1.0""  filling=""0"" d=""M69.20332336425781 32.5673828125 L67.4208984375 32.5673828125 L67.4208984375 162.16973876953125 C67.4208984375 165.07559204101562 69.7767562866211 167.4326171875 72.68379211425781 167.4326171875 C75.5894546508789 167.4326171875 77.9457015991211 165.07598876953125 77.9457015991211 162.16973876953125 L77.9457015991211 123.96366882324219 L85.2457046508789 123.96366882324219 L85.2457046508789 48.60995864868164 C85.2457046508789 39.74980163574219 78.06327819824219 32.5673828125 69.20332336425781 32.5673828125 Z M130.62557983398438 32.5673828125 A1.953125 1.953125 0.0 0 0 128.67245483398438 34.5205078125 L128.67245483398438 53.272850036621094 C128.67245483398438 55.83340072631836 128.39471435546875 57.321678161621094 127.8232421875 57.822853088378906 C127.16621398925781 58.399803161621094 125.2451171875 58.448631286621094 123.49687957763672 58.448631286621094 L120.94491577148438 58.448631286621094 L120.94491577148438 34.5205078125 C120.94491577148438 33.44160461425781 120.07070922851562 32.5673828125 118.99179077148438 32.5673828125 C117.91288757324219 32.5673828125 117.03866577148438 33.44160461425781 117.03866577148438 34.5205078125 L117.03866577148438 58.448631286621094 L114.05038452148438 58.448631286621094 L113.30741882324219 58.450199127197266 C111.775390625 58.45488357543945 110.32344055175781 58.462303161621094 109.97187805175781 58.11152648925781 C109.724609375 57.865821838378906 109.310546875 56.947853088378906 109.310546875 53.565818786621094 L109.310546875 34.5205078125 C109.310546875 33.44160461425781 108.43632507324219 32.5673828125 107.357421875 32.5673828125 C106.27851867675781 32.5673828125 105.404296875 33.44160461425781 105.404296875 34.5205078125 L105.404296875 55.83652114868164 C105.404296875 59.143943786621094 105.71249389648438 61.6533203125 107.21562194824219 63.15019607543945 C108.59491729736328 64.5244140625 110.42070007324219 64.6294937133789 112.70274353027344 64.6294937133789 C112.9058609008789 64.6294937133789 113.11328125 64.62870788574219 113.3238296508789 64.6279296875 L113.6214828491211 64.6279296875 L113.6214828491211 162.06192016601562 C113.6214828491211 165.0283203125 116.02617645263672 167.43301391601562 118.9925765991211 167.43301391601562 C121.958984375 167.43301391601562 124.3636703491211 165.0283203125 124.3636703491211 162.06192016601562 L124.3636703491211 64.61543273925781 C130.1427764892578 64.4931640625 132.57949829101562 63.00019454956055 132.57949829101562 55.54316711425781 L132.57949829101562 34.5205078125 A1.9539061784744263 1.9539061784744263 0.0 0 0 130.62557983398438 32.5673828125 Z""></path></svg>"
7884ebaf59a1407a0d842e8fedb04ac6,"<svg xmlns=""http://www.w3.org/2000/svg"" viewBox=""0.0 0.0 200.0 200.0"" height=""200.0px"" width=""200.0px""><path fill=""#CCCCCC"" fill-opacity=""1.0""  filling=""0"" d=""M82.45800018310547 107.89199829101562 A8.75 8.75 0.0 0 1 91.2249984741211 116.66699981689453 L91.2249984741211 173.68299865722656 A8.75 8.75 0.0 0 1 82.45800018310547 182.45799255371094 L25.442001342773438 182.45799255371094 A8.75 8.75 0.0 0 1 16.66699981689453 173.68299865722656 L16.66699981689453 116.66699981689453 A8.75 8.75 0.0 0 1 25.442001342773438 107.89199829101562 L82.45800018310547 107.89199829101562 Z M173.68299865722656 107.89199829101562 A8.75 8.75 0.0 0 1 182.45799255371094 116.66699981689453 L182.45799255371094 173.68299865722656 A8.75 8.75 0.0 0 1 173.68299865722656 182.45799255371094 L116.66699981689453 182.45799255371094 A8.75 8.75 0.0 0 1 107.89199829101562 173.68299865722656 L107.89199829101562 116.66699981689453 A8.75 8.75 0.0 0 1 116.66699981689453 107.89199829101562 L173.68299865722656 107.89199829101562 Z M82.45800018310547 16.66699981689453 A8.75 8.75 0.0 0 1 91.2249984741211 25.442001342773438 L91.2249984741211 82.45800018310547 A8.75 8.75 0.0 0 1 82.45800018310547 91.2249984741211 L25.442001342773438 91.2249984741211 A8.75 8.75 0.0 0 1 16.66699981689453 82.45800018310547 L16.66699981689453 25.442001342773438 A8.75 8.75 0.0 0 1 25.442001342773438 16.66699981689453 L82.45800018310547 16.66699981689453 Z M173.68299865722656 16.66699981689453 A8.75 8.75 0.0 0 1 182.45799255371094 25.442001342773438 L182.45799255371094 82.45800018310547 A8.75 8.75 0.0 0 1 173.68299865722656 91.2249984741211 L116.66699981689453 91.2249984741211 A8.75 8.75 0.0 0 1 107.89199829101562 82.45800018310547 L107.89199829101562 25.442001342773438 A8.75 8.75 0.0 0 1 116.66699981689453 16.66699981689453 L173.68299865722656 16.66699981689453 Z""></path></svg>"
52b768babdfab2dde3b7f5754ab0356d,"<svg xmlns=""http://www.w3.org/2000/svg"" viewBox=""0.0 0.0 200.0 200.0"" height=""200.0px"" width=""200.0px""><path fill="""" fill-opacity=""1.0""  filling=""0"" d=""M162.5 50.0 C162.265625 50.0 162.0703125 50.078125 161.875 50.078125 C162.3046875 48.046875 162.5 45.937503814697266 162.5 43.75 C162.5 26.484375 148.515625 12.5 131.25 12.5 C121.640625 12.5 113.16407012939453 16.9140625 107.421875 23.75 C100.15625 9.6875 85.6640625 0.0 68.75 0.0 C44.570316314697266 0.0 25.0 19.5703125 25.0 43.75 C25.0 46.6015625 25.3125 49.3359375 25.8203125 52.03125 C10.859375 56.953125 0.0 70.8984375 0.0 87.5 C0.0 108.203125 16.796875 125.0 37.5 125.0 L162.5 125.0 C183.203125 125.0 200.0 108.203125 200.0 87.5 C200.0 66.796875 183.203125 50.0 162.5 50.0 Z M34.375 146.171875 C29.375 163.515625 18.75 168.203125 18.75 180.4296875 C18.75 191.25 27.1484375 200.0 37.5 200.0 C47.8515625 200.0 56.25 191.25 56.25 180.4296875 C56.25 168.1640625 45.625 163.59375 40.625 146.171875 C39.765625 143.0078125 35.3515625 142.8515625 34.375 146.171875 Z M96.875 146.171875 C91.875 163.515625 81.25 168.203125 81.25 180.4296875 C81.25 191.25 89.6484375 200.0 100.0 200.0 C110.3515625 200.0 118.75 191.25 118.75 180.4296875 C118.75 168.1640625 108.12499237060547 163.59375 103.125 146.171875 C102.26561737060547 143.0078125 97.8515625 142.8515625 96.875 146.171875 Z M159.375 146.171875 C154.375 163.515625 143.75 168.203125 143.75 180.4296875 C143.75 191.25 152.1484375 200.0 162.5 200.0 C172.8515625 200.0 181.25 191.25 181.25 180.4296875 C181.25 168.1640625 170.625 163.59375 165.625 146.171875 C164.765625 143.0078125 160.3515625 142.8515625 159.375 146.171875 Z""></path></svg>"
c06c776d341830fe0656ce80a4837c43,"<svg height=""128"" viewBox=""0 0 128 128"" width=""128"" xmlns=""http://www.w3.org/2000/svg""><path d=""m73.81 86.13h2.41c1.72 0 2.8 1.76 1.96 3.18l-2 3.39a2.05 2.05 0 0 0 -.24 1.51l.49 2.06c.31 1.34-.76 2.61-2.19 2.61-1.2 0-2.19-.9-2.25-2.04l-.42-8.47c-.06-1.22.96-2.24 2.24-2.24z"" fill=""#ff6650""/><path d=""m71.29 120.16h-14.75c-1.81 0-3.28-1.46-3.28-3.27v-63.23c0-1.81 1.47-3.27 3.28-3.27h14.75c1.8 0 3.27 1.46 3.27 3.27v63.23c0 1.81-1.47 3.27-3.27 3.27z"" fill=""#4a4a4a""/><path d=""m55.25 69.89h2.8v47h-2.8z"" fill=""#5e5e5e""/><g fill=""#333333""><path d=""m74.5 73.92v-16.51c0-1.81-1.41-2.99-3.21-2.99h-14.75c-1.81 0-3.29 1.18-3.29 2.99v16.51z""/><path d=""m75.2 69.89h-22.58a2.76 2.76 0 0 1 -2.74-2.45l-1.87-16.48c-.19-1.64 1.09-3.07 2.74-3.07h26.32c1.65 0 2.93 1.43 2.74 3.07l-1.87 16.48a2.76 2.76 0 0 1 -2.74 2.45""/><path d=""m79.65 54.39h-31.48c-1.7 0-3.08-1.38-3.08-3.08v-6.84c0-1.7 1.38-3.08 3.08-3.08h31.48c1.7 0 3.08 1.38 3.08 3.08v6.84c0 1.7-1.38 3.08-3.08 3.08""/></g><path d=""m75.2 69.89h-22.58a2.76 2.76 0 0 1 -2.74-2.45l-1.87-16.48c-.19-1.64 1.09-3.07 2.74-3.07h26.32c1.65 0 2.93 1.43 2.74 3.07l-1.87 16.48a2.76 2.76 0 0 1 -2.74 2.45"" fill=""#4a4a4a""/><path d=""m53.85 54.39h2.8v15.5h-2.8z"" fill=""#5e5e5e""/><path d=""m78.91 59.17.9-7.93c.19-1.63-1.09-3.07-2.74-3.07h-26.32c-1.65 0-2.93 1.44-2.74 3.07l.9 7.93z"" fill=""#333333""/><path d=""m79.65 54.39h-31.48c-1.7 0-3.08-1.38-3.08-3.08v-6.84c0-1.7 1.38-3.08 3.08-3.08h31.48c1.7 0 3.08 1.38 3.08 3.08v6.84c0 1.7-1.38 3.08-3.08 3.08"" fill=""#4a4a4a""/><path d=""m71.59 99.63v-14.25a1.88 1.88 0 0 1 1.88-1.88h1.09v18h-1.09a1.88 1.88 0 0 1 -1.88-1.87"" fill=""#333333""/><path d=""m51.61 121.7v-2.87a1.94 1.94 0 0 1 1.95-1.94h20.7a1.94 1.94 0 0 1 1.95 1.94v2.87a1.94 1.94 0 0 1 -1.95 1.94h-20.7a1.94 1.94 0 0 1 -1.95-1.94z"" fill=""#4a4a4a""/><path d=""m53.26 113.75h21.21v3.14h-21.21z"" fill=""#333333""/><path d=""m52.55 41.39h2.7v13h-2.7zm1.45 75.5h2.8v6.75h-2.8z"" fill=""#5e5e5e""/><path d=""m48.17 41.39-25-41.39h81.66l-25 41.39z"" fill=""#ffd161""/></svg>"
69f9025a676799aa7c78d9391f364e42,"<svg xmlns=""http://www.w3.org/2000/svg"" viewBox=""0.0 0.0 200.0 200.0"" height=""200.0px"" width=""200.0px""><path fill=""#040000"" fill-opacity=""1.0""  filling=""0"" d=""M100.0 12.5 C41.660152435302734 12.5 12.5 41.6796875 12.5 100.0 C12.5 158.33984375 41.660152435302734 187.5 100.0 187.5 C158.33984375 187.5 187.5 158.33984375 187.5 100.0 C187.5 41.6796875 158.33984375 12.5 100.0 12.5 Z M145.4296875 113.4375 L107.32421875 152.1875 C107.30469512939453 152.20703125 107.28515625 152.2265625 107.28515625 152.24609375 L105.0390625 154.53125 A6.284374713897705 6.284374713897705 0.0 0 1 96.0546875 154.53125 L93.80859375 152.24609375 C93.7890625 152.2265625 93.76953125 152.20703125 93.76953125 152.1875 L55.6640625 113.4375 C53.183589935302734 110.91797637939453 53.183589935302734 106.8359375 55.6640625 104.31639862060547 L57.91015625 102.03125762939453 C60.390628814697266 99.51171875 64.4140625 99.51171875 66.89453125 102.03125762939453 L90.99609375 126.5625 L90.99609375 61.9140625 C90.99609375 57.5390625 94.4140625 54.00390625 98.61328125 54.00390625 L102.42188262939453 54.00390625 C106.62110137939453 54.00390625 110.03907012939453 57.558597564697266 110.03907012939453 61.9140625 L110.03907012939453 126.6015625 L134.19921875 102.05078125 C136.6796875 99.53125 140.703125 99.53125 143.18359375 102.05078125 L145.4296875 104.3359375 C147.91015625 106.85546112060547 147.91015625 110.91797637939453 145.4296875 113.4375 Z""></path></svg>"
b4055e74149d72b39af4bb6ed912d4dd,"<svg xmlns=""http://www.w3.org/2000/svg"" viewBox=""0.0 0.0 200.0 200.0"" height=""200.0px"" width=""200.0px""><path fill="""" fill-opacity=""1.0""  filling=""0"" d=""M124.97500610351562 0.0 L12.5 0.0 L12.5 200.0 L187.5 200.0 L187.5 62.25 L124.97500610351562 0.0 Z M125.0 17.649993896484375 L170.03750610351562 62.5 L125.0 62.5 L125.0 17.649993896484375 Z M175.0 187.5 L25.0 187.5 L25.0 12.5 L112.5 12.5 L112.5 75.0 L175.0 75.0 L175.0 187.5 Z M37.5 125.0 L162.5 125.0 L162.5 137.5 L37.5 137.5 L37.5 125.0 Z M37.5 150.0 L162.5 150.0 L162.5 162.5 L37.5 162.5 L37.5 150.0 Z M37.5 100.0 L162.5 100.0 L162.5 112.5 L37.5 112.5 L37.5 100.0 Z M87.5 87.5 L37.5 87.5 L37.5 75.0 L87.5 75.0 L87.5 87.5 Z M87.5 62.5 L37.5 62.5 L37.5 50.0 L87.5 50.0 L87.5 62.5 Z""></path></svg>"
0ab856c569e714140199edcea3bf4b1b,"<svg xmlns=""http://www.w3.org/2000/svg"" viewBox=""0.0 0.0 200.0 200.0"" height=""200.0px"" width=""200.0px""><path fill=""#333333"" fill-opacity=""1.0""  filling=""0"" d=""M100.0 13.930274963378906 A86.56718444824219 86.56718444824219 0.0 0 1 186.5671844482422 100.4974594116211 C186.5671844482422 148.3074188232422 147.80996704101562 187.0646514892578 100.0 187.0646514892578 C52.190040588378906 187.0646514892578 13.432815551757812 148.3074188232422 13.432815551757812 100.4974594116211 C13.432815551757812 52.6875 52.190040588378906 13.930274963378906 100.0 13.930274963378906 Z M119.4029312133789 144.2785186767578 L80.59707641601562 144.2785186767578 A3.482617139816284 3.482617139816284 0.0 1 0 80.59707641601562 151.24374389648438 L119.4029312133789 151.24374389648438 A3.482617139816284 3.482617139816284 0.0 1 0 119.4029312133789 144.2785186767578 Z M130.845703125 39.80097961425781 L69.154296875 86.56718444824219 L93.4228515625 86.56718444824219 L69.154296875 133.33340454101562 L130.845703125 86.56718444824219 L106.5771484375 86.56718444824219 L130.845703125 39.80097961425781 Z""></path></svg>"
7a48e2e3e1cfc84084ee88f328768326,"<svg xmlns=""http://www.w3.org/2000/svg"" viewBox=""0.0 0.0 200.0 200.0"" height=""200.0px"" width=""200.0px""><path fill=""currentColor"" fill-opacity=""1.0""  filling=""0"" d=""M187.5 93.2699966430664 L187.5 39.42399978637695 L160.5760040283203 39.42399978637695 L160.5760040283203 12.5 L12.5 12.5 L12.5 66.34600067138672 L160.5760040283203 66.34600067138672 L160.5760040283203 52.8849983215332 L174.03900146484375 52.8849983215332 L174.03900146484375 81.15399932861328 L91.92400360107422 93.26399993896484 L79.81400299072266 94.60900115966797 L79.81400299072266 120.19499969482422 L66.34600067138672 120.19499969482422 L66.34600067138672 187.5 L106.7300033569336 187.5 L106.7300033569336 120.19100189208984 L93.2699966430664 120.19100189208984 L93.2699966430664 106.7300033569336 L187.5 93.2699966430664 Z M25.96099853515625 52.8849983215332 L25.96099853515625 25.96099853515625 L147.11500549316406 25.96099853515625 L147.11500549316406 52.8849983215332 L25.96099853515625 52.8849983215332 Z M93.2699966430664 174.03900146484375 L79.80899810791016 174.03900146484375 L79.80899810791016 133.6540069580078 L93.2699966430664 133.6540069580078 L93.2699966430664 174.03900146484375 Z""></path></svg>"
9c33cfa86000008f09d0d07bc3a8867e,"<svg height=""128"" viewBox=""0 0 20 20"" width=""128"" xmlns=""http://www.w3.org/2000/svg""><path d=""m0 5v11h20v-11zm1 1h18v9h-18zm2 1c0 .56-.44 1-1 1v1c1.1 0 2-.9 2-2zm6.5 0v1c-.82 0-1.5.68-1.5 1.5s1.5 1.5 1.5 1.5h1s.5.22.5.5-.22.5-.5.5h-1-1.5v1h1.5v1h1v-1c.82 0 1.5-.68 1.5-1.5s-.68-1.5-1.5-1.5h-1c-.28 0-.5-.22-.5-.5s.5-.5.5-.5h1 1.5v-1h-1.5v-1zm6.5 0c0 1.1.9 2 2 2v-1c-.56 0-1-.44-1-1zm-14 5v1c.56 0 1 .44 1 1h1c0-1.1-.9-2-2-2zm16 0c-1.1 0-2 .9-2 2h1c0-.56.44-1 1-1z"" fill=""#222222""/></svg>"
36a35cdca1a41057186eae176e77f782,"<svg xmlns=""http://www.w3.org/2000/svg"" viewBox=""0.0 0.0 200.0 200.0"" height=""200.0px"" width=""200.0px""><path fill="""" fill-opacity=""1.0""  filling=""0"" d=""M141.9875030517578 76.79374694824219 C139.53750610351562 74.36250305175781 135.5749969482422 74.38750457763672 133.15000915527344 76.84375 L87.5875015258789 122.89999389648438 L67.41874694824219 102.17499542236328 C65.0062484741211 99.6937484741211 61.04999923706055 99.6500015258789 58.58124923706055 102.04999542236328 C56.10625076293945 104.45624542236328 56.05000305175781 108.41874694824219 58.45624923706055 110.88750457763672 L83.06875610351562 136.18124389648438 C83.08125305175781 136.1999969482422 83.10624694824219 136.1999969482422 83.11874389648438 136.21875 C83.1312484741211 136.23126220703125 83.13749694824219 136.25625610351562 83.1500015258789 136.26873779296875 C83.54374694824219 136.65625 84.03125 136.8937530517578 84.4937515258789 137.15625 C84.73749542236328 137.28750610351562 84.9312515258789 137.50625610351562 85.18124389648438 137.6062469482422 C85.9375 137.9187469482422 86.74374389648438 138.0749969482422 87.54374694824219 138.0749969482422 C88.3375015258789 138.0749969482422 89.1312484741211 137.9187469482422 89.8812484741211 137.61874389648438 C90.125 137.5187530517578 90.3125 137.31875610351562 90.54375457763672 137.19375610351562 C91.01250457763672 136.93124389648438 91.5 136.6999969482422 91.9000015258789 136.30624389648438 C91.91250610351562 136.2937469482422 91.91874694824219 136.26873779296875 91.9375 136.25625610351562 C91.94999694824219 136.2375030517578 91.96875 136.23126220703125 91.98750305175781 136.21875 L142.03125 85.6312484741211 C144.46249389648438 83.1812515258789 144.4375 79.2249984741211 141.9875030517578 76.79374694824219 Z""></path>
<path fill="""" fill-opacity=""1.0""  filling=""0"" d=""M162.5 181.25 L37.5 181.25 C27.162506103515625 181.25 18.75 172.83749389648438 18.75 162.5 L18.75 37.5 C18.75 27.162506103515625 27.162506103515625 18.75 37.5 18.75 L162.5 18.75 C172.83749389648438 18.75 181.25 27.162506103515625 181.25 37.5 L181.25 162.5 C181.25 172.83749389648438 172.83749389648438 181.25 162.5 181.25 Z M37.5 31.25 C34.056243896484375 31.25 31.25 34.056243896484375 31.25 37.5 L31.25 162.5 C31.25 165.9499969482422 34.056243896484375 168.75 37.5 168.75 L162.5 168.75 C165.9499969482422 168.75 168.75 165.9499969482422 168.75 162.5 L168.75 37.5 C168.75 34.056243896484375 165.9499969482422 31.25 162.5 31.25 L37.5 31.25 Z""></path></svg>"
ecccb36d-f9f3-405b-aec4-692a0b41c947,"<svg height=""128"" viewBox=""0 0 24 24"" width=""128"" xmlns=""http://www.w3.org/2000/svg""><path d=""m19 5.71a.78.78 0 0 0 -.21-.52.75.75 0 0 0 -.52-.19h-12.54a.75.75 0 0 0 -.53.22.73.73 0 0 0 -.2.49v15.55a.72.72 0 0 0 .21.52.75.75 0 0 0 .53.22h12.53a.75.75 0 0 0 .53-.22.76.76 0 0 0 .21-.52z"" fill=""#eae2f9""/><path d=""m13.34 10a1.34 1.34 0 1 1 -1.34-1.38 1.34 1.34 0 0 1 1.34 1.38"" fill=""#96ccee""/><path d=""m11.94 12.68a2.64 2.64 0 0 0 -2.52 2.11.58.58 0 0 0 .29.61 4.74 4.74 0 0 0 4.58 0 .58.58 0 0 0 .29-.61 2.65 2.65 0 0 0 -2.58-2.11z"" fill=""#96ccee""/><path d=""m16.1 4.83a.74.74 0 0 0 -.74-.74h-6.72a.78.78 0 0 0 -.53.21.74.74 0 0 0 -.21.53v1.34a.74.74 0 0 0 .74.74h6.72a.72.72 0 0 0 .74-.74z"" fill=""#9293a5"" fill-rule=""evenodd""/><path d=""m14.7 2.74a.75.75 0 0 0 -.7-.74h-4a.74.74 0 0 0 -.74.74v1.35h5.4z"" fill=""#c0c3ee"" fill-rule=""evenodd""/><path d=""m17.19 5h1.08a.74.74 0 0 1 .74.74v15.52a.74.74 0 0 1 -.74.74h-1.08z"" fill=""#c0c3ee""/><g fill-rule=""evenodd""><path d=""m9.29 18.78h5.42a.5.5 0 0 0 .5-.5.5.5 0 0 0 -.5-.5h-5.42a.5.5 0 0 0 -.5.5.5.5 0 0 0 .5.5z"" fill=""#9293a5""/><path d=""m12.87 4.23v2.67a.5.5 0 0 0 .5.5.5.5 0 0 0 .5-.5v-2.67a.5.5 0 0 0 -.5-.5.5.5 0 0 0 -.5.5z"" fill=""#5f6073""/><path d=""m10.13 4.23v2.67a.5.5 0 0 0 .5.5.5.5 0 0 0 .5-.5v-2.67a.5.5 0 0 0 -.5-.5.5.5 0 0 0 -.5.5z"" fill=""#5f6073""/><path d=""m10.59 20.56h2.82a.51.51 0 0 0 .5-.5.5.5 0 0 0 -.5-.5h-2.82a.5.5 0 0 0 -.5.5.51.51 0 0 0 .5.5z"" fill=""#9293a5""/></g></svg>"
2fe46e535a6daafd0ccf76ff1632c924,"<svg xmlns=""http://www.w3.org/2000/svg"" viewBox=""0.0 0.0 200.0 200.0"" height=""200.0px"" width=""200.0px""><path fill=""#707070"" fill-opacity=""1.0""  filling=""0"" d=""M147.5 200.0 L52.5 200.0 C50.0 200.0 47.5 197.5 47.5 195.0 C47.5 192.5 50.0 190.0 52.5 190.0 L147.5 190.0 C150.0 190.0 152.5 192.5 152.5 195.0 C152.5 197.5 150.0 200.0 147.5 200.0 Z""></path>
<path fill=""#D43C3F"" fill-opacity=""1.0""  filling=""0"" d=""M173.75 161.25 C167.5 161.25 161.25 157.5 157.5 152.5 L130.0 110.0 C128.75 108.75 127.5 108.75 127.5 107.5 C126.25 107.5 125.0 107.5 123.75 108.75 L112.5 117.5 C108.75 121.25 103.75 122.5 100.0 122.5 C95.0 122.5 91.25 120.0 88.75 116.25 L63.75 80.0 C62.5 77.5 63.75 73.75 66.25 72.5 C68.75 71.25 72.5 71.25 73.75 73.75 L98.75 110.0 C98.75 111.25 100.0 111.25 101.25 111.25 C102.5 111.25 103.75 111.25 105.0 110.0 L115.0 100.0 C118.75 97.5 122.5 95.0 127.5 96.25 C132.5 96.25 136.25 98.75 138.75 102.5 L166.25 145.0 C168.75 148.75 173.75 150.0 177.5 148.75 C185.0 145.0 188.75 137.5 188.75 130.0 C188.75 127.5 191.25 125.0 193.75 125.0 C196.25 125.0 198.75 127.5 198.75 130.0 C198.75 142.5 192.5 152.5 182.5 158.75 C180.0 160.0 176.25 161.25 173.75 161.25 Z""></path>
<path fill=""#707070"" fill-opacity=""1.0""  filling=""0"" d=""M100.0 200.0 C97.5 200.0 95.0 197.5 95.0 195.0 L95.0 166.25 C95.0 165.0 93.75 163.75 92.5 163.75 L33.75 163.75 C15.0 162.5 0.0 147.5 0.0 130.0 L0.0 32.5 C0.0 15.0 15.0 0.0 33.75 0.0 L167.5 0.0 C185.0 0.0 200.0 15.0 200.0 32.5 L200.0 130.0 C200.0 132.5 197.5 135.0 195.0 135.0 C192.5 135.0 190.0 132.5 190.0 130.0 L190.0 32.5 C190.0 20.0 180.0 10.0 167.5 10.0 L33.75 10.0 C21.25 10.0 11.25 20.0 11.25 32.5 L11.25 130.0 C11.25 142.5 21.25 152.5 33.75 152.5 L92.5 152.5 C100.0 152.5 106.25 158.75 106.25 166.25 L106.25 195.0 C105.0 197.5 102.5 200.0 100.0 200.0 Z""></path>
<path fill=""#D43C3F"" fill-opacity=""1.0""  filling=""0"" d=""M58.75 81.25 C45.0 81.25 33.75 70.0 33.75 57.5 C33.75 45.0 45.0 33.75 58.75 33.75 C72.5 33.75 83.75 45.0 83.75 57.5 C83.75 70.0 72.5 81.25 58.75 81.25 Z M58.75 43.75 C51.25 43.75 45.0 50.0 45.0 57.5 C45.0 65.0 51.25 71.25 58.75 71.25 C66.25 71.25 72.5 65.0 72.5 57.5 C72.5 50.0 66.25 43.75 58.75 43.75 Z""></path></svg>"
e2f14b4772c54eab79d94ddd1086d4a8,"<svg xmlns=""http://www.w3.org/2000/svg"" viewBox=""0.0 0.0 200.0 200.0"" height=""200.0px"" width=""200.0px""><path fill=""url(#a)"" fill-opacity=""1.0""  filling=""0"" d=""M158.8280029296875 98.38800048828125 A58.314998626708984 58.314998626708984 0.0 1 1 42.198001861572266 98.38800048828125 A58.314998626708984 58.314998626708984 0.0 1 1 158.8280029296875 98.38800048828125 Z""></path>
<path fill=""#faf8d4"" fill-opacity=""1.0""  filling=""0"" d=""M102.56400299072266 39.194000244140625 C131.5749969482422 39.194000244140625 155.01800537109375 59.707000732421875 155.01800537109375 85.05500030517578 C155.01800537109375 110.40299987792969 131.5749969482422 130.91600036621094 102.56400299072266 130.91600036621094 C73.5530014038086 130.91600036621094 50.11000061035156 110.40299987792969 50.11000061035156 85.05500030517578 C50.11000061035156 59.707000732421875 73.5530014038086 39.194000244140625 102.56400299072266 39.194000244140625 Z""></path>
<path fill=""url(#b)"" fill-opacity=""1.0""  filling=""0"" d=""M99.927001953125 156.7030029296875 C67.83899688720703 156.7030029296875 41.61199951171875 130.6230010986328 41.319000244140625 98.38800048828125 C41.319000244140625 78.46199798583984 51.42900085449219 60.87900161743164 66.66699981689453 50.33000183105469 C67.10600280761719 50.47600173950195 67.39900207519531 50.47600173950195 67.39900207519531 50.47600173950195 C39.266998291015625 94.43199920654297 65.49500274658203 99.41400146484375 65.49500274658203 99.41400146484375 C95.09200286865234 98.9739990234375 100.51300048828125 121.53800201416016 100.51300048828125 121.53800201416016 C102.93000030517578 126.59300231933594 102.93000030517578 126.59300231933594 106.66699981689453 130.7689971923828 C121.1719970703125 144.24899291992188 147.83900451660156 130.7689971923828 147.83900451660156 130.7689971923828 C147.83900451660156 130.7689971923828 147.69200134277344 131.06199645996094 147.69200134277344 131.7949981689453 C137.14300537109375 146.88600158691406 119.70700073242188 156.7030029296875 99.927001953125 156.7030029296875 Z""></path>
<path fill=""url(#c)"" fill-opacity=""1.0""  filling=""0"" d=""M150.18299865722656 67.4729995727539 C178.02200317382812 72.30799865722656 198.68099975585938 82.125 198.9739990234375 91.64800262451172 C198.9739990234375 106.4469985961914 154.13900756835938 118.46199798583984 98.9010009765625 118.46199798583984 C43.66299819946289 118.46199798583984 -1.1719970703125 106.4469985961914 -1.1719970703125 91.64800262451172 C-1.1719970703125 82.125 22.417999267578125 72.74700164794922 50.25600051879883 68.05899810791016 C49.81700134277344 69.08399963378906 48.64500045776367 70.69599914550781 48.058998107910156 72.16100311279297 C24.46900177001953 76.55699920654297 6.8860015869140625 83.2969970703125 6.8860015869140625 91.64800262451172 C6.8860015869140625 105.2750015258789 48.058998107910156 116.11699676513672 98.75499725341797 116.11699676513672 C149.4510040283203 116.11699676513672 190.6230010986328 105.12799835205078 190.6230010986328 91.50199890136719 C190.6230010986328 83.2969970703125 175.82400512695312 75.6780014038086 152.23399353027344 71.28199768066406 C151.7949981689453 70.11000061035156 150.3300018310547 68.20500183105469 150.18299865722656 67.4729995727539 Z""></path></svg>"
c77bfcff2ef267f1687ee338811418a7,"<svg xmlns=""http://www.w3.org/2000/svg"" viewBox=""0.0 0.0 200.0 200.0"" height=""200.0px"" width=""200.0px""><path fill=""currentColor"" fill-opacity=""1.0""  filling=""0"" d=""M151.66700744628906 175.0 L48.33300018310547 175.0 C35.41699981689453 175.0 25.0 164.58299255371094 25.0 151.66700744628906 L25.0 48.33300018310547 C25.0 35.41699981689453 35.41699981689453 25.0 48.33300018310547 25.0 L152.08299255371094 25.0 C165.0 25.0 175.41700744628906 35.41699981689453 175.41700744628906 48.33300018310547 L175.41700744628906 152.08299255371094 C175.0 164.58299255371094 164.58299255371094 175.0 151.66700744628906 175.0 Z M48.33300018310547 41.66699981689453 C44.58300018310547 41.66699981689453 41.66699981689453 44.58300018310547 41.66699981689453 48.33300018310547 L41.66699981689453 152.08299255371094 C41.66699981689453 155.83299255371094 44.58300018310547 158.75 48.33300018310547 158.75 L152.08299255371094 158.75 C155.83299255371094 158.75 158.75 155.83299255371094 158.75 152.08299255371094 L158.75 48.33300018310547 C158.75 44.58300018310547 155.83299255371094 41.66699981689453 152.08299255371094 41.66699981689453 L48.33300018310547 41.66699981689453 Z""></path>
<path fill=""currentColor"" fill-opacity=""1.0""  filling=""0"" d=""M91.25 132.91700744628906 C89.16699981689453 132.91700744628906 87.08300018310547 132.08299255371094 85.41699981689453 130.41700744628906 L60.41699981689453 105.41699981689453 C57.08300018310547 102.08300018310547 57.08300018310547 97.08300018310547 60.41699981689453 93.75 C63.75 90.41699981689453 68.75 90.41699981689453 72.08300018310547 93.75 L91.25 112.91699981689453 L135.83299255371094 69.16699981689453 C139.16700744628906 65.83300018310547 144.58299255371094 65.83300018310547 147.5 69.16699981689453 C150.83299255371094 72.5 150.83299255371094 77.91699981689453 147.5 80.83300018310547 L97.08300018310547 130.83299255371094 C95.41699981689453 132.08299255371094 93.33300018310547 132.91700744628906 91.25 132.91700744628906 Z""></path></svg>"
11de9db4bf6f7c89ccef2e8f5255f940,"<svg xmlns=""http://www.w3.org/2000/svg"" viewBox=""0.0 0.0 200.0 200.0"" height=""200.0px"" width=""200.0px""><path fill=""#FFBE61"" fill-opacity=""1.0""  filling=""0"" d=""M174.0 156.66700744628906 A15.866999626159668 15.866999626159668 0.0 0 1 172.9669952392578 162.4669952392578 A14.800000190734863 14.800000190734863 0.0 0 1 170.0 167.3000030517578 A14.133000373840332 14.133000373840332 0.0 0 1 165.43299865722656 170.63299560546875 A13.932999610900879 13.932999610900879 0.0 0 1 159.73300170898438 171.76699829101562 L41.29999923706055 171.76699829101562 A15.199999809265137 15.199999809265137 0.0 0 1 35.43299865722656 170.63299560546875 A15.432999610900879 15.432999610900879 0.0 0 1 30.567001342773438 167.3000030517578 A15.199999809265137 15.199999809265137 0.0 0 1 27.233001708984375 162.60000610351562 A14.133000373840332 14.133000373840332 0.0 0 1 26.0 156.66700744628906 L26.0 75.43299865722656 A14.732999801635742 14.732999801635742 0.0 0 1 40.83300018310547 60.599998474121094 L159.16700744628906 60.599998474121094 A14.732999801635742 14.732999801635742 0.0 0 1 174.0 75.43299865722656 L174.0 97.63300323486328 L137.0 97.63300323486328 A14.366999626159668 14.366999626159668 0.0 0 0 126.66699981689453 101.86699676513672 A13.932999610900879 13.932999610900879 0.0 0 0 122.33300018310547 112.30000305175781 A18.0 18.0 0.0 0 0 124.13300323486328 119.80000305175781 A13.5 13.5 0.0 0 0 128.4669952392578 124.83300018310547 A14.100000381469727 14.100000381469727 0.0 0 0 137.16700744628906 127.13300323486328 L174.0 127.13300323486328 L174.0 156.66700744628906 Z M151.83299255371094 53.099998474121094 L77.83300018310547 53.099998474121094 C86.63300323486328 48.53300094604492 86.63300323486328 48.53300094604492 94.5 44.29999923706055 C101.36699676513672 40.766998291015625 101.36699676513672 40.766998291015625 108.03299713134766 37.132999420166016 C112.46700286865234 34.733001708984375 115.96700286865234 32.900001525878906 118.46700286865234 31.599998474121094 A19.5 19.5 0.0 0 1 128.4669952392578 28.733001708984375 A23.0 23.0 0.0 0 1 136.06700134277344 30.300003051757812 A21.033000946044922 21.033000946044922 0.0 0 1 142.26699829101562 35.03300476074219 L151.83299255371094 53.099998474121094 Z M129.66700744628906 112.30000305175781 A7.232999801635742 7.232999801635742 0.0 0 1 137.0 104.96700286865234 A7.166999816894531 7.166999816894531 0.0 0 1 144.33299255371094 112.30000305175781 A7.400000095367432 7.400000095367432 0.0 0 1 142.23300170898438 117.5999984741211 A7.0329999923706055 7.0329999923706055 0.0 0 1 137.0 119.80000305175781 A6.900000095367432 6.900000095367432 0.0 0 1 131.8000030517578 117.5999984741211 A7.300000190734863 7.300000190734863 0.0 0 1 129.66700744628906 112.30000305175781 Z""></path></svg>"
31007fcfb3d29b96482936fef1627474,"<svg xmlns=""http://www.w3.org/2000/svg"" viewBox=""0.0 0.0 200.0 200.0"" height=""200.0px"" width=""200.0px""><path fill=""#E2CF49"" fill-opacity=""1.0""  filling=""0"" d=""M100.0 193.75 C48.75 193.75 6.25 151.25 6.25 100.0 C6.25 48.75 48.75 6.25 100.0 6.25 C151.25 6.25 193.75 48.75 193.75 100.0 C193.75 151.25 151.25 193.75 100.0 193.75 Z M100.0 21.25 C56.25 21.25 21.25 56.25 21.25 100.0 C21.25 143.75 56.25 178.75 100.0 178.75 C143.75 178.75 178.75 143.75 178.75 100.0 C178.75 56.25 143.75 21.25 100.0 21.25 Z M100.0 145.0 C96.25 145.0 92.5 141.25 92.5 137.5 C92.5 133.75 96.25 130.0 100.0 130.0 C103.75 130.0 107.5 133.75 107.5 137.5 C107.5 141.25 103.75 145.0 100.0 145.0 Z M101.25 122.5 L98.75 122.5 C97.5 122.5 96.25 120.0 96.25 116.25 L92.5 57.5 C92.5 55.0 95.0 52.5 97.5 52.5 L101.25 52.5 C103.75 52.5 107.5 55.0 107.5 57.5 L103.75 116.25 C103.75 120.0 102.5 122.5 101.25 122.5 Z""></path></svg>"
aced284fc4b70f07ffb942630def4b70,"<svg xmlns=""http://www.w3.org/2000/svg"" viewBox=""0.0 0.0 200.0 200.0"" height=""200.0px"" width=""200.0px""><path fill=""#0590DF"" fill-opacity=""1.0""  filling=""0"" d=""M12.5 187.5 L12.5 100.0 L62.5 100.0 L119.58124542236328 67.38125610351562 A26.387500762939453 26.387500762939453 0.0 1 0 113.57500457763672 56.85625076293945 L62.5 87.5 L12.5 87.5 L12.5 12.5 L187.5 12.5 L187.5 187.5 L12.5 187.5 Z M187.5 100.0 L137.5 100.0 L80.42500305175781 132.6125030517578 A26.42500114440918 26.42500114440918 0.0 1 0 86.4312515258789 143.1437530517578 L137.5 112.5 L187.5 112.5 L187.5 100.0 Z""></path></svg>"
71c80fc88d513e986ada1a2c216f27fa,"<svg xmlns=""http://www.w3.org/2000/svg"" viewBox=""0.0 0.0 200.0 200.0"" height=""200.0px"" width=""200.0px""><path fill=""#333333"" fill-opacity=""1.0""  filling=""0"" d=""M175.33299255371094 186.0 L24.66699981689453 186.0 C20.0 186.0 16.0 182.33299255371094 16.0 177.66700744628906 C16.0 170.33299255371094 18.0 164.0 22.0 159.0 C25.33300018310547 155.0 30.33300018310547 151.66700744628906 36.66699981689453 149.0 C42.0 146.66700744628906 48.0 145.33299255371094 53.0 144.33299255371094 L56.33300018310547 143.66700744628906 C60.33300018310547 142.66700744628906 64.66699981689453 141.66700744628906 68.66699981689453 140.66700744628906 C71.33300018310547 140.0 72.66699981689453 138.33299255371094 73.66699981689453 135.33299255371094 C74.0 134.0 74.33300018310547 132.33299255371094 75.0 130.33299255371094 C60.0 126.33300018310547 49.0 119.0 42.0 113.33300018310547 C40.66699981689453 112.33300018310547 40.0 111.0 40.33300018310547 109.33300018310547 C40.33300018310547 107.66699981689453 41.0 106.33300018310547 42.33300018310547 105.33300018310547 C52.33300018310547 98.0 51.0 90.0 49.66699981689453 83.0 C49.66699981689453 82.0 49.33300018310547 81.33300018310547 49.33300018310547 80.66699981689453 C45.66699981689453 57.33300018310547 48.33300018310547 40.0 57.33300018310547 30.0 C62.66699981689453 23.66699981689453 70.33300018310547 20.33300018310547 79.33300018310547 20.0 C97.66699981689453 7.0 111.33300018310547 9.0 119.66699981689453 13.333000183105469 C134.33299255371094 20.66699981689453 143.66700744628906 40.66699981689453 143.66700744628906 64.0 C144.33299255371094 87.0 154.0 96.33300018310547 160.0 102.0 C161.0 103.0 161.66700744628906 104.33300018310547 161.66700744628906 106.0 C161.66700744628906 107.33300018310547 161.0 108.66699981689453 159.66700744628906 109.66699981689453 C148.66700744628906 118.33300018310547 137.33299255371094 124.66699981689453 126.0 128.66700744628906 C126.66699981689453 131.33299255371094 127.0 134.0 127.66699981689453 136.0 C128.66700744628906 139.0 130.0 140.66700744628906 132.66700744628906 141.33299255371094 C136.66700744628906 142.33299255371094 140.66700744628906 143.33299255371094 145.0 144.33299255371094 L148.33299255371094 145.0 C153.33299255371094 146.33299255371094 159.33299255371094 147.66700744628906 164.66700744628906 149.66700744628906 C171.0 152.33299255371094 176.0 155.66700744628906 179.33299255371094 159.66700744628906 C183.66700744628906 164.66700744628906 185.66700744628906 171.0 185.33299255371094 178.33299255371094 C184.0 182.33299255371094 180.0 186.0 175.33299255371094 186.0 Z M26.0 176.0 L174.33299255371094 176.0 C174.33299255371094 171.66700744628906 173.0 168.33299255371094 170.66700744628906 165.33299255371094 C168.33299255371094 162.66700744628906 165.0 160.33299255371094 160.0 158.33299255371094 C155.33299255371094 156.33299255371094 149.66700744628906 155.0 145.0 154.0 L141.66700744628906 153.33299255371094 C137.33299255371094 152.33299255371094 133.0 151.33299255371094 129.0 150.0 C125.0 148.66700744628906 119.66699981689453 145.66700744628906 117.33300018310547 137.66700744628906 C116.33300018310547 134.66700744628906 115.33300018310547 129.33299255371094 114.66699981689453 125.0 C114.33300018310547 122.66699981689453 115.66699981689453 120.33300018310547 118.33300018310547 119.66699981689453 C128.33299255371094 116.66699981689453 138.33299255371094 111.66699981689453 148.33299255371094 104.33300018310547 C142.0 97.33300018310547 133.66700744628906 85.33300018310547 133.0 63.66699981689453 C133.0 44.0 125.66699981689453 27.33300018310547 114.66699981689453 21.66699981689453 C104.0 16.33300018310547 91.66699981689453 22.33300018310547 83.66699981689453 28.33300018310547 C82.66699981689453 29.0 81.66699981689453 29.33300018310547 80.66699981689453 29.33300018310547 C74.0 29.33300018310547 68.33300018310547 31.66699981689453 64.66699981689453 36.0 C58.0 43.66699981689453 56.0 58.33300018310547 59.0 78.66699981689453 C59.0 79.33300018310547 59.33300018310547 80.0 59.33300018310547 80.66699981689453 C60.66699981689453 87.0 62.66699981689453 98.66699981689453 53.0 108.66699981689453 C60.0 113.66699981689453 69.66699981689453 118.66699981689453 82.0 121.33300018310547 C84.66699981689453 122.0 86.33300018310547 124.33300018310547 86.0 127.0 C85.33300018310547 130.33299255371094 84.66699981689453 134.33299255371094 83.66699981689453 137.66700744628906 C81.33300018310547 145.66700744628906 76.0 149.0 72.0 150.0 C67.66699981689453 151.33299255371094 63.33300018310547 152.33299255371094 59.33300018310547 153.33299255371094 L56.0 154.0 C51.33300018310547 155.0 45.66699981689453 156.33299255371094 41.0 158.33299255371094 C36.33300018310547 160.33299255371094 32.66699981689453 162.66700744628906 30.33300018310547 165.33299255371094 C27.33300018310547 168.0 26.0 171.66700744628906 26.0 176.0 Z""></path>
<path fill=""#333333"" fill-opacity=""1.0""  filling=""0"" d=""M116.33300018310547 149.66700744628906 A31.0 31.0 0.0 1 0 178.33299255371094 149.66700744628906 A31.0 31.0 0.0 1 0 116.33300018310547 149.66700744628906 Z""></path></svg>"
2416e0ec038a44a6796b03e1ca47e793,"<svg xmlns=""http://www.w3.org/2000/svg"" viewBox=""0.0 0.0 200.0 200.0"" height=""200.0px"" width=""200.0px""><path fill=""currentColor"" fill-opacity=""1.0""  filling=""0"" d=""M136.85400390625 160.36000061035156 C129.94200134277344 160.41099548339844 124.14399719238281 157.53900146484375 118.38600158691406 154.64100646972656 C106.15499877929688 148.468994140625 95.7300033569336 139.82000732421875 85.76599884033203 130.59500122070312 C70.60199737548828 116.54100036621094 57.141998291015625 101.11299896240234 48.154998779296875 82.24500274658203 C45.63199996948242 76.96199798583984 43.76900100708008 71.37300109863281 44.60200119018555 65.49199676513672 A17.510000228881836 17.510000228881836 0.0 0 1 48.183998107910156 57.387001037597656 C51.178001403808594 53.65800094604492 54.84000015258789 50.45800018310547 58.27399826049805 47.0989990234375 C64.09700012207031 41.42300033569336 71.72599792480469 41.76599884033203 76.86499786376953 48.0359992980957 C83.3010025024414 55.895999908447266 83.3010025024414 55.895999908447266 89.43399810791016 64.00399780273438 C93.52100372314453 69.40899658203125 93.21399688720703 75.0270004272461 88.76399993896484 80.09400177001953 C86.96199798583984 82.14800262451172 85.16000366210938 84.2229995727539 83.24700164794922 86.15899658203125 C82.0469970703125 87.36599731445312 81.87799835205078 88.29199981689453 82.85399627685547 89.80500030517578 C91.21399688720703 102.75299835205078 101.61100006103516 113.63999938964844 114.66999816894531 121.94599914550781 C116.59100341796875 123.16799926757812 117.822998046875 123.26499938964844 119.3550033569336 121.45600128173828 A60.47200012207031 60.47200012207031 0.0 0 1 124.68499755859375 116.10099792480469 C129.0959930419922 112.02200317382812 134.83999633789062 111.38400268554688 139.6790008544922 114.88999938964844 C145.60000610351562 119.18599700927734 151.41600036621094 123.66500091552734 156.9770050048828 128.4290008544922 C162.89700317382812 133.51300048828125 162.9010009765625 140.9409942626953 157.3769989013672 146.59100341796875 C154.2449951171875 149.79800415039062 150.947998046875 152.8470001220703 147.86700439453125 156.1009979248047 C144.78599548339844 159.35499572753906 141.0449981689453 160.7209930419922 136.85400390625 160.36000061035156 Z M51.35100173950195 67.25399780273438 C52.19499969482422 75.14600372314453 55.12799835205078 81.00900268554688 58.53300094604492 86.62300109863281 C72.49400329589844 109.64299774169922 91.04900360107422 128.28799438476562 113.49199676513672 142.9770050048828 C119.45600128173828 146.88299560546875 126.18399810791016 149.68299865722656 132.72799682617188 152.6199951171875 C135.81300354003906 154.00399780273438 139.21400451660156 153.802001953125 141.88499450683594 151.17799377441406 C145.1750030517578 147.9709930419922 148.4429931640625 144.73899841308594 151.61399841308594 141.42300415039062 C154.2519989013672 138.6699981689453 154.13699340820312 136.35699462890625 151.15699768066406 133.88800048828125 C146.11199951171875 129.69400024414062 140.9550018310547 125.63200378417969 135.87399291992188 121.48100280761719 C133.51300048828125 119.55699920654297 131.35499572753906 119.67900085449219 129.2220001220703 121.84100341796875 C126.45800018310547 124.6520004272461 123.5999984741211 127.36199951171875 120.88700103759766 130.21600341796875 C118.91200256347656 132.28799438476562 116.79299926757812 132.5189971923828 114.4000015258789 131.1529998779297 C97.12799835205078 121.26499938964844 83.35900115966797 107.85600280761719 73.5999984741211 90.43199920654297 C72.19499969482422 87.91000366210938 72.37100219726562 85.68699645996094 74.46900177001953 83.58599853515625 C77.10299682617188 80.96199798583984 79.5999984741211 78.18000030517578 82.26300048828125 75.60399627685547 C84.56600189208984 73.35900115966797 84.61599731445312 70.99500274658203 82.78199768066406 68.59100341796875 C78.86499786376953 63.46699905395508 74.9260025024414 58.356998443603516 70.83599853515625 53.37300109863281 C68.42500305175781 50.43600082397461 66.0 50.40399932861328 63.26900100708008 53.01300048828125 C60.025001525878906 56.130001068115234 56.763999938964844 59.21099853515625 53.80500030517578 62.566001892089844 C52.49399948120117 64.10399627685547 51.862998962402344 66.25199890136719 51.35100173950195 67.25399780273438 Z""></path></svg>"
651d77d6513bb3bc5015b268b2478288,"<svg xmlns=""http://www.w3.org/2000/svg"" viewBox=""0.0 0.0 200.0 200.0"" height=""200.0px"" width=""200.0px""><path fill="""" fill-opacity=""1.0""  filling=""0"" d=""M91.6666030883789 108.3333969116211 L108.3333969116211 108.3333969116211 L108.3333969116211 58.333396911621094 L91.6666030883789 58.333396911621094 M175.0 33.333396911621094 L125.0 33.333396911621094 L125.0 83.3333969116211 L143.66659545898438 64.66659545898438 C152.66659545898438 73.75 158.33340454101562 86.1666030883789 158.33340454101562 100.0 C158.33340454101562 121.75 144.41661071777344 140.25 125.0 147.08340454101562 L125.0 164.5 C153.75 157.08340454101562 175.0 131.08338928222656 175.0 100.0 C175.0 81.5833969116211 167.41659545898438 65.0 155.33340454101562 52.999996185302734 M91.6666030883789 141.66659545898438 L108.3333969116211 141.66659545898438 L108.3333969116211 125.0 L91.6666030883789 125.0 M25.0 100.0 C25.0 118.41661071777344 32.583396911621094 135.0 44.66659927368164 147.0 L25.0 166.66659545898438 L75.0 166.66659545898438 L75.0 116.6666030883789 L56.333396911621094 135.33340454101562 C47.333396911621094 126.25 41.666603088378906 113.83340454101562 41.666603088378906 100.0 C41.666603088378906 78.25 55.58340072631836 59.750003814697266 75.0 52.916603088378906 L75.0 35.5 C46.249996185302734 42.916603088378906 25.0 68.9166030883789 25.0 100.0 Z""></path></svg>"
4c7f68ff837be67b255daa570abe07fb,"<svg xmlns=""http://www.w3.org/2000/svg"" viewBox=""0.0 0.0 200.0 200.0"" height=""200.0px"" width=""200.0px""><path fill=""#AAD300"" fill-opacity=""1.0""  filling=""0"" d=""M70.4000015258789 115.60000610351562 L81.5999984741211 126.80000305175781 C84.80000305175781 130.0 84.80000305175781 134.8000030517578 81.5999984741211 138.0 L41.999996185302734 177.60000610351562 C38.80000305175781 180.79998779296875 34.0 180.79998779296875 30.79999542236328 177.60000610351562 L19.599998474121094 166.39999389648438 C16.400001525878906 163.1999969482422 16.400001525878906 158.39999389648438 19.599998474121094 155.20001220703125 L59.20000076293945 115.60000610351562 C62.400001525878906 112.39999389648438 67.5999984741211 112.39999389648438 70.4000015258789 115.60000610351562 Z""></path>
<path fill=""#AAD300"" fill-opacity=""1.0""  filling=""0"" d=""M93.19999694824219 92.79999542236328 L76.4000015258789 76.0 C70.0 69.5999984741211 70.0 59.60000228881836 76.4000015258789 53.20000076293945 L110.39999389648438 19.20000457763672 C116.80000305175781 12.800003051757812 126.80000305175781 12.800003051757812 133.1999969482422 19.20000457763672 L178.39999389648438 64.39999389648438 C184.8000030517578 70.80000305175781 184.8000030517578 80.80000305175781 178.39999389648438 87.19999694824219 L144.39999389648438 121.19999694824219 C138.0 127.60000610351562 128.0 127.60000610351562 121.5999984741211 121.19999694824219 L104.79999542236328 104.4000015258789 L88.0 121.19999694824219 L76.80000305175781 110.0 L93.19999694824219 92.79999542236328 Z M124.39999389648438 33.599998474121094 L90.4000015258789 67.5999984741211 L96.0 73.19999694824219 L130.0 39.19999694824219 L124.39999389648438 33.599998474121094 Z M141.1999969482422 50.400001525878906 L107.20000457763672 84.39999389648438 L112.80000305175781 90.0 L146.8000030517578 56.0 L141.1999969482422 50.400001525878906 Z M158.39999389648438 67.19999694824219 L124.39999389648438 101.19999694824219 L130.0 106.79999542236328 L164.0 72.80000305175781 L158.39999389648438 67.19999694824219 Z""></path></svg>"
bfea09a06494a8d5c375a442159b9711,"<svg xmlns=""http://www.w3.org/2000/svg"" viewBox=""0.0 0.0 200.0 200.0"" height=""200.0px"" width=""200.0px""><path fill=""#262536"" fill-opacity=""1.0""  filling=""0"" d=""M156.15194702148438 196.26309204101562 L44.663082122802734 196.26309204101562 C21.57207489013672 196.26309204101562 2.8529281616210938 177.5439453125 2.8529281616210938 154.455078125 L2.8529281616210938 42.96601486206055 C2.8529281616210938 19.875 21.57207489013672 1.1580047607421875 44.663082122802734 1.1580047607421875 L156.15194702148438 1.1580047607421875 C179.2410125732422 1.1580047607421875 197.958984375 19.875 197.958984375 42.96601486206055 L197.958984375 154.455078125 C197.958984375 177.5439453125 179.2419891357422 196.26309204101562 156.15194702148438 196.26309204101562 L156.15194702148438 196.26309204101562 Z M184.02401733398438 42.96601486206055 C184.02401733398438 27.57207489013672 171.54608154296875 15.093948364257812 156.15194702148438 15.093948364257812 L44.663082122802734 15.093948364257812 C29.269920349121094 15.093948364257812 16.791015625 27.57207489013672 16.791015625 42.96601486206055 L16.791015625 112.669921875 L62.00390625 67.45703125 L66.96894836425781 72.42108917236328 L68.55390930175781 70.83808898925781 L121.44609832763672 123.73007202148438 L146.64102172851562 98.53495788574219 L149.4140625 101.30995178222656 L152.01309204101562 98.7109375 L184.02401733398438 130.72109985351562 L184.02401733398438 42.96601486206055 L184.02401733398438 42.96601486206055 Z M184.02401733398438 150.31503295898438 L149.294921875 115.58808135986328 L124.22109985351562 140.66192626953125 L121.20098114013672 137.64199829101562 L118.32499694824219 140.51797485351562 L63.48808288574219 85.68106079101562 L16.791015625 132.3779296875 L16.791015625 154.45391845703125 C16.791015625 169.84609985351562 29.268943786621094 182.3259735107422 44.663082122802734 182.3259735107422 L156.15194702148438 182.3259735107422 C171.54608154296875 182.3259735107422 184.02401733398438 169.84707641601562 184.02401733398438 154.45391845703125 L184.02401733398438 150.31503295898438 L184.02401733398438 150.31503295898438 Z M128.27891540527344 56.901954650878906 C128.27891540527344 49.205078125 134.51992797851562 42.96601486206055 142.2160186767578 42.96601486206055 C149.9109344482422 42.96601486206055 156.15194702148438 49.205078125 156.15194702148438 56.901954650878906 C156.15194702148438 64.59902954101562 149.9109344482422 70.83808898925781 142.2160186767578 70.83808898925781 C134.51895141601562 70.83808898925781 128.27891540527344 64.59902954101562 128.27891540527344 56.901954650878906 L128.27891540527344 56.901954650878906 Z""></path></svg>"
9a44d8309fefe366bdfcf6dfe228d580,"<svg xmlns=""http://www.w3.org/2000/svg"" viewBox=""0.0 0.0 200.0 200.0"" height=""200.0px"" width=""200.0px""><path fill="""" fill-opacity=""1.0""  filling=""0"" d=""M180.2734375 66.09375 C175.859375 55.68359375 169.55078125 46.30859375 161.5234375 38.28125 C153.49609375 30.25390625 144.140625 23.9453125 133.7109375 19.53125 C122.9296875 14.9609375 111.46484375 12.65625 99.6484375 12.65625 C87.83203125 12.65625 76.40625 14.98046875 65.60546875 19.53125 C55.1953125 23.9453125 45.8203125 30.25390625 37.79296875 38.28125 C29.765625 46.30859375 23.45703125 55.6640625 19.04296875 66.09375 C14.47265625 76.875 12.16796875 88.33984375 12.16796875 100.15625 C12.16796875 111.97265625 14.47265625 123.41796875 19.04296875 134.21875 C23.45703125 144.62890625 29.765625 154.00390625 37.79296875 162.03125 C45.8203125 170.05859375 55.17578125 176.3671875 65.60546875 180.78125 C76.38671875 185.3515625 87.8515625 187.65625 99.66796875 187.65625 C111.484375 187.65625 122.9296875 185.3515625 133.73046875 180.78125 C144.140625 176.3671875 153.515625 170.05859375 161.54296875 162.03125 C169.5703125 154.00390625 175.87890625 144.6484375 180.29296875 134.21875 C184.86328125 123.4375 187.16796875 111.97265625 187.16796875 100.15625 C187.16796875 88.33984375 184.84375 76.89453125 180.2734375 66.09375 Z M106.50390625 95.6640625 C106.50390625 101.9140625 101.42578125 106.9921875 95.17578125 106.9921875 L65.87890625 106.9921875 C62.851558685302734 106.9921875 60.410152435302734 104.55078125 60.410152435302734 101.5234375 C60.410152435302734 98.49609375 62.851558685302734 96.0546875 65.87890625 96.0546875 L93.61328125 96.0546875 C94.6875 96.0546875 95.56640625 95.17578125 95.56640625 94.1015625 L95.56640625 66.3671875 C95.56640625 63.339839935302734 98.0078125 60.898433685302734 101.03515625 60.898433685302734 C104.0625 60.898433685302734 106.50390625 63.339839935302734 106.50390625 66.3671875 L106.50390625 95.6640625 Z""></path></svg>"
e86ce2a192773fe0c96294a8e10623c4,"<svg xmlns=""http://www.w3.org/2000/svg"" viewBox=""0.0 0.0 200.0 200.0"" height=""200.0px"" width=""200.0px""><path fill="""" fill-opacity=""1.0""  filling=""0"" d=""M87.5 33.333396911621094 A12.5 12.5 0.0 0 0 112.5 33.333396911621094 L112.5 25.0 A12.5 12.5 0.0 1 0 87.5 25.0 L87.5 33.333396911621094 Z M100.0 56.66659927368164 A60.000003814697266 60.000003814697266 0.0 0 0 39.999996185302734 116.6666030883789 L39.999996185302734 154.1916046142578 L34.59160614013672 159.5915985107422 A10.0 10.0 0.0 0 0 41.666603088378906 176.66659545898438 L158.33340454101562 176.66659545898438 A10.0 10.0 0.0 0 0 165.39999389648438 159.5915985107422 L160.0 154.1916046142578 L160.0 116.6666030883789 A60.000003814697266 60.000003814697266 0.0 0 0 100.0 56.66659927368164 Z M140.0 116.6666030883789 L140.0 156.66659545898438 L60.000003814697266 156.66659545898438 L60.000003814697266 116.6666030883789 A40.0 40.0 0.0 1 1 140.0 116.6666030883789 Z M61.78339767456055 57.61660385131836 A12.5 12.5 0.0 0 1 44.108402252197266 57.61660385131836 L38.21660232543945 51.724998474121094 A12.5 12.5 0.0 0 1 55.88339614868164 34.05000305175781 L61.78339767456055 39.94160461425781 A12.5 12.5 0.0 0 1 61.78339767456055 57.61660385131836 Z M138.2165985107422 39.94160461425781 A12.5 12.5 0.0 1 0 155.8916015625 57.61660385131836 L161.7834014892578 51.724998474121094 A12.5 12.5 0.0 1 0 144.1083984375 34.05000305175781 L138.2165985107422 39.94160461425781 Z""></path></svg>"
f306de31c0bd997ca6d12994325dd787,"<svg fill=""none"" height=""128"" viewBox=""0 0 24 24"" width=""128"" xmlns=""http://www.w3.org/2000/svg""><path d=""m9 5.43c1.01-.39 2.1-.52 3.17-.37 1.07.14 2.09.55 2.97 1.2.88.64 1.6 1.5 2.1 2.5s.76 2.11.76 3.24-.26 2.24-.76 3.24-1.22 1.86-2.1 2.5c-.89.65-1.91 1.06-2.98 1.2-1.06.15-2.15.02-3.16-.37 0 0 4-2.45 4-6.57s-4-6.57-4-6.57z"" fill=""#000000"" stroke=""#000000"" stroke-linejoin=""round"" stroke-width=""2""/></svg>"
e77f70272bee4c42cfa1e4764dde6c86,"<svg xmlns=""http://www.w3.org/2000/svg"" viewBox=""0.0 0.0 200.0 200.0"" height=""200.0px"" width=""200.0px""><path fill=""#979797"" fill-opacity=""1.0""  filling=""0"" d=""M153.125 18.75 C168.6580047607422 18.75 181.25 31.341995239257812 181.25 46.875 C181.25 62.40800094604492 168.6580047607422 75.0 153.125 75.0 C144.40899658203125 75.0 136.6199951171875 71.03600311279297 131.46099853515625 64.81199645996094 L85.74299621582031 89.12000274658203 C86.88200378417969 92.53900146484375 87.5 96.1969985961914 87.5 100.0 C87.5 103.92900085449219 86.84100341796875 107.7040023803711 85.62699890136719 111.22000122070312 L131.2310028076172 135.468994140625 C136.38800048828125 129.08399963378906 144.2790069580078 125.0 153.125 125.0 C168.6580047607422 125.0 181.25 137.5919952392578 181.25 153.125 C181.25 168.6580047607422 168.6580047607422 181.25 153.125 181.25 C137.5919952392578 181.25 125.0 168.6580047607422 125.0 153.125 C125.0 149.79800415039062 125.5780029296875 146.6060028076172 126.63800048828125 143.6439971923828 L81.38200378417969 119.58100128173828 C75.17400360107422 128.52200317382812 64.83300018310547 134.375 53.125 134.375 C34.13999938964844 134.375 18.75 118.98500061035156 18.75 100.0 C18.75 81.01499938964844 34.13999938964844 65.625 53.125 65.625 C64.96199798583984 65.625 75.4010009765625 71.60700225830078 81.58399963378906 80.71399688720703 L126.76100158691406 56.69300079345703 C125.62200164794922 53.637001037597656 125.0 50.32899856567383 125.0 46.875 C125.0 31.341995239257812 137.5919952392578 18.75 153.125 18.75 Z M153.125 134.375 C142.77000427246094 134.375 134.375 142.77000427246094 134.375 153.125 C134.375 163.47999572753906 142.77000427246094 171.875 153.125 171.875 C163.47999572753906 171.875 171.875 163.47999572753906 171.875 153.125 C171.875 142.77000427246094 163.47999572753906 134.375 153.125 134.375 Z M53.125 75.0 C39.31800079345703 75.0 28.125 86.19300079345703 28.125 100.0 C28.125 113.80699920654297 39.31800079345703 125.0 53.125 125.0 C66.93199920654297 125.0 78.125 113.80699920654297 78.125 100.0 C78.125 86.19300079345703 66.93199920654297 75.0 53.125 75.0 Z M153.125 28.125 C142.77000427246094 28.125 134.375 36.52000045776367 134.375 46.875 C134.375 57.22999954223633 142.77000427246094 65.625 153.125 65.625 C163.47999572753906 65.625 171.875 57.22999954223633 171.875 46.875 C171.875 36.52000045776367 163.47999572753906 28.125 153.125 28.125 Z""></path></svg>"
4e7b4e261c3e2bd62b06b2ac9aa91aa1,"<svg xmlns=""http://www.w3.org/2000/svg"" viewBox=""0.0 0.0 200.0 200.0"" height=""200.0px"" width=""200.0px""><path fill="""" fill-opacity=""1.0""  filling=""0"" d=""M27.333404541015625 18.5 A6.25 6.25 0.0 1 0 18.5 27.333404541015625 L41.733394622802734 50.56660079956055 A27.5 27.5 0.0 0 0 41.69160079956055 52.07499694824219 L41.69160079956055 177.04159545898438 A6.25 6.25 0.0 0 0 51.59159851074219 182.11660766601562 L100.0 147.27499389648438 L148.4333953857422 182.1083984375 A6.25 6.25 0.0 0 0 158.33340454101562 177.04998779296875 L158.33340454101562 167.1916046142578 L172.64999389648438 181.50839233398438 A6.25 6.25 0.0 0 0 181.49160766601562 172.6750030517578 L27.333404541015625 18.5 Z M145.8415985107422 154.6833953857422 L145.8415985107422 164.85000610351562 L103.6666030883789 134.5 A6.25 6.25 0.0 0 0 96.3666000366211 134.5 L54.19160079956055 164.85000610351562 L54.19160079956055 63.02499771118164 L145.83340454101562 154.6833953857422 L145.8415985107422 154.6833953857422 Z M145.8415985107422 52.083396911621094 L145.8415985107422 119.3333969116211 L158.3415985107422 131.83340454101562 L158.3415985107422 52.083396911621094 A27.08340072631836 27.08340072631836 0.0 0 0 131.25840759277344 25.0 L68.77499389648438 25.0 C63.81660079956055 25.0 59.166603088378906 26.333396911621094 55.166603088378906 28.649993896484375 L64.6083984375 38.09159851074219 A14.583398818969727 14.583398818969727 0.0 0 1 68.77499389648438 37.491600036621094 L131.25840759277344 37.491600036621094 C139.3166046142578 37.491600036621094 145.8415985107422 44.02500534057617 145.8415985107422 52.07499694824219 L145.8415985107422 52.083396911621094 Z""></path></svg>"
ddad0ee9440251e63a9cec90b10d6ec6,"<svg xmlns=""http://www.w3.org/2000/svg"" viewBox=""0.0 0.0 200.0 200.0"" height=""200.0px"" width=""200.0px""><path fill=""#333333"" fill-opacity=""1.0""  filling=""0"" d=""M78.763671875 21.599998474121094 A145.09999084472656 145.09999084472656 0.0 0 1 121.66368103027344 21.599998474121094 C131.66366577148438 23.599998474121094 141.66366577148438 25.199996948242188 151.06365966796875 27.800003051757812 A21.0 21.0 0.0 0 1 165.86367797851562 41.70000076293945 C171.9636688232422 58.89999771118164 171.9636688232422 58.89999771118164 178.66366577148438 75.80000305175781 C179.4636688232422 77.69999694824219 181.86367797851562 80.5 183.263671875 80.29999542236328 A14.800000190734863 14.800000190734863 0.0 0 1 200.263671875 92.0999984741211 A12.899999618530273 12.899999618530273 0.0 0 1 200.263671875 98.29999542236328 L188.86367797851562 101.40000915527344 A100.80000305175781 100.80000305175781 0.0 0 1 190.263671875 113.39999389648438 L190.263671875 168.79998779296875 A15.80000114440918 15.80000114440918 0.0 0 1 186.86367797851562 178.0 A93.5999984741211 93.5999984741211 0.0 0 1 154.86366271972656 178.60000610351562 C147.4636688232422 173.89999389648438 152.06365966796875 166.0 149.66366577148438 159.59999084472656 L52.46367645263672 159.59999084472656 C50.56366729736328 166.39999389648438 49.46367263793945 177.8000030517578 47.263671875 178.60000610351562 A95.0 95.0 0.0 0 1 14.463676452636719 178.60000610351562 A17.899999618530273 17.899999618530273 0.0 0 1 10.863670349121094 168.0 C10.263671875 160.0 10.263671875 152.40000915527344 10.263671875 144.60000610351562 C10.263671875 130.10000610351562 10.263671875 115.60000610351562 10.863670349121094 101.0 L0.263671875 98.19999694824219 A11.5 11.5 0.0 0 1 0.263671875 93.30000305175781 C3.263671875 85.29999542236328 7.263671875 79.0999984741211 17.56366729736328 80.0 C18.763671875 80.0 21.063674926757812 77.60000610351562 21.763671875 75.80000305175781 A269.1999816894531 269.1999816894531 0.0 0 0 31.763671875 48.5 A34.0 34.0 0.0 0 1 61.763675689697266 23.800003051757812 C67.263671875 22.79999542236328 72.96366882324219 22.099998474121094 78.46366882324219 21.20000457763672 L78.763671875 21.599998474121094 Z M34.56367492675781 83.4000015258789 A315.8999938964844 315.8999938964844 0.0 0 0 165.36367797851562 83.4000015258789 C161.66366577148438 72.30000305175781 157.9636688232422 62.400001525878906 155.36366271972656 52.39999771118164 A16.599998474121094 16.599998474121094 0.0 0 0 138.763671875 39.10000228881836 C118.06367492675781 38.19999694824219 97.263671875 37.5 76.56367492675781 37.30000305175781 A88.5 88.5 0.0 0 0 56.56367111206055 40.40000534057617 A11.399999618530273 11.399999618530273 0.0 0 0 49.263668060302734 45.400001525878906 C43.66366958618164 57.5 39.46367645263672 70.0 34.56367492675781 83.4000015258789 Z M43.06367111206055 130.60000610351562 A48.79999923706055 48.79999923706055 0.0 0 0 53.763668060302734 130.0 A10.0 10.0 0.0 0 0 60.263668060302734 125.10000610351562 C60.763668060302734 123.59999084472656 58.46367645263672 119.9000015258789 56.46366882324219 119.00000762939453 A233.69998168945312 233.69998168945312 0.0 0 0 31.463668823242188 109.0 C27.263671875 107.5999984741211 22.46367645263672 107.9000015258789 21.463668823242188 113.80000305175781 C19.463668823242188 122.5 21.463668823242188 127.30000305175781 27.96367645263672 128.6999969482422 C33.06367492675781 129.70001220703125 37.96366882324219 129.89999389648438 43.56367492675781 130.39999389648438 L43.06367111206055 130.60000610351562 Z M158.36367797851562 130.60000610351562 A142.70001220703125 142.70001220703125 0.0 0 0 174.06365966796875 128.60000610351562 C181.5636749267578 126.90000915527344 179.9636688232422 120.79999542236328 179.763671875 115.5 C179.5636749267578 110.19999694824219 176.763671875 107.70000457763672 172.66366577148438 108.9000015258789 A216.8000030517578 216.8000030517578 0.0 0 0 142.66366577148438 120.29999542236328 C138.263671875 122.39999389648438 139.86367797851562 128.1999969482422 144.86367797851562 129.3000030517578 A112.60000610351562 112.60000610351562 0.0 0 0 158.36367797851562 130.5 L158.36367797851562 130.60000610351562 Z""></path></svg>"
b7c33256-268d-48b6-8e2e-3a1342b81df1,"<svg height=""128"" viewBox=""0 0 1000 1000"" width=""128"" xmlns=""http://www.w3.org/2000/svg""><path d=""m902 612q-36-74-52.5-134.5t-18.5-125.5q11-2 19-10l62-64q12-12 11-28.5t-13-27.5l-82-70q-28-24-64-25h-28q-4 0-9 1-10 4-16.5 12t-6.5 19-8 19-19.5 8-20-8-8.5-19-6-19-17-12q-4-1-9-1h-28q-37 1-65 25l-49 42q-6 6-6.5 13.5t5 13.5 13 6.5 13.5-4.5l49-42q18-15 41-16h14q5 0 6 5 5 24 24 39.5t43.5 15.5 43.5-15.5 23-39.5q1-5 6-5h14q23 1 40 16l81 70-62 64-8-6q-4-3-9-3t-9 4-4 10q-1 79 16.5 151t58.5 158l6 11q-94 44-197 44h-20q-11-1-17 8.5t-1 19 16 10.5h22q116 0 219-50 12-6 16-18.5t-1-24.5zm-694-162q6-15 23-22 24-10 32-14 5-3 6-5v-3l-2-4q-11-22-12.5-34t8.5-60q0-4-2-7t-5-3q-13-4-24-12-3-2-7-1-15 1-35 10-35 14-66 44-24 21-53 67-7 10-3 22 7 19 8 35 1 24-12 36-5 4-3.5 10.5t7.5 9.5l22 9q2 1 5 1h1q81-13 112-79zm370 243q0-3-2.5-5t-5.5-1.5-5.5 2.5-2.5 5l-4 40q-68 10-135 58-15 11-28 24-1 2-3 2t-4-2l-1-1q-12-12-26-22-67-49-136-59l-4-40q0-3-2-5t-5-2.5-6 1.5-3 5q-17 70-40 109-4 7 0 15t14 9q65 3 131 31 41 17 73 38 9 6 18 0 32-21 72-38 67-28 132-31 9-1 13.5-9t-.5-15q-22-38-40-109zm-62-291-2 5 1 2q1 2 5 5 8 4 32 14 17 7 24 22 30 66 111 79h2q2 0 4-1l22-9q7-2 8-9t-4-11q-13-12-11-36 0-17 7-35 4-12-3-22-30-46-52-67-32-30-67-44-19-9-35-10-4-1-7 1-11 8-23 12-4 1-6 3.5t-1 6.5q10 49 8.5 60.5t-13.5 33.5zm-126-19h3q50 0 75-28 17-18 21-43 1-7 1-14-1-12-7-14-45-16-49-41 0-4-2.5-5.5t-9.5-3.5l-1-1q-12-5-24-5l-11-1q-13 1-24 6h-1l-9 4.5-3 4.5q-4 27-49 42-6 2-7 14 0 7 1 13 5 26 21 44 26 28 75 28zm5 38h-7q-74 2-137 41l-14 9q-5 3-7 9-12 46-9 85 3 44 25 58 4 3 5 7l5 54q0 5 3 9t8 5q21 5 74 33 31 17 49 28h3q18-11 50-28 52-28 73-33 5-1 8-5t4-9l5-54q0-4 4-7 22-14 25-58 3-40-9-85-2-6-7-9l-14-9q-63-39-137-41z""/></svg>"
2431467e520986551714b65e3ab50e3b,"<svg xmlns=""http://www.w3.org/2000/svg"" viewBox=""0.0 0.0 200.0 200.0"" height=""200.0px"" width=""200.0px""><path fill="""" fill-opacity=""1.0""  filling=""0"" d=""M112.5 130.0 A19.3125 19.3125 0.0 0 1 97.875 124.3125 A17.5 17.5 0.0 0 1 94.125 116.43749237060547 L122.5 116.43749237060547 L122.5 108.5 L92.75 108.5 L92.75 106.75 A30.4375 30.4375 0.0 0 1 92.75 103.31250762939453 L122.5625 103.31250762939453 L122.5625 95.3125 L94.625 95.3125 A17.0625 17.0625 0.0 0 1 112.0625 81.9375 A32.25 32.25 0.0 0 1 124.5625 84.6875 L127.75 72.1875 A42.125 42.125 0.0 0 0 110.875 68.75 A34.0625 34.0625 0.0 0 0 77.0 95.5 L69.375 95.5 L69.375 103.5 L75.625 103.5 L75.625 108.6875 L69.375 108.6875 L69.375 116.625 L76.6875 116.625 A31.25 31.25 0.0 0 0 82.9375 131.125 A33.6875 33.6875 0.0 0 0 110.62500762939453 143.75 A38.125 38.125 0.0 0 0 128.1875 139.5 L125.5 127.0 A31.25 31.25 0.0 0 1 112.5 130.0 Z M100.0 18.75 A87.5 87.5 0.0 1 0 187.5 106.25 A87.5 87.5 0.0 0 0 100.0 18.75 Z M100.0 181.25 A75.0 75.0 0.0 1 1 175.0 106.25 A75.0 75.0 0.0 0 1 100.0 181.25 Z""></path></svg>"
4186c0e597bd570c83b7b206d4115e16,"<svg xmlns=""http://www.w3.org/2000/svg"" viewBox=""0.0 0.0 200.0 200.0"" height=""200.0px"" width=""200.0px""><path fill=""#2D3545"" fill-opacity=""1.0""  filling=""0"" d=""M180.66700744628906 171.33299255371094 L20.66699981689453 171.33299255371094 L20.66699981689453 163.33299255371094 C20.66699981689453 144.66700744628906 32.66699981689453 128.66700744628906 50.0 122.66699981689453 L69.33300018310547 116.0 L70.66699981689453 117.33300018310547 C79.33300018310547 126.66699981689453 90.0 131.33299255371094 100.66699981689453 131.33299255371094 C111.33300018310547 131.33299255371094 122.66699981689453 126.0 130.66700744628906 117.33300018310547 L132.0 116.0 L151.33299255371094 122.66699981689453 C168.66700744628906 128.66700744628906 180.66700744628906 145.33299255371094 180.66700744628906 163.33299255371094 L180.66700744628906 171.33299255371094 Z M27.33300018310547 164.66700744628906 L174.0 164.66700744628906 L174.0 163.33299255371094 C174.0 148.0 164.0 134.0 149.33299255371094 128.66700744628906 L134.0 123.33300018310547 C124.66699981689453 132.66700744628906 112.66699981689453 138.0 100.66699981689453 138.0 C88.66699981689453 138.0 76.66699981689453 132.66700744628906 67.33300018310547 123.33300018310547 L52.0 128.66700744628906 C37.33300018310547 134.0 27.33300018310547 148.0 27.33300018310547 163.33299255371094 L27.33300018310547 164.66700744628906 Z M84.0 71.33300018310547 L90.66699981689453 71.33300018310547 L90.66699981689453 78.0 L84.0 78.0 L84.0 71.33300018310547 Z M110.66699981689453 71.33300018310547 L117.33300018310547 71.33300018310547 L117.33300018310547 78.0 L110.66699981689453 78.0 L110.66699981689453 71.33300018310547 Z""></path>
<path fill=""#2D3545"" fill-opacity=""1.0""  filling=""0"" d=""M100.66699981689453 124.66699981689453 C84.0 124.66699981689453 69.33300018310547 111.33300018310547 63.33300018310547 91.33300018310547 C58.0 91.33300018310547 54.0 84.0 54.0 74.66699981689453 C54.0 67.33300018310547 56.66699981689453 61.33300018310547 60.66699981689453 58.66699981689453 L60.66699981689453 58.0 C60.66699981689453 36.0 78.66699981689453 18.0 100.66699981689453 18.0 C122.66699981689453 18.0 140.66700744628906 36.0 140.66700744628906 58.0 L140.66700744628906 58.66699981689453 C144.66700744628906 60.66699981689453 147.33299255371094 66.66699981689453 147.33299255371094 74.66699981689453 C147.33299255371094 84.0 143.33299255371094 90.66699981689453 138.0 91.33300018310547 C132.0 111.33300018310547 117.33300018310547 124.66699981689453 100.66699981689453 124.66699981689453 Z M68.0 82.66699981689453 L69.33300018310547 86.66699981689453 C74.0 105.33300018310547 86.66699981689453 118.0 100.66699981689453 118.0 C114.66699981689453 118.0 127.33300018310547 105.33300018310547 132.0 86.66699981689453 L133.33299255371094 82.0 L137.33299255371094 84.66699981689453 C138.66700744628906 84.66699981689453 140.66700744628906 81.33300018310547 140.66700744628906 74.66699981689453 C140.66700744628906 68.66699981689453 138.66700744628906 65.33300018310547 137.33299255371094 64.66699981689453 L133.33299255371094 65.33300018310547 L134.0 60.66699981689453 L134.0 58.66699981689453 C134.0 40.0 119.33300018310547 25.33300018310547 100.66699981689453 25.33300018310547 C82.0 25.33300018310547 67.33300018310547 40.0 67.33300018310547 58.66699981689453 L67.33300018310547 60.66699981689453 L68.0 65.33300018310547 L64.0 64.66699981689453 C63.33300018310547 65.33300018310547 60.66699981689453 68.66699981689453 60.66699981689453 74.66699981689453 C60.66699981689453 81.33300018310547 63.33300018310547 84.66699981689453 64.0 84.66699981689453 L68.0 82.66699981689453 Z""></path></svg>"
22ccf1fe0913a4ba90e8fe9f959512bc,"<svg xmlns=""http://www.w3.org/2000/svg"" viewBox=""0.0 0.0 200.0 200.0"" height=""200.0px"" width=""200.0px""><path fill=""#465A63"" fill-opacity=""1.0""  filling=""0"" d=""M178.046875 12.1875 L153.75 12.1875 L139.21875 129.2578125 L51.210941314697266 129.2578125 C46.640621185302734 129.2578125 42.8515625 132.3828125 41.757808685302734 136.6015625 L32.34375 163.28125 C31.9140625 164.8828125 31.6796875 166.5625 31.6796875 168.28125 C31.6796875 179.0625 40.4296875 187.8125 51.210941314697266 187.8125 L139.0234375 187.8125 C148.8671875 187.8125 157.03125 180.5078125 158.359375 170.9765625 L178.046875 12.1875 Z""></path>
<path fill=""#3D4F57"" fill-opacity=""1.0""  filling=""0"" d=""M168.3203125 12.1875 L148.6328125 170.9765625 C147.3046875 180.46875 139.1796875 187.8125 129.296875 187.8125 L139.0625 187.8125 C148.90625 187.8125 157.0703125 180.5078125 158.3984375 170.9765625 L178.0859375 12.1875 L168.3203125 12.1875 Z""></path>
<path fill=""#ECEFF1"" fill-opacity=""1.0""  filling=""0"" d=""M70.7421875 129.2578125 L60.976566314697266 187.8125 L119.53125 187.8125 L129.2578125 129.2578125 L70.7421875 129.2578125 Z""></path>
<path fill=""#D0D5D9"" fill-opacity=""1.0""  filling=""0"" d=""M70.7421875 129.2578125 L119.4921875 129.2578125 L109.765625 187.8125 L119.53125 187.8125 L129.2578125 129.2578125 L70.7421875 129.2578125 Z""></path>
<path fill=""#FDC93C"" fill-opacity=""1.0""  filling=""0"" d=""M129.2578125 153.671875 C129.2578125 148.28125 124.8828125 143.90625 119.4921875 143.90625 L31.71875 143.90625 C26.328125 143.90625 21.953125 148.28125 21.953125 153.671875 L21.953125 173.203125 L129.2578125 173.203125 L129.2578125 153.671875 Z""></path>
<path fill=""#FDAD2B"" fill-opacity=""1.0""  filling=""0"" d=""M119.53125 143.90625 L100.0 143.90625 C105.39061737060547 143.90625 109.765625 148.28125 109.765625 153.671875 L109.765625 173.203125 L129.296875 173.203125 L129.296875 153.671875 C129.2578125 148.28125 124.8828125 143.90625 119.53125 143.90625 Z""></path>
<path fill=""#17171D"" fill-opacity=""1.0""  filling=""0"" d=""M179.8828125 10.5859375 C179.4140625 10.078125 178.75 9.765625 178.046875 9.765625 L153.75 9.765625 C152.5 9.765625 151.484375 10.6640625 151.328125 11.9140625 L137.0703125 126.8359375 L51.210941314697266 126.8359375 C45.664058685302734 126.8359375 40.859378814697266 130.546875 39.414058685302734 135.8984375 L37.460933685302734 141.4453125 L31.71875 141.4453125 C25.0 141.4453125 19.53125 146.9140625 19.53125 153.6328125 L19.53125 173.1640625 C19.53125 174.4921875 20.625 175.5859375 21.953125 175.5859375 L30.546875 175.5859375 C33.5546875 184.1015625 41.6796875 190.234375 51.25 190.234375 L139.0625 190.234375 C149.9609375 190.234375 159.296875 182.109375 160.8203125 171.2890625 L180.46875 12.5 C180.546875 11.796875 180.3515625 11.09375 179.8828125 10.5859375 Z M126.40625 131.71875 L124.609375 142.578125 C123.046875 141.875 121.3671875 141.4453125 119.53125 141.4453125 L71.171875 141.4453125 L72.8125 131.6796875 L126.40625 131.71875 Z M44.0625 137.421875 C44.101558685302734 137.34375 44.101558685302734 137.265625 44.140625 137.2265625 C44.960941314697266 133.984375 47.890628814697266 131.71875 51.210941314697266 131.71875 L67.8515625 131.71875 L66.2109375 141.484375 L42.617191314697266 141.484375 L44.0625 137.421875 Z M24.375 156.09375 L109.765625 156.09375 C111.09375 156.09375 112.18750762939453 155.0 112.18750762939453 153.671875 C112.18750762939453 152.34375 111.09375 151.25 109.765625 151.25 L24.8046875 151.25 C25.8203125 148.3984375 28.515625 146.3671875 31.6796875 146.3671875 L119.53125 146.3671875 C122.6953125 146.3671875 125.4296875 148.3984375 126.40625 151.25 L119.53125 151.25 C118.203125 151.25 117.109375 152.34375 117.109375 153.671875 C117.109375 155.0 118.203125 156.09375 119.53125 156.09375 L126.8359375 156.09375 L126.8359375 170.7421875 L24.375 170.7421875 L24.375 156.09375 Z M35.8203125 175.625 L60.546875 175.625 L58.90625 185.390625 L51.210941314697266 185.390625 C44.4140625 185.3515625 38.5546875 181.3671875 35.8203125 175.625 Z M63.8671875 185.3515625 L65.5078125 175.5859375 L119.1015625 175.5859375 L117.4609375 185.3515625 L63.8671875 185.3515625 Z M139.0234375 185.3515625 L122.3828125 185.3515625 L124.0234375 175.5859375 L129.2578125 175.5859375 C130.5859375 175.5859375 131.6796875 174.4921875 131.6796875 173.1640625 L131.6796875 153.671875 C131.6796875 150.7421875 130.6640625 148.0859375 128.9453125 145.9765625 L131.328125 131.71875 L160.7421875 131.71875 L155.8984375 170.6640625 C154.765625 179.0234375 147.5 185.3515625 139.0234375 185.3515625 Z M161.3671875 126.8359375 L141.9921875 126.8359375 L155.8984375 14.6484375 L175.2734375 14.6484375 L161.3671875 126.8359375 Z""></path></svg>"
9ef67cc04c109544fd8ca5096e5f56d7,"<svg xmlns=""http://www.w3.org/2000/svg"" viewBox=""0.0 0.0 200.0 200.0"" height=""200.0px"" width=""200.0px""><path fill=""#333333"" fill-opacity=""1.0""  filling=""0"" d=""M132.875 70.0999984741211 C123.9749984741211 70.0999984741211 116.75 77.32499694824219 116.75 86.2249984741211 C116.75 95.125 123.9749984741211 102.3499984741211 132.875 102.3499984741211 C141.77499389648438 102.3499984741211 149.0 95.125 149.0 86.2249984741211 C149.0 77.32499694824219 141.77499389648438 70.0999984741211 132.875 70.0999984741211 Z""></path>
<path fill=""#333333"" fill-opacity=""1.0""  filling=""0"" d=""M144.97500610351562 47.25 L53.54999923706055 47.25 C38.724998474121094 47.25 26.675003051757812 59.29999923706055 26.675003051757812 74.125 L26.675003051757812 149.39999389648438 C26.675003051757812 150.22500610351562 26.724998474121094 151.0500030517578 26.800003051757812 151.875 C26.824996948242188 152.02499389648438 26.824996948242188 152.1750030517578 26.849998474121094 152.3249969482422 A22.184999465942383 22.184999465942383 0.0 0 0 27.324996948242188 155.125 C27.474998474121094 155.8249969482422 27.650001525878906 156.52499389648438 27.849998474121094 157.1999969482422 C27.900001525878906 157.375 27.974998474121094 157.5749969482422 28.025001525878906 157.75 C28.199996948242188 158.3000030517578 28.400001525878906 158.85000610351562 28.625 159.375 C28.724998474121094 159.625 28.824996948242188 159.89999389648438 28.949996948242188 160.14999389648438 C29.199996948242188 160.6999969482422 29.449996948242188 161.25 29.75 161.8000030517578 L30.275001525878906 162.77499389648438 C30.449996948242188 163.0500030517578 30.599998474121094 163.3249969482422 30.775001525878906 163.625 C31.125 164.1999969482422 31.525001525878906 164.75 31.900001525878906 165.3000030517578 C32.0 165.4499969482422 32.125 165.60000610351562 32.25 165.75 C33.75 167.72500610351562 35.525001525878906 169.47500610351562 37.525001525878906 170.9499969482422 C42.0 174.3000030517578 47.54999923706055 176.3249969482422 53.57500076293945 176.3249969482422 L144.97500610351562 176.3249969482422 C154.8000030517578 176.3249969482422 163.39999389648438 171.0 168.0749969482422 163.10000610351562 C168.1750030517578 162.9250030517578 168.3000030517578 162.75 168.39999389648438 162.5749969482422 C168.64999389648438 162.125 168.875 161.6750030517578 169.10000610351562 161.22500610351562 C169.22500610351562 160.9499969482422 169.35000610351562 160.6999969482422 169.47500610351562 160.4250030517578 C169.6750030517578 159.97500610351562 169.85000610351562 159.52499389648438 170.02499389648438 159.0749969482422 C170.14999389648438 158.77499389648438 170.25 158.47500610351562 170.35000610351562 158.1999969482422 C170.5 157.75 170.64999389648438 157.27499389648438 170.8000030517578 156.8000030517578 C170.875 156.5 170.9499969482422 156.1999969482422 171.02499389648438 155.875 C171.14999389648438 155.39999389648438 171.27499389648438 154.89999389648438 171.35000610351562 154.4250030517578 C171.39999389648438 154.14999389648438 171.4250030517578 153.85000610351562 171.47500610351562 153.5749969482422 C171.6750030517578 152.22500610351562 171.8249969482422 150.85000610351562 171.8249969482422 149.4499969482422 L171.8249969482422 74.1500015258789 C171.85000610351562 59.32500076293945 159.8000030517578 47.25 144.97500610351562 47.25 Z M162.4499969482422 139.9250030517578 L149.39999389648438 130.0749969482422 A14.012999534606934 14.012999534606934 0.0 0 0 133.4499969482422 129.4250030517578 L114.4000015258789 141.5 C111.25 143.5 107.07499694824219 142.75 104.82499694824219 139.77499389648438 L74.7249984741211 100.07499694824219 C71.3499984741211 95.625 64.80000305175781 95.2249984741211 60.92499923706055 99.2249984741211 L36.07500076293945 124.82499694824219 L36.07500076293945 74.1500015258789 A17.475000381469727 17.475000381469727 0.0 0 1 53.54999923706055 56.67499923706055 L144.9499969482422 56.67499923706055 A17.475000381469727 17.475000381469727 0.0 0 1 162.4250030517578 74.1500015258789 L162.4250030517578 139.9250030517578 L162.4499969482422 139.9250030517578 Z""></path></svg>"
c0b082b5-a6d8-4b0f-98f2-d4856daffb78,"<svg fill=""none"" height=""128"" viewBox=""0 0 32 32"" width=""128"" xmlns=""http://www.w3.org/2000/svg""><path d=""m23.18 11.92c.21-.43.32-.91.32-1.43 0-.67-.2-1.29-.55-1.81s-.53-1.14-.53-1.77v-.01c0-1.82-1.48-3.3-3.29-3.3-.18 0-.36-.08-.46-.23-.59-.83-1.56-1.37-2.67-1.37-1.1 0-2.07.54-2.67 1.37-.1.15-.28.24-.45.24-1.82 0-3.3 1.48-3.3 3.3 0 .64-.18 1.25-.53 1.78-.34.51-.55 1.13-.55 1.8 0 .52.11 1 .32 1.43.07.15.07.32 0 .46-.21.42-.32.9-.32 1.41 0 1.77 1.44 3.21 3.21 3.21h8.57c1.77 0 3.21-1.44 3.21-3.21 0-.5-.11-.99-.32-1.41-.06-.14-.06-.31.01-.46zm-7.18 4.55c-2.62 0-4.78-1.88-4.9-4.68l-.11-2.86-.02-.3c0-.06 0-.11.01-.16 0-.01 0-.01 0-.02 0-.05.01-.1.02-.14 0-.01 0-.01 0-.02.01-.04.02-.09.03-.13 0 0 0 0 0-.01.02-.04.03-.09.05-.13v-.01c.01-.03.02-.07.04-.11s.03-.07.05-.1c0 0 0 0 0-.01.02-.03.04-.06.06-.1 0 0 0-.01.01-.01.02-.03.03-.05.05-.07l.01-.01c.02-.03.04-.05.06-.07l.01-.01c.01-.02.03-.05.05-.07.03-.01.04-.03.06-.05s.04-.04.06-.05c0 0 .01 0 .01-.01.02-.02.04-.03.06-.04 0 0 .01 0 .01-.01.01-.01.03-.02.04-.02h.01c.02-.01.03-.02.05-.03h.01c.01-.02.03-.03.04-.04.03-.01.07-.03.1-.04.52-.24.96-.66 1.18-1.22l.08-.19c.08-.19.34-.22.46-.06.71 1.04 1.88 1.66 3.14 1.66h3.17.02.01.02.01.01.02.01.02.03.01c.01 0 .02 0 .03.01h.01c.01 0 .02.01.03.01h.01c.01 0 .02.01.03.01h.01c.01 0 .02.01.03.01h.01c.01 0 .03.01.04.01h.01c.01.01.03.01.04.02h.01c.01.01.03.01.04.02 0 0 .01 0 .01.01.01 0 .02 0 .03.01 0 0 .01 0 .01.01.01.01.03.02.04.03 0 0 .01 0 .01.01.01.01.03.02.04.03 0 0 .01 0 .01.01.01.01.03.02.04.03v.01c.01.01.03.03.04.04h.01c.01.01.03.03.04.04.01.02.03.03.04.05s.03.04.04.06c.15.2.26.52.26.97l-.12 3.01c-.08 2.83-2.24 4.71-4.86 4.71z"" fill=""#212121""/><path d=""m16.01 15.5c-2.94 0-5.61 1.15-7.58 3.02-2.11 2.01-2.43 4.84-2.43 7.98v3.5h2 15.5 2.5v-3.5c0-3.26-.42-6.19-2.67-8.21-1.95-1.73-4.51-2.79-7.32-2.79z"" fill=""#533566""/><g fill=""#321b41""><path d=""m15.98 29.99h.04c4.71-2.19 5.39-7.5 5.48-9.05.01-.23-.17-.43-.4-.43h-.54c-.12 0-.22-.1-.21-.22.01-.36.01-1.01 0-1.73 0-.39 0-.81 0-1.21 0-.62-.42-1.16-1.02-1.35-1.04-.33-2.16-.51-3.32-.51h-.02c-1.16 0-2.28.18-3.32.51-.6.19-1.02.73-1.02 1.35v1.21c-.01.73-.01 1.37 0 1.73.01.12-.09.22-.21.22h-.54c-.23 0-.41.2-.4.43.09 1.55.77 6.86 5.48 9.05z""/><path d=""m9 18c-2.43 2.03-4 5.09-3.99 8.5l.02 3.5h3.97z""/><path d=""m23 18v12h4l-.01-3.51c0-3.41-1.54-6.47-3.99-8.49z""/></g><path d=""m13.25 16.53v5.22c0 2.98.97 5.87 2.75 8.25 1.79-2.38 2.75-5.33 2.75-8.31v-5.22z"" fill=""#d3d3d3""/><path d=""m18.74 14.5h-2.74-2.75v2.56c0 1.29.55 2.52 1.52 3.38.09.09.24.07.32-.04l.91-1.72.91 1.72c.07.11.22.12.32.04.96-.85 1.52-2.09 1.52-3.38v-2.56z"" fill=""#f4f4f4""/><path d=""m16 19c-1.11 0-2-.83-2-1.85v-2.31c0-1.01.89-1.84 2-1.84s2 .83 2 1.85v2.31c-.01 1.01-.9 1.84-2 1.84z"" fill=""#f4c6ad""/><g fill=""#321b41""><path d=""m15.99 18.04c-.25 0-.47.12-.6.3l-1.16-.8c-.22-.15-.53.01-.53.28v1.93c0 .27.31.44.53.28l1.16-.8c.13.19.35.31.6.31.26 0 .48-.13.62-.32l1.18.81c.22.16.53-.01.53-.28v-1.93c0-.27-.31-.43-.53-.28l-1.18.82c-.14-.19-.36-.32-.62-.32z""/><path d=""m16.01 23.28c.28 0 .5-.22.5-.5s-.22-.5-.5-.5-.5.22-.5.5.22.5.5.5z""/><path d=""m16.01 26.43c.28 0 .5-.22.5-.5s-.22-.5-.5-.5-.5.22-.5.5.22.5.5.5z""/></g><path d=""m19.91 7.36h-3.17c-1.26 0-2.44-.63-3.15-1.66-.12-.17-.37-.14-.45.06l-.08.19c-.23.55-.66.97-1.19 1.21-.03.01-.07.03-.1.04-.23.12-.78.48-.8 1.43l.13 3.16c.12 2.8 2.28 4.68 4.9 4.68s4.78-1.88 4.9-4.68l.12-3.01c0-1.33-.93-1.42-1.11-1.42z"" fill=""#ffd7c2""/><path d=""m13.4 9.2c.55 0 1.01.39 1.3.82-.23.07-.45.13-.67.2-.45.12-.88.25-1.33.41l-.48-.43c-.19-.18-.18-.5.04-.65.31-.23.74-.35 1.14-.35z"" fill=""#000000""/><path d=""m18.61 9.2c-.56 0-1.02.39-1.3.82.24.08.48.15.72.21.43.13.84.25 1.28.4l.48-.43c.19-.18.18-.5-.04-.65-.31-.23-.74-.35-1.14-.35z"" fill=""#000000""/><path d=""m13.57 9.3c-.66 0-1.21.45-1.36 1.05-.04.17.1.34.28.34h2.22c.14 0 .26-.13.23-.26-.13-.65-.69-1.13-1.37-1.13z"" fill=""#ffffff""/><path d=""m18.43 9.3c.66 0 1.21.45 1.36 1.05.04.17-.1.34-.27.34h-2.22c-.14 0-.26-.13-.23-.26.12-.65.69-1.13 1.36-1.13z"" fill=""#ffffff""/><path d=""m12.88 10.46c0-.5.4-.89.89-.89.5 0 .89.39.89.89 0 .07 0 .16-.03.23h-1.72c-.02-.07-.03-.15-.03-.23z"" fill=""#7d4533""/><path d=""m19.12 10.46c0-.5-.4-.89-.89-.89-.5 0-.89.39-.89.89 0 .08.01.16.03.23h1.72c.02-.07.03-.15.03-.23z"" fill=""#7d4533""/><path d=""m13.77 9.94c.28 0 .51.23.51.52 0 .08-.02.16-.07.23h-.9c-.04-.07-.06-.15-.06-.23 0-.29.23-.52.52-.52z"" fill=""#000000""/><path d=""m18.23 9.94c-.28 0-.51.23-.51.52 0 .08.02.16.07.23h.9c.04-.07.06-.15.06-.23 0-.29-.23-.52-.52-.52z"" fill=""#000000""/><g fill=""#e5af93""><path d=""m13.63 10.11c0 .08-.07.16-.16.16s-.16-.08-.16-.16c0-.09.07-.17.16-.17s.16.08.16.17z""/><path d=""m18.09 10.11c0 .08-.07.16-.16.16s-.16-.08-.16-.16c0-.09.07-.17.16-.17s.16.08.16.17z""/><path d=""m15.65 10.29l-.49 1.74c-.1.35.14.72.48.72h.73c.35 0 .59-.37.49-.72l-.5-1.74c-.1-.39-.59-.39-.71 0z""/></g><path d=""m16 13.71c-.55 0-1.07-.14-1.51-.39-.15-.08-.3.1-.21.25.36.58 1 .98 1.72.98s1.36-.4 1.72-.98c.1-.15-.07-.32-.21-.25-.45.25-.96.39-1.51.39z"" fill=""#990838""/><path d=""m19.4 8.65c.04.03.08.04.13.04.1 0 .18-.05.23-.15.08-.13.04-.29-.1-.37-.02-.01-.89-.5-1.89-.32-.15.03-.25.17-.22.32s.17.24.32.21c.73-.13 1.4.2 1.51.26.01.01.02.01.02.01z"" fill=""#212121""/><path d=""m12.23 8.55c.06.09.14.14.24.14.05 0 .09-.01.13-.03.01-.01.73-.41 1.53-.27.16.03.29-.07.31-.22.03-.14-.08-.28-.22-.31-.95-.18-1.79.27-1.89.32-.13.08-.17.24-.1.37z"" fill=""#212121""/></svg>"
6a10a30f5106b16c5a03380efb724236,"<svg xmlns=""http://www.w3.org/2000/svg"" viewBox=""0.0 0.0 200.0 200.0"" height=""200.0px"" width=""200.0px""><path fill=""#E5E5E5"" fill-opacity=""1.0""  filling=""0"" d=""M149.78500366210938 57.34400177001953 C167.12899780273438 57.34400177001953 181.21099853515625 71.7969970703125 181.21099853515625 89.06199645996094 C181.21099853515625 105.25399780273438 168.6719970703125 118.75 152.87100219726562 120.29299926757812 L49.14099884033203 120.29299926757812 C31.40599822998047 117.79299926757812 18.770004272460938 102.26599884033203 18.770004272460938 83.94499969482422 C18.770004272460938 66.7770004272461 30.625 52.422000885009766 46.62099838256836 48.57400131225586 C51.83599853515625 29.785003662109375 69.56999969482422 15.410003662109375 90.0 15.410003662109375 C114.68800354003906 15.410003662109375 134.06199645996094 36.03499984741211 134.06199645996094 60.43000030517578 C134.06199645996094 61.01599884033203 133.96499633789062 61.48400115966797 133.96499633789062 62.167999267578125 C138.61300659179688 59.472999572753906 144.00399780273438 57.34400177001953 149.78500366210938 57.34400177001953 Z""></path>
<path fill=""#B3E2FF"" fill-opacity=""1.0""  filling=""0"" d=""M96.46499633789062 152.67599487304688 C95.58599853515625 152.67599487304688 94.68800354003906 152.47999572753906 93.8280029296875 152.07000732421875 C90.83999633789062 150.60499572753906 89.58999633789062 147.01199340820312 91.03500366210938 144.00399780273438 L98.08599853515625 129.51199340820312 C99.5510025024414 126.52300262451172 103.1449966430664 125.27300262451172 106.1520004272461 126.71900177001953 C109.16000366210938 128.16400146484375 110.39099884033203 131.77699279785156 108.94499969482422 134.78500366210938 L101.8949966430664 149.27699279785156 C100.85900115966797 151.44500732421875 98.71099853515625 152.67599487304688 96.46499633789062 152.67599487304688 Z M96.46499633789062 184.58999633789062 C95.58599853515625 184.58999633789062 94.68800354003906 184.39500427246094 93.8280029296875 183.98399353027344 C90.83999633789062 182.52000427246094 89.58999633789062 178.92599487304688 91.03500366210938 175.91799926757812 L98.08599853515625 161.42599487304688 C99.5510025024414 158.43800354003906 103.1449966430664 157.18800354003906 106.1520004272461 158.63299560546875 C109.16000366210938 160.0780029296875 110.39099884033203 163.6909942626953 108.94499969482422 166.69900512695312 L101.8949966430664 181.1909942626953 C100.85900115966797 183.33999633789062 98.71099853515625 184.58999633789062 96.46499633789062 184.58999633789062 Z""></path></svg>"
e3ff37b0428b939fe5e6d2206eb44c50,"<svg xmlns=""http://www.w3.org/2000/svg"" viewBox=""0.0 0.0 200.0 200.0"" height=""200.0px"" width=""200.0px""><path fill=""#5F7CF9"" fill-opacity=""1.0""  filling=""0"" d=""M14.814842224121094 100.0 A85.1851577758789 85.1851577758789 0.0 1 0 185.18515014648438 100.0 A85.1851577758789 85.1851577758789 0.0 1 0 14.814842224121094 100.0 Z""></path>
<path fill=""#204DE0"" fill-opacity=""1.0""  filling=""0"" d=""M49.259178161621094 100.0 A51.11113357543945 51.11113357543945 0.0 1 0 151.4814453125 100.0 A51.11113357543945 51.11113357543945 0.0 1 0 49.259178161621094 100.0 Z""></path>
<path fill=""#F48787"" fill-opacity=""1.0""  filling=""0"" d=""M76.66659545898438 100.0 A23.703710556030273 23.703710556030273 0.0 1 0 124.07402038574219 100.0 A23.703710556030273 23.703710556030273 0.0 1 0 76.66659545898438 100.0 Z""></path></svg>"
3e5e60d596b309856a54fb4a70f7d0fb,"<svg xmlns=""http://www.w3.org/2000/svg"" viewBox=""0.0 0.0 200.0 200.0"" height=""200.0px"" width=""200.0px""><path fill=""#CFF6FF"" fill-opacity=""1.0""  filling=""0"" d=""M142.85723876953125 70.0 C141.85723876953125 70.0 141.0 70.0 140.0 70.14277648925781 C133.71426391601562 53.285743713378906 117.57148742675781 41.42852020263672 98.57148742675781 41.42852020263672 C74.14277648925781 41.42852020263672 54.28573989868164 61.28573989868164 54.28573989868164 85.7142562866211 C54.28573989868164 87.42851257324219 54.42851638793945 89.14277648925781 54.57148742675781 90.85722351074219 C52.14277648925781 90.2857437133789 49.714256286621094 90.0 47.14277267456055 90.0 C28.142776489257812 90.0 12.857231140136719 105.28573608398438 12.857231140136719 124.2857437133789 C12.857231140136719 143.28573608398438 28.142776489257812 158.57147216796875 47.14277267456055 158.57147216796875 L142.85723876953125 158.57147216796875 C167.28573608398438 158.57147216796875 187.1427764892578 138.71424865722656 187.1427764892578 114.2857437133789 C187.1427764892578 89.85722351074219 167.28573608398438 70.0 142.85723876953125 70.0 Z""></path></svg>"
281f7a7bbedcc3dabe56c34309ce0bf7,"<svg height=""128"" viewBox=""0 0 17 17"" width=""128"" xmlns=""http://www.w3.org/2000/svg""><g fill=""#434343"" fill-rule=""evenodd"" transform=""translate(.995 2.98)""><circle cx=""7.958"" cy=""6.958"" r=""2.958""/><path d=""m14.67 2.04h-3.72l-1.01-2.01h-3.94l-1 2.01h-3.67c-.73 0-1.33.6-1.33 1.34v7.25c0 .73.6 1.33 1.33 1.33h13.34c.73 0 1.33-.6 1.33-1.33v-7.25c0-.74-.6-1.34-1.33-1.34zm-7.72-1.07h2.1v1.06h-2.1zm1.05 10.06c-2.24 0-4.05-1.81-4.05-4.04 0-2.24 1.81-4.05 4.05-4.05s4.06 1.81 4.06 4.05c0 2.23-1.82 4.04-4.06 4.04zm6-7h-2.05v-1.06h2.05z""/></g></svg>"
d85928edea1d03e330c870425e4ca375,"<svg xmlns=""http://www.w3.org/2000/svg"" viewBox=""0.0 0.0 200.0 200.0"" height=""200.0px"" width=""200.0px""><path fill=""#000000"" fill-opacity=""1.0""  filling=""0"" d=""M43.75 181.25 L43.75 168.75 L93.75 168.75 L93.75 143.40625 A56.30624771118164 56.30624771118164 0.0 0 1 46.90625 106.125 A37.5 37.5 0.0 0 1 12.5 68.75 L12.5 37.5 L43.75 37.5 L43.75 25.0 L156.25 25.0 L156.25 37.5 L187.5 37.5 L187.5 68.75 A37.5 37.5 0.0 0 1 153.09375 106.125 A56.30624771118164 56.30624771118164 0.0 0 1 106.25 143.40625 L106.25 168.75 L156.25 168.75 L156.25 181.25 L43.75 181.25 Z M43.75 50.0 L25.0 50.0 L25.0 68.75 A25.01249885559082 25.01249885559082 0.0 0 0 43.75 92.96249389648438 L43.75 50.0 Z M175.0 50.0 L156.25 50.0 L156.25 92.96249389648438 A25.01249885559082 25.01249885559082 0.0 0 0 174.96875 70.03750610351562 L175.0 68.75 L175.0 50.0 Z""></path></svg>"
3f93cf9a13f935ddbe2ca7a3a4ecaf44,"<svg xmlns=""http://www.w3.org/2000/svg"" viewBox=""0.0 0.0 200.0 200.0"" height=""200.0px"" width=""200.0px""><path fill=""#2D3545"" fill-opacity=""1.0""  filling=""0"" d=""M137.33338928222656 160.0 L60.000003814697266 160.0 C52.0 160.0 45.333396911621094 157.33340454101562 40.666603088378906 152.66659545898438 C35.333396911621094 147.33340454101562 33.333396911621094 139.33340454101562 33.333396911621094 130.0 C34.0 117.33340454101562 41.33340072631836 93.3333969116211 47.333396911621094 82.0 C64.0 48.666603088378906 84.0 37.33340072631836 116.6666030883789 40.666603088378906 C146.66659545898438 43.33340072631836 171.33340454101562 68.6666030883789 173.33340454101562 98.6666030883789 C175.33338928222656 124.0 162.0 148.66659545898438 139.33340454101562 160.0 L137.33338928222656 160.0 Z M105.99999237060547 46.66659927368164 C81.3333969116211 46.66659927368164 67.33340454101562 57.333396911621094 52.666603088378906 85.33340454101562 C47.333396911621094 96.0 39.999996185302734 118.6666030883789 39.999996185302734 130.66659545898438 C39.333396911621094 138.66661071777344 41.33340072631836 144.66659545898438 45.333396911621094 148.66659545898438 C48.666603088378906 151.33340454101562 53.333396911621094 153.33340454101562 60.000003814697266 153.33340454101562 L136.66659545898438 153.33340454101562 C156.66659545898438 142.66659545898438 168.66659545898438 121.3333969116211 166.66659545898438 98.6666030883789 C164.66659545898438 72.0 142.66659545898438 49.33340072631836 116.0 46.66659927368164 L105.99999237060547 46.66659927368164 Z""></path>
<path fill=""#2D3545"" fill-opacity=""1.0""  filling=""0"" d=""M39.999996185302734 133.33340454101562 C38.66660690307617 133.33340454101562 37.33340072631836 132.66659545898438 36.666603088378906 131.33340454101562 C36.0 129.33340454101562 37.33340072631836 128.0 38.66660690307617 127.33340454101562 L102.0 107.3333969116211 C111.3333969116211 104.6666030883789 114.0 98.6666030883789 113.33340454101562 94.6666030883789 C112.66661071777344 91.33340454101562 110.0 87.3333969116211 104.0 87.3333969116211 L53.333396911621094 87.3333969116211 C51.333396911621094 87.3333969116211 50.0 86.0 50.0 84.0 C50.0 82.0 51.333396911621094 80.0 53.333396911621094 80.0 L104.0 80.0 C112.0 80.0 118.6666030883789 85.33340454101562 120.0 93.3333969116211 C121.3333969116211 100.0 117.33340454101562 109.3333969116211 104.0 113.33340454101562 L40.666603088378906 133.33340454101562 L39.999996185302734 133.33340454101562 Z M70.0 146.66659545898438 L43.33340072631836 146.66659545898438 C41.33340072631836 146.66659545898438 39.999996185302734 145.33340454101562 39.999996185302734 143.33340454101562 C39.999996185302734 141.33340454101562 41.33340072631836 140.0 43.33340072631836 140.0 L70.0 140.0 C72.0 140.0 73.33340454101562 141.33340454101562 73.33340454101562 143.33340454101562 C73.33340454101562 145.33340454101562 72.0 146.66659545898438 70.0 146.66659545898438 Z M136.66659545898438 80.0 L135.33340454101562 80.0 C134.0 79.33340454101562 133.33340454101562 78.0 133.33340454101562 76.66659545898438 C133.33340454101562 74.6666030883789 132.0 72.6666030883789 128.66659545898438 70.66659545898438 C113.33340454101562 61.33340072631836 74.0 62.0 64.66659545898438 66.6666030883789 C63.333396911621094 67.33340454101562 61.33340072631836 66.6666030883789 60.000003814697266 65.3333969116211 C59.333396911621094 63.333396911621094 60.000003814697266 61.33340072631836 62.0 60.666603088378906 C74.0 54.666603088378906 116.0 55.33340072631836 132.66659545898438 65.3333969116211 C136.0 67.33340454101562 138.0 70.0 139.33340454101562 72.0 C146.66659545898438 68.0 158.0 66.6666030883789 160.0 66.6666030883789 C162.0 66.6666030883789 163.33340454101562 68.0 163.33340454101562 70.0 C163.33340454101562 72.0 162.0 73.33340454101562 160.0 73.33340454101562 C153.33340454101562 74.0 142.0 76.0 138.66661071777344 79.33340454101562 C138.66661071777344 80.0 137.33338928222656 80.0 136.66659545898438 80.0 Z""></path></svg>"
7b4a2d22-bc7e-4231-b39c-2c9c075d0d99,"<svg height=""128"" viewBox=""0 0 36 36"" width=""128"" xmlns=""http://www.w3.org/2000/svg""><g fill=""#e1e8ed""><circle cx=""4.5"" cy=""25.5"" r=""4.5""/><circle cx=""25.5"" cy=""20.5"" r=""5.5""/><circle cx=""31"" cy=""26.5"" r=""5""/><circle cx=""12"" cy=""24"" r=""5""/><path d=""m33 30c-1.66 0-3 1.34-3 3h-24c0-1.66-1.34-3-3-3s-3 1.34-3 3 1.34 3 3 3h29v-.18c.31.11.65.18 1 .18 1.66 0 3-1.34 3-3s-1.34-3-3-3z""/><path d=""m0 25.5h9v7.5h-9zm20-2.5h9v4h-9zm11 3.5h5v6.5h-5z""/></g><path d=""m31 36v-4.5c0-3.31-3.56-5.5-6.88-5.5h-12c-3.31 0-7.12 2.19-7.12 5.5v4.5z"" fill=""#7c533e""/><path d=""m17.95 3.98c4.11 0 10.95 2.05 10.95 10.95s0 10.95-2.05 10.95-4.79-2.05-8.9-2.05-6.79 2.05-8.9 2.05c-2.29 0-2.05-8.21-2.05-10.95 0-8.89 6.84-10.95 10.95-10.95"" fill=""#0b0200""/><path d=""m14.5 26c1 1.98 2.79 4.5 3.5 4.5s2.51-2.55 3.5-4.5v-3.59h-7z"" fill=""#7c533e""/><path d=""m14.32 24.09c1.02 1.16 2.29 1.47 3.67 1.47s2.65-.31 3.67-1.47v-2.94h-7.34z"" fill=""#664131""/><path d=""m9.73 14.63c0-5.83 3.68-10.56 8.21-10.56s8.21 4.73 8.21 10.56-3.68 10.29-8.21 10.29c-4.54 0-8.21-4.45-8.21-10.29"" fill=""#7c533e""/><path d=""m17.95 22.45c-1.61 0-2.45-.79-2.54-.89-.27-.27-.27-.7 0-.97s.69-.27.96-.01c.04.03.55.49 1.58.49 1.04 0 1.56-.47 1.58-.49.27-.26.7-.25.96.02s.26.69 0 .96c-.09.09-.93.89-2.54.89"" fill=""#df1f32""/><path d=""m7.74 17.91c-.02-1-.04-.22-.04-.47 0-3.42 2.05.49 2.05-1.94 0-2.44 1.37-2.68 2.74-4.05.68-.69 2.05-2.03 2.05-2.03s3.42 2.07 6.16 2.07 5.47 1.38 5.47 4.11c0 2.74 2.05-1.58 2.05 1.84 0 .24-.02-.53-.04.47h.72c.01-2 .01-1.92.01-3.2-.01-8.9-6.85-12.21-10.96-12.21-4.1 0-10.94 3.26-10.94 12.15 0 .79-.02 1.26.01 3.26z"" fill=""#0b0200""/><path d=""m14.61 16.8c-.47 0-.85-.38-.85-.85v-.85c0-.47.38-.85.85-.85s.85.38.85.85v.85c0 .47-.38.85-.85.85m6.77 0c-.47 0-.85-.38-.85-.85v-.85c0-.47.38-.85.85-.85s.85.38.85.85v.85c0 .47-.38.85-.85.85""/><path d=""m18.84 19.41h-1.69c-.23 0-.42-.19-.42-.42v-.15c0-.23.19-.42.42-.42h1.69c.23 0 .42.19.42.42v.15c0 .23-.19.42-.42.42"" fill=""#3d2e24""/><path d=""m9.75 31.5v4.5h11.5v-.5h5v-4z"" fill=""#9266cc""/><path d=""m19.25 31.5c2 1 2 4 2 4v.5h1v-.5h3v-4z"" fill=""#a47de2""/><path d=""m20.25 31.5c2 1 2 4 2 4v.5h4v-4.5z"" fill=""#744eaa""/><path d=""m20.25 31.5h-10.5v1h11.62c-.28-.4-.64-.76-1.12-1z"" fill=""#744eaa""/><path d=""m20.37 32.5h1c-.28-.4-.64-.76-1.12-1h-1c.48.24.84.6 1.12 1z"" fill=""#9266cc""/><path d=""m20.25 31.5c.48.24.84.6 1.12 1h4.88v-1z"" fill=""#553788""/><path d=""m32 28c-2.98 0-5.44 2.17-5.91 5.01-.03 0-.06-.01-.09-.01-2.05 0-3.81 1.24-4.58 3h11.58c1.65 0 3-1.35 3-3v-3.46c-1.06-.96-2.46-1.54-4-1.54zm-18.42 8c-.77-1.76-2.53-3-4.58-3-.78 0-1.51.19-2.17.51.1-.32.17-.66.17-1.01 0-1.93-1.57-3.5-3.5-3.5-1.76 0-3.2 1.31-3.45 3h-.05v1c0 1.65 1.35 3 3 3z"" fill=""#ffffff"" opacity="".7""/></svg>"
d708199af57645920649bf70701ad00b,"<svg xmlns=""http://www.w3.org/2000/svg"" viewBox=""0.0 0.0 200.0 200.0"" height=""200.0px"" width=""200.0px""><path fill=""#020202"" fill-opacity=""1.0""  filling=""0"" d=""M133.78182983398438 178.82421875 C113.88066101074219 178.82421875 97.74765014648438 162.69102478027344 97.74765014648438 142.7902374267578 C97.74765014648438 122.88906860351562 113.88066101074219 106.75605773925781 133.78182983398438 106.75605773925781 C153.6828155517578 106.75605773925781 169.81561279296875 122.88906860351562 169.81561279296875 142.7902374267578 C169.81561279296875 162.69102478027344 153.6828155517578 178.82421875 133.78182983398438 178.82421875 Z M154.1544952392578 124.0902328491211 L127.08183288574219 151.16250610351562 L111.15703582763672 135.2375030517578 L104.787109375 141.607421875 L127.08183288574219 163.90234375 L160.5244140625 130.4601593017578 L154.1544952392578 124.0902328491211 Z M104.9244155883789 111.26054382324219 L48.201560974121094 111.26054382324219 L48.201560974121094 120.26893615722656 L97.44706726074219 120.26893615722656 C94.90019989013672 124.36933898925781 93.0042953491211 128.91151428222656 91.9599609375 133.7814483642578 L48.201560974121094 133.7814483642578 L48.201560974121094 142.7902374267578 L90.99179077148438 142.7902374267578 C90.99179077148438 151.06503295898438 93.3798828125 158.76385498046875 97.4468765258789 165.3113250732422 L39.192771911621094 165.3113250732422 C34.21757507324219 165.3113250732422 30.18437957763672 161.27813720703125 30.18437957763672 156.302734375 L30.18437957763672 30.184181213378906 C30.18437957763672 25.208984375 34.21757507324219 21.17578125 39.192771911621094 21.17578125 L131.53009033203125 21.17578125 L151.798828125 41.444923400878906 L151.798828125 104.01835632324219 C146.31698608398438 101.46601104736328 140.2275390625 99.99980163574219 133.7820281982422 99.99980163574219 C122.6460952758789 99.99980163574219 112.537109375 104.28926086425781 104.9244155883789 111.26054382324219 Z M48.201560974121094 97.7474594116211 L133.7820281982422 97.7474594116211 L133.7820281982422 88.7392578125 L48.201560974121094 88.7392578125 L48.201560974121094 97.7474594116211 Z M48.201560974121094 75.2265625 L133.7820281982422 75.2265625 L133.7820281982422 66.21797180175781 L48.201560974121094 66.21797180175781 L48.201560974121094 75.2265625 Z M115.76465606689453 43.696678161621094 L48.201560974121094 43.696678161621094 L48.201560974121094 52.70527648925781 L115.76484680175781 52.70527648925781 L115.76484680175781 43.696678161621094 L115.76465606689453 43.696678161621094 Z M127.025390625 25.679885864257812 L127.025390625 45.94882583618164 L147.29452514648438 45.94882583618164 L127.025390625 25.679885864257812 Z""></path></svg>"
3882854a55bd3395269935f3dfaf0e04,"<svg fill=""none"" height=""128"" viewBox=""0 0 16 16"" width=""128"" xmlns=""http://www.w3.org/2000/svg"" xmlns:xlink=""http://www.w3.org/1999/xlink""><linearGradient id=""a"" gradientUnits=""userSpaceOnUse"" x1=""7.563"" x2=""4.262"" y1=""3.241"" y2=""6.654""><stop offset="".18"" stop-color=""#0052cc""/><stop offset=""1"" stop-color=""#2684ff""/></linearGradient><linearGradient id=""b"" gradientUnits=""userSpaceOnUse"" x1=""216.055"" x2=""331.647"" y1=""490.616"" y2=""413.158""><stop offset="".18"" stop-color=""#0052cc""/><stop offset=""1"" stop-color=""#2684ff""/></linearGradient><path d=""m15.81 7.55-7.12-6.88-.69-.67-5.36 5.18-2.45 2.37a.62.62 0 0 0 -.19.45c0 .17.07.33.19.45l4.89 4.74 2.92 2.81 5.36-5.18.08-.08 2.37-2.29a.62.62 0 0 0 .19-.45.62.62 0 0 0 -.19-.45zm-7.81 2.82-2.45-2.37 2.45-2.36 2.45 2.36z"" fill=""#2684ff""/><path d=""m8 5.63a3.92 3.92 0 0 1 -1.21-2.8 3.92 3.92 0 0 1 1.19-2.81l-5.35 5.17 2.91 2.82z"" fill=""url(#a)""/><path d=""m10.45 7.99-2.45 2.38c.38.37.69.81.89 1.29a3.87 3.87 0 0 1 0 3.05c-.21.48-.51.92-.89 1.29l5.37-5.19-2.91-2.82z"" fill=""url(#b)""/></svg>"
73dc2a469ca2158870c301e1659e5cb3,"<svg xmlns=""http://www.w3.org/2000/svg"" viewBox=""0.0 0.0 200.0 200.0"" height=""200.0px"" width=""200.0px""><path fill=""#666666"" fill-opacity=""1.0""  filling=""0"" d=""M160.39999389648438 184.5 L126.60000610351562 184.5 C124.19999694824219 184.5 122.30000305175781 182.60000610351562 122.30000305175781 180.20001220703125 L122.30000305175781 137.10000610351562 L81.19999694824219 137.39999389648438 L81.0 180.20001220703125 C81.0 182.60000610351562 79.0999984741211 184.5 76.70000457763672 184.5 L42.900001525878906 184.5 C38.100006103515625 184.5 34.19999694824219 180.79998779296875 34.19999694824219 176.1999969482422 L34.69999694824219 96.5999984741211 L22.099998474121094 96.5999984741211 C18.0 96.5999984741211 14.5 94.30000305175781 13.199996948242188 90.69999694824219 C12.0 87.4000015258789 13.099998474121094 83.89999389648438 15.900001525878906 81.5999984741211 L95.20000457763672 16.699996948242188 C99.5999984741211 13.099998474121094 106.50000762939453 13.099998474121094 110.89999389648438 16.699996948242188 L190.1999969482422 81.5999984741211 C193.0 83.89999389648438 194.0 87.5 192.89999389648438 90.69999694824219 C191.60000610351562 94.30000305175781 188.10000610351562 96.5999984741211 184.0 96.5999984741211 L169.20001220703125 96.5999984741211 L169.20001220703125 176.1999969482422 C169.10000610351562 180.79998779296875 165.1999969482422 184.5 160.39999389648438 184.5 Z M160.5 175.89999389648438 L160.5 92.4000015258789 C160.5 91.30000305175781 161.0 90.19999694824219 161.8000030517578 89.4000015258789 C162.60000610351562 88.5999984741211 163.6999969482422 88.0999984741211 164.8000030517578 88.0999984741211 L184.3000030517578 88.0999984741211 L105.29999542236328 23.5 C104.0999984741211 22.5 101.69999694824219 22.5 100.5 23.5 L21.599998474121094 88.0 C21.699996948242188 88.0 21.900001525878906 88.0999984741211 22.0 88.0999984741211 L39.0 88.0999984741211 C40.10000228881836 88.0999984741211 41.20000076293945 88.5999984741211 42.099998474121094 89.4000015258789 C42.900001525878906 90.19999694824219 43.400001525878906 91.30000305175781 43.29999542236328 92.5 L42.79999542236328 176.0 L72.39999389648438 176.10000610351562 L72.39999389648438 137.3000030517578 C72.39999389648438 132.6999969482422 76.30000305175781 129.0 81.0999984741211 129.0 L122.09999084472656 129.0 C126.90000915527344 129.0 130.8000030517578 132.6999969482422 130.8000030517578 137.3000030517578 L130.8000030517578 176.10000610351562 L160.5 175.89999389648438 C160.39999389648438 175.89999389648438 160.5 175.89999389648438 160.5 175.89999389648438 Z""></path></svg>"
20d463daeb37810f910859c9e80bea4f,"<svg xmlns=""http://www.w3.org/2000/svg"" viewBox=""0.0 0.0 200.0 200.0"" height=""200.0px"" width=""200.0px""><path fill=""#4E65A8"" fill-opacity=""1.0""  filling=""0"" d=""M121.44499969482422 55.547000885009766 C121.44499969482422 41.71900177001953 110.19499969482422 30.46900177001953 96.36699676513672 30.46900177001953 C82.53900146484375 30.46900177001953 71.28900146484375 41.71900177001953 71.28900146484375 55.547000885009766 C71.28900146484375 69.375 82.53900146484375 80.625 96.36699676513672 80.625 C110.19499969482422 80.625 121.44499969482422 69.375 121.44499969482422 55.547000885009766 Z M96.36699676513672 73.61299896240234 C86.40599822998047 73.61299896240234 78.28099822998047 65.50800323486328 78.28099822998047 55.527000427246094 C78.28099822998047 45.547000885009766 86.38700103759766 37.441001892089844 96.36699676513672 37.441001892089844 C106.3280029296875 37.441001892089844 114.4530029296875 45.547000885009766 114.4530029296875 55.527000427246094 C114.4530029296875 65.50800323486328 106.3280029296875 73.61299896240234 96.36699676513672 73.61299896240234 Z M96.36699676513672 169.76600646972656 C110.19499969482422 169.76600646972656 121.44499969482422 158.51600646972656 121.44499969482422 144.68800354003906 C121.44499969482422 130.85899353027344 110.19499969482422 119.60900115966797 96.36699676513672 119.60900115966797 C82.53900146484375 119.60900115966797 71.28900146484375 130.85899353027344 71.28900146484375 144.68800354003906 C71.28900146484375 158.51600646972656 82.53900146484375 169.76600646972656 96.36699676513672 169.76600646972656 Z M96.36699676513672 126.60199737548828 C106.3280029296875 126.60199737548828 114.4530029296875 134.70700073242188 114.4530029296875 144.68800354003906 C114.4530029296875 154.66799926757812 106.3479995727539 162.7729949951172 96.36699676513672 162.7729949951172 C86.40599822998047 162.7729949951172 78.28099822998047 154.66799926757812 78.28099822998047 144.68800354003906 C78.28099822998047 134.70700073242188 86.38700103759766 126.60199737548828 96.36699676513672 126.60199737548828 Z M51.09400177001953 74.66799926757812 C37.26599884033203 74.66799926757812 26.01599884033203 85.91799926757812 26.01599884033203 99.74600219726562 C26.01599884033203 113.5739974975586 37.26599884033203 124.8239974975586 51.09400177001953 124.8239974975586 C64.9219970703125 124.8239974975586 76.1719970703125 113.5739974975586 76.1719970703125 99.74600219726562 C76.1719970703125 85.91799926757812 64.9219970703125 74.66799926757812 51.09400177001953 74.66799926757812 Z M51.09400177001953 117.83200073242188 C41.132999420166016 117.83200073242188 33.00799560546875 109.72699737548828 33.00799560546875 99.74600219726562 C33.00799560546875 89.76599884033203 41.112998962402344 81.66000366210938 51.09400177001953 81.66000366210938 C61.05500030517578 81.66000366210938 69.18000030517578 89.76599884033203 69.18000030517578 99.74600219726562 C69.18000030517578 109.72699737548828 61.07400131225586 117.83200073242188 51.09400177001953 117.83200073242188 Z M140.19500732421875 125.15599822998047 C154.0229949951172 125.15599822998047 165.2729949951172 113.90599822998047 165.2729949951172 100.0780029296875 C165.2729949951172 86.25 154.0229949951172 75.0 140.19500732421875 75.0 C126.36699676513672 75.0 115.11699676513672 86.25 115.11699676513672 100.0780029296875 C115.11699676513672 113.90599822998047 126.36699676513672 125.15599822998047 140.19500732421875 125.15599822998047 Z M140.19500732421875 81.99199676513672 C150.156005859375 81.99199676513672 158.281005859375 90.0979995727539 158.281005859375 100.0780029296875 C158.281005859375 110.05899810791016 150.156005859375 118.16400146484375 140.19500732421875 118.16400146484375 C130.23399353027344 118.16400146484375 122.10900115966797 110.05899810791016 122.10900115966797 100.0780029296875 C122.10900115966797 90.0979995727539 130.21499633789062 81.99199676513672 140.19500732421875 81.99199676513672 Z M82.69499969482422 100.0780029296875 C82.69499969482422 107.20700073242188 88.49600219726562 113.0270004272461 95.6449966430664 113.0270004272461 C102.79299926757812 113.0270004272461 108.59400177001953 107.22699737548828 108.59400177001953 100.0780029296875 C108.59400177001953 92.9489974975586 102.79299926757812 87.12899780273438 95.6449966430664 87.12899780273438 C88.49600219726562 87.12899780273438 82.69499969482422 92.93000030517578 82.69499969482422 100.0780029296875 Z M101.58200073242188 100.0780029296875 C101.58200073242188 103.35900115966797 98.90599822998047 106.03500366210938 95.625 106.03500366210938 C92.34400177001953 106.03500366210938 89.66799926757812 103.35900115966797 89.66799926757812 100.0780029296875 C89.66799926757812 96.7969970703125 92.34400177001953 94.12100219726562 95.625 94.12100219726562 C98.90599822998047 94.12100219726562 101.58200073242188 96.7969970703125 101.58200073242188 100.0780029296875 Z""></path>
<path fill=""#4E65A8"" fill-opacity=""1.0""  filling=""0"" d=""M187.30499267578125 174.4340057373047 C187.031005859375 172.52000427246094 185.23399353027344 171.22999572753906 183.32000732421875 171.5229949951172 C183.1840057373047 171.54299926757812 170.41000366210938 173.51600646972656 161.875 171.56199645996094 C156.6020050048828 170.37100219726562 153.0659942626953 164.68800354003906 151.46499633789062 161.54299926757812 C168.2030029296875 146.3280029296875 178.71099853515625 124.41400146484375 178.71099853515625 100.0780029296875 C178.71099853515625 82.34400177001953 173.1840057373047 66.01599884033203 163.6909942626953 52.52000045776367 L163.63299560546875 52.558998107910156 C162.98800659179688 51.69900131225586 162.031005859375 51.112998962402344 160.87899780273438 51.112998962402344 C158.94500732421875 51.112998962402344 157.38299560546875 52.67599868774414 157.38299560546875 54.60900115966797 C157.38299560546875 55.292999267578125 157.63699340820312 55.89799880981445 157.98800659179688 56.44499969482422 L157.92999267578125 56.48400115966797 C166.21099853515625 68.6719970703125 171.718994140625 84.2770004272461 171.718994140625 100.0979995727539 C171.718994140625 142.05099487304688 137.5780029296875 176.1909942626953 95.625 176.1909942626953 C53.672000885009766 176.1719970703125 19.53099822998047 142.031005859375 19.53099822998047 100.0780029296875 C19.53099822998047 58.125 53.672000885009766 23.98400115966797 95.625 23.98400115966797 C111.6989974975586 23.98400115966797 126.60199737548828 29.003997802734375 138.906005859375 37.53900146484375 L138.94500732421875 37.47999954223633 C139.55099487304688 37.96900177001953 140.2729949951172 38.30099868774414 141.11300659179688 38.30099868774414 C143.0469970703125 38.30099868774414 144.60899353027344 36.737998962402344 144.60899353027344 34.80500030517578 C144.60899353027344 33.652000427246094 144.0229949951172 32.69499969482422 143.16400146484375 32.050994873046875 L143.2030029296875 32.012001037597656 C129.57000732421875 22.246002197265625 113.63300323486328 16.99200439453125 95.625 16.99200439453125 C49.80500030517578 16.99200439453125 12.53900146484375 54.257999420166016 12.53900146484375 100.0780029296875 C12.53900146484375 145.8979949951172 49.80500030517578 183.16400146484375 95.625 183.16400146484375 C114.5510025024414 183.16400146484375 131.99200439453125 176.7969970703125 145.9770050048828 166.11300659179688 C148.41799926757812 170.44900512695312 153.08599853515625 176.75799560546875 160.31199645996094 178.3979949951172 C163.71099853515625 179.17999267578125 167.5780029296875 179.4340057373047 171.1719970703125 179.4340057373047 C178.02699279785156 179.4340057373047 184.0229949951172 178.49600219726562 184.39500427246094 178.43800354003906 C186.3090057373047 178.14500427246094 187.59800720214844 176.34800720214844 187.30499267578125 174.4340057373047 Z""></path></svg>"
55b63de07f0b268ffa77a8b03658e48a,"<svg xmlns=""http://www.w3.org/2000/svg"" viewBox=""0.0 0.0 200.0 200.0"" height=""200.0px"" width=""200.0px""><path fill="""" fill-opacity=""1.0""  filling=""0"" d=""M100.00410461425781 143.6125030517578 C60.87089920043945 143.6125030517578 29.033401489257812 111.7666015625 29.033401489257812 72.62910461425781 C29.033401489257812 33.5 60.87089920043945 1.6666030883789062 100.00410461425781 1.6666030883789062 A70.5 70.5 0.0 0 1 150.18341064453125 22.4541015625 A70.49589538574219 70.49589538574219 0.0 0 1 170.9665985107422 72.62910461425781 C170.9665985107422 111.7666015625 139.13339233398438 143.6125030517578 100.00410461425781 143.6125030517578 Z M100.01250457763672 10.0 C65.46659851074219 10.0 37.36660385131836 38.09589767456055 37.36660385131836 72.62910461425781 C37.36660385131836 107.17500305175781 65.46659851074219 135.27911376953125 100.00410461425781 135.27911376953125 C134.53749084472656 135.27911376953125 162.63339233398438 107.17500305175781 162.63339233398438 72.62910461425781 C162.63339233398438 38.09589767456055 134.54161071777344 10.0 100.01250457763672 10.0 Z M95.8291015625 136.9208984375 L104.16250610351562 136.9208984375 L104.16250610351562 197.50839233398438 L95.8291015625 197.50839233398438 L95.8291015625 136.9208984375 Z M80.17500305175781 175.2375030517578 L119.82089233398438 175.2375030517578 L119.82089233398438 183.57089233398438 L80.17500305175781 183.57089233398438 L80.17500305175781 175.2375030517578 Z""></path></svg>"
8bdc76a8-fe3c-44a4-a364-86fb8a7b30f9,"<svg xmlns=""http://www.w3.org/2000/svg"" viewBox=""0.0 0.0 200.0 200.0"" height=""200.0px"" width=""200.0px""><path fill=""#FB677E"" fill-opacity=""1.0""  filling=""0"" d=""M154.8000030517578 104.19999694824219 L42.92499923706055 114.4749984741211 L42.92499923706055 35.82499694824219 L154.8000030517578 35.82499694824219 L154.8000030517578 104.19999694824219 Z""></path>
<path fill=""#A16CF3"" fill-opacity=""1.0""  filling=""0"" d=""M98.8499984741211 172.60000610351562 L42.92499923706055 172.60000610351562 L42.92499923706055 114.4749984741211 L98.8499984741211 104.19999694824219 L98.8499984741211 172.60000610351562 Z""></path>
<path fill=""#479DF1"" fill-opacity=""1.0""  filling=""0"" d=""M154.8000030517578 172.60000610351562 L98.8499984741211 172.60000610351562 L98.8499984741211 104.19999694824219 L154.8000030517578 96.57499694824219 L154.8000030517578 172.60000610351562 Z""></path>
<path fill=""#FFFFFF"" fill-opacity=""1.0""  filling=""0"" d=""M148.4250030517578 12.324996948242188 L51.400001525878906 12.324996948242188 C29.349998474121094 12.324996948242188 11.474998474121094 30.150001525878906 11.474998474121094 52.20000076293945 L11.474998474121094 149.27499389648438 C11.474998474121094 171.3000030517578 29.349998474121094 189.14999389648438 51.400001525878906 189.14999389648438 L148.4250030517578 189.14999389648438 C170.47500610351562 189.14999389648438 188.35000610351562 171.27499389648438 188.35000610351562 149.27499389648438 L188.35000610351562 52.20000076293945 C188.375 30.150001525878906 170.5 12.324996948242188 148.4250030517578 12.324996948242188 Z M137.0749969482422 131.375 L136.97500610351562 131.375 C136.47500610351562 137.8000030517578 131.89999389648438 143.4250030517578 125.2750015258789 144.75 L119.69999694824219 145.875 C114.94999694824219 146.8249969482422 110.7249984741211 145.47500610351562 107.94999694824219 142.5749969482422 C105.82499694824219 140.3000030517578 104.55000305175781 137.1999969482422 104.55000305175781 133.5 C104.55000305175781 130.5500030517578 105.7249984741211 127.57499694824219 107.6500015258789 125.19999694824219 C107.75 125.0999984741211 107.8499984741211 124.94999694824219 107.94999694824219 124.8499984741211 C109.875 122.67500305175781 112.4000015258789 121.05000305175781 115.1500015258789 120.5 L125.4749984741211 118.42500305175781 C128.47500610351562 117.7750015258789 130.60000610351562 115.17500305175781 130.60000610351562 112.0999984741211 L130.60000610351562 74.5250015258789 C130.60000610351562 72.9000015258789 129.125 71.6500015258789 127.5 71.94999694824219 L83.92500305175781 80.875 C82.4000015258789 81.17500305175781 81.25 82.5 81.25 84.07499694824219 L81.25 139.6999969482422 L81.19999694824219 139.6999969482422 C81.6500015258789 146.9499969482422 76.75 153.5749969482422 69.44999694824219 155.0500030517578 L62.974998474121094 156.375 C55.17499923706055 157.9499969482422 48.75 152.72500610351562 48.75 144.72500610351562 L48.75 143.75 C48.75 137.8249969482422 53.5 132.0500030517578 59.275001525878906 130.875 L69.80000305175781 128.75 C72.69999694824219 128.14999389648438 74.7750015258789 125.5999984741211 74.7750015258789 122.625 L74.7750015258789 60.599998474121094 C74.7750015258789 58.17499923706055 76.5 56.04999923706055 78.875 55.625 L131.39999389648438 44.92499923706055 C134.35000610351562 44.32500076293945 137.0749969482422 46.599998474121094 137.0749969482422 49.625 L137.0749969482422 131.375 Z""></path></svg>"
6b65f7999301cb59cbf91807f8e0e3df,"<svg height=""128"" viewBox=""0 0 72 72"" width=""128"" xmlns=""http://www.w3.org/2000/svg""><path d=""m28.35 64.05a14.19 14.19 0 0 1 -9.08-25.08 1 1 0 0 1 1.63.9c-.71 5.38 5.12 9.11 5.18 9.15a1 1 0 0 1 -.53 1.85h-4.57a7.44 7.44 0 0 0 14.81-1v-26.87a8.91 8.91 0 1 1 6.75.23v26.64a14.2 14.2 0 0 1 -14.19 14.18zm11.1-51.33a2.16 2.16 0 1 0 2.16 2.16 2.17 2.17 0 0 0 -2.16-2.16z"" fill=""#9b9b9a""/><path d=""m25.55 49.87s-6.45-4.03-5.64-10.13a13.18 13.18 0 1 0 21.62 10.13v-27.36a7.91 7.91 0 1 0 -4.75-.18v27.54a8.44 8.44 0 1 1 -16.88 0h.83m20.57-32.42a3.16 3.16 0 1 1 1.31-2.57"" fill=""none"" stroke=""#000000"" stroke-linecap=""round"" stroke-linejoin=""round"" stroke-width=""2""/></svg>"
d755512b6a9f00a406ea8e3f270d047c,"<svg xmlns=""http://www.w3.org/2000/svg"" viewBox=""0.0 0.0 200.0 200.0"" height=""200.0px"" width=""200.0px""><path fill="""" fill-opacity=""1.0""  filling=""0"" d=""M100.0 15.9091796875 C50.0 15.9091796875 9.0908203125 50.454490661621094 9.0908203125 93.18183898925781 C9.0908203125 103.18183898925781 11.363670349121094 113.18183898925781 15.9091796875 122.72734832763672 C16.81816864013672 125.0 19.545509338378906 125.90918731689453 21.818161010742188 125.0 C24.0908203125 124.09081268310547 25.0 121.36367797851562 24.0908203125 119.0908203125 C20.0 110.4544906616211 18.181838989257812 101.81816864013672 18.181838989257812 93.18183898925781 C18.181838989257812 55.454490661621094 55.0 25.0 100.0 25.0 C145.0 25.0 181.8181610107422 55.454490661621094 181.8181610107422 93.18183898925781 C181.8181610107422 130.9091796875 145.0 161.36367797851562 100.0 161.36367797851562 C91.36367797851562 161.36367797851562 83.18183898925781 160.45448303222656 75.0 158.1818389892578 C74.0908203125 157.72735595703125 73.18183898925781 158.1818389892578 72.27265930175781 158.1818389892578 L33.18183135986328 172.72735595703125 L38.63632583618164 140.9091796875 C39.090824127197266 138.63632202148438 37.27265548706055 135.9091796875 35.0 135.45448303222656 C32.72734069824219 135.0 30.0 136.8181610107422 29.545509338378906 139.0908203125 L22.72734832763672 178.63632202148438 C22.72734832763672 180.45449829101562 23.181838989257812 181.8181610107422 24.545509338378906 183.18182373046875 C25.454490661621094 184.0908203125 26.363670349121094 184.0908203125 27.27265167236328 184.0908203125 C27.727340698242188 184.0908203125 28.181838989257812 184.0908203125 28.636322021484375 183.63632202148438 L73.6363296508789 167.27264404296875 C82.27265930175781 169.54550170898438 90.9091796875 170.45449829101562 99.5455093383789 170.45449829101562 C149.54550170898438 170.45449829101562 190.45449829101562 135.9091796875 190.45449829101562 93.18183898925781 C190.9091796875 50.454490661621094 150.0 15.9091796875 100.0 15.9091796875 Z""></path>
<path fill="""" fill-opacity=""1.0""  filling=""0"" d=""M117.72734069824219 95.4544906616211 C117.72734069824219 85.9091796875 110.0 78.6363296508789 100.90918731689453 78.6363296508789 C91.36367797851562 78.6363296508789 84.0908203125 86.3636703491211 84.0908203125 95.4544906616211 C84.0908203125 104.99999237060547 91.81816864013672 112.27265930175781 100.90918731689453 112.27265930175781 C110.4544906616211 112.27265930175781 117.72734069824219 104.99999237060547 117.72734069824219 95.4544906616211 Z M93.18183898925781 95.4544906616211 C93.18183898925781 90.9091796875 96.81816864013672 87.72734069824219 100.90918731689453 87.72734069824219 C104.99999237060547 87.72734069824219 108.6363296508789 91.36367797851562 108.6363296508789 95.4544906616211 C108.6363296508789 100.0 104.99999237060547 103.18183898925781 100.90918731689453 103.18183898925781 C96.81816864013672 103.18183898925781 93.18183898925781 100.0 93.18183898925781 95.4544906616211 Z M159.0908203125 95.4544906616211 C159.0908203125 85.9091796875 151.36367797851562 78.6363296508789 142.27264404296875 78.6363296508789 C133.1818389892578 78.6363296508789 125.45449829101562 86.3636703491211 125.45449829101562 95.4544906616211 C125.45449829101562 104.99999237060547 133.1818389892578 112.27265930175781 142.27264404296875 112.27265930175781 C151.36367797851562 112.27265930175781 159.0908203125 104.99999237060547 159.0908203125 95.4544906616211 Z M134.0908203125 95.4544906616211 C134.0908203125 90.9091796875 137.7273406982422 87.72734069824219 141.8181610107422 87.72734069824219 C145.9091796875 87.72734069824219 150.0 90.9091796875 150.0 95.4544906616211 C150.0 100.0 146.36367797851562 103.18183898925781 142.27264404296875 103.18183898925781 C138.1818389892578 103.18183898925781 134.0908203125 100.0 134.0908203125 95.4544906616211 Z M76.81816101074219 95.4544906616211 C76.81816101074219 85.9091796875 69.0908203125 78.6363296508789 60.000003814697266 78.6363296508789 C50.9091796875 78.6363296508789 42.72734451293945 85.9091796875 42.72734451293945 95.4544906616211 C42.72734451293945 104.99999237060547 50.454490661621094 112.27265930175781 59.54550552368164 112.27265930175781 C68.6363296508789 112.27265930175781 76.81816101074219 104.99999237060547 76.81816101074219 95.4544906616211 Z M51.81816101074219 95.4544906616211 C51.81816101074219 90.9091796875 55.454490661621094 87.72734069824219 59.54550552368164 87.72734069824219 C63.63632583618164 87.72734069824219 67.27265930175781 91.36367797851562 67.27265930175781 95.4544906616211 C67.27265930175781 100.0 63.63632583618164 103.18183898925781 59.54550552368164 103.18183898925781 C55.454490661621094 103.18183898925781 51.81816101074219 100.0 51.81816101074219 95.4544906616211 Z""></path></svg>"
ff4c2cae6fe0ac0bb40cb56c5d95b871,"<svg xmlns=""http://www.w3.org/2000/svg"" viewBox=""0.0 0.0 200.0 200.0"" height=""200.0px"" width=""200.0px""><path fill=""#4A90E2"" fill-opacity=""1.0""  filling=""0"" d=""M156.9530029296875 141.1269989013672 C156.13699340820312 139.1269989013672 153.68699645996094 138.1269989013672 151.64700317382812 139.1269989013672 L144.71299743652344 142.1269989013672 C142.67300415039062 142.927001953125 140.42999267578125 143.7270050048828 138.18299865722656 144.32699584960938 L151.4429931640625 109.30699920654297 A8.012999534606934 8.012999534606934 0.0 0 0 146.34300231933594 99.0999984741211 L136.9600067138672 95.9000015258789 L136.9600067138672 74.68299865722656 C136.9600067138672 70.28299713134766 133.2899932861328 66.68000030517578 128.8000030517578 66.68000030517578 L118.5999984741211 66.68000030517578 L118.5999984741211 58.67300033569336 C118.5999984741211 52.06999969482422 113.09300231933594 46.66699981689453 106.36000061035156 46.66699981689453 L94.12000274658203 46.66699981689453 C87.38700103759766 46.66699981689453 81.87999725341797 52.06999969482422 81.87999725341797 58.67300033569336 L81.87999725341797 66.68000030517578 L71.68000030517578 66.68000030517578 C67.19300079345703 66.68000030517578 63.52000045776367 70.27999877929688 63.52000045776367 74.68299865722656 L63.52000045776367 96.49700164794922 L55.77000045776367 99.09700012207031 C53.72999954223633 99.9000015258789 52.09700012207031 101.30000305175781 51.279998779296875 103.3030014038086 C50.46699905395508 105.3030014038086 50.2599983215332 107.50299835205078 51.08000183105469 109.50299835205078 L64.54000091552734 144.927001953125 C61.88999938964844 144.32699584960938 59.2400016784668 143.7270050048828 56.790000915527344 142.52699279785156 L49.0369987487793 139.1269989013672 C46.99700164794922 138.1269989013672 44.54999923706055 139.1269989013672 43.733001708984375 141.1269989013672 C42.7130012512207 143.1269989013672 43.733001708984375 145.52699279785156 45.77299880981445 146.32699584960938 L53.31999969482422 149.72999572753906 C58.01300048828125 151.72999572753906 62.707000732421875 152.92999267578125 67.80699920654297 153.33299255371094 L71.27300262451172 153.33299255371094 C75.96700286865234 153.33299255371094 80.65699768066406 152.5330047607422 85.14299774169922 151.13299560546875 C89.63300323486328 149.73300170898438 94.12000274658203 148.93299865722656 98.61000061035156 148.93299865722656 L102.0770034790039 148.93299865722656 C105.54299926757812 149.13299560546875 108.80999755859375 149.73300170898438 112.2770004272461 150.73300170898438 L113.7030029296875 151.13299560546875 C117.16999816894531 152.13299560546875 120.43699645996094 152.73300170898438 123.90299987792969 153.13299560546875 L125.12999725341797 153.13299560546875 C125.94300079345703 153.13299560546875 126.76300048828125 153.13299560546875 127.5770034790039 153.33299255371094 L129.61700439453125 153.33299255371094 C130.63699340820312 153.33299255371094 131.4499969482422 153.33299255371094 132.47300720214844 153.13299560546875 L132.67300415039062 153.13299560546875 L133.89999389648438 152.93299865722656 C138.7969970703125 152.33299255371094 143.6929931640625 151.13299560546875 148.17999267578125 149.13299560546875 L155.11300659179688 146.1300048828125 C156.9530029296875 145.52999877929688 157.97300720214844 143.1300048828125 156.9530029296875 141.1269989013672 Z M90.04000091552734 58.67300033569336 C90.04000091552734 56.472999572753906 91.87699890136719 54.67300033569336 94.12000274658203 54.67300033569336 L106.36000061035156 54.67300033569336 C108.60299682617188 54.67300033569336 110.44000244140625 56.472999572753906 110.44000244140625 58.67300033569336 L110.44000244140625 66.68000030517578 L90.04000091552734 66.68000030517578 L90.04000091552734 58.67300033569336 Z M129.0070037841797 145.52999877929688 L126.35299682617188 145.52999877929688 C125.94300079345703 145.52999877929688 125.33300018310547 145.52999877929688 124.9229965209961 145.3300018310547 C122.68000030517578 145.1300048828125 120.23300170898438 144.72999572753906 117.98999786376953 144.1300048828125 L116.55999755859375 143.72999572753906 C112.4800033569336 142.52699279785156 108.4000015258789 141.7270050048828 104.11699676513672 141.32699584960938 L104.11699676513672 93.29299926757812 L143.6929931640625 106.7030029296875 L129.0 145.5330047607422 L129.0070037841797 145.52999877929688 Z M71.677001953125 74.68299865722656 L128.8000030517578 74.68299865722656 L128.8000030517578 92.6969985961914 L109.41999816894531 86.08999633789062 C106.7699966430664 85.29000091552734 104.11699676513672 84.69000244140625 101.46299743652344 84.69000244140625 C98.81300354003906 84.69000244140625 96.16300201416016 85.08999633789062 93.51000213623047 86.08999633789062 L71.68000030517578 93.2969970703125 L71.68000030517578 74.68299865722656 L71.677001953125 74.68299865722656 Z M96.15699768066406 94.09700012207031 L96.15699768066406 141.32699584960938 C90.6500015258789 141.52699279785156 85.13999938964844 142.52699279785156 79.83699798583984 144.32699584960938 C77.7969970703125 144.927001953125 75.5530014038086 145.52699279785156 73.51300048828125 145.52699279785156 L58.62300109863281 106.7030029296875 L96.15699768066406 94.09700012207031 Z""></path></svg>"
54f48ef9b405c33b8169c8a91d06aed8,"<svg xmlns=""http://www.w3.org/2000/svg"" viewBox=""0.0 0.0 200.0 200.0"" height=""200.0px"" width=""200.0px""><path fill="""" fill-opacity=""1.0""  filling=""0"" d=""M83.3333969116211 33.333396911621094 L41.666603088378906 33.333396911621094 L41.666603088378906 166.66659545898438 L83.3333969116211 166.66659545898438 L83.3333969116211 33.333396911621094 Z M158.33340454101562 33.333396911621094 L116.6666030883789 33.333396911621094 L116.6666030883789 166.66659545898438 L158.33340454101562 166.66659545898438 L158.33340454101562 33.333396911621094 Z""></path></svg>"
thesantatitan_deepseek-svg-dataset_0001383,"<svg width=""100"" height=""100"" viewBox=""0 0 100 100"" xmlns=""http://www.w3.org/2000/svg"">
  <rect width=""100"" height=""100"" fill=""#000000""/>
  <defs>
    <linearGradient id=""petalGradient"" x1=""0%"" y1=""0%"" x2=""100%"" y2=""100%"">
      <stop offset=""0%"" style=""stop-color:#FFFFFF;stop-opacity:1""/>
      <stop offset=""100%"" style=""stop-color:#FF0000;stop-opacity:1""/>
    </linearGradient>
  </defs>
  <path d=""M50,50m-18,0a18,18 0 1,1 36,0a18,18 0 1,1-36,0"" fill=""url(#petalGradient)""/>
  <path d=""M50,50m-25,0a25,25 0 1,1 50,0a25,25 0 1,1-50,0"" fill=""url(#petalGradient)""/>
  <circle cx=""50"" cy=""50"" r=""18"" fill=""#FF0000""/>
  <path d=""M50,50m-28,0a28,28 0 1,1 56,0a28,28 0 1,1-56,0"" fill=""url(#petalGradient)""/>
</svg>"
259272d045228e1454dc73f20e4b21fe,"<svg height=""128"" viewBox=""0 0 256 256"" width=""128"" xmlns=""http://www.w3.org/2000/svg""><g fill=""none"" stroke=""#000000"" stroke-miterlimit=""10"" stroke-width=""8""><path d=""m51.83 35h152.33v213h-152.33z""/><path d=""m152.75 19h-12a11 11 0 0 0 -11-11h-3.5a11 11 0 0 0 -11 11h-11.5c-6.21 0-11.75 5-11.75 11.25v4.75h72v-4.75a11.25 11.25 0 0 0 -11.25-11.25z""/><circle cx=""88.25"" cy=""67.25"" r=""14.25""/><circle cx=""174.25"" cy=""76.25"" r=""14.25""/><circle cx=""82.25"" cy=""203.25"" r=""14.25""/><circle cx=""168.25"" cy=""220.25"" r=""14.25""/><path d=""m115.45 114.25 19.8 19.8""/><path d=""m135.25 114.25-20.5 20.5""/><path d=""m164.45 107.25 19.8 19.8""/><path d=""m184.25 107.25-20.5 20.5""/><path d=""m125.35 158c2.61 25.5 32.4 40.25 32.4 40.25""/><path d=""m118.05 173.6 6.92-15.62 13.89 9.95""/><path d=""m164.08 150.13 15.76-6.6 3.26 16.77""/><path d=""m105.75 196.75s47.5-.5 73.25-50.75""/></g></svg>"
92d0bad60d4a2ea751692cd033980c49,"<svg xmlns=""http://www.w3.org/2000/svg"" viewBox=""0.0 0.0 200.0 200.0"" height=""200.0px"" width=""200.0px""><path fill=""#333333"" fill-opacity=""1.0""  filling=""0"" d=""M190.66700744628906 95.33300018310547 L172.0 76.66699981689453 C170.66700744628906 75.33300018310547 170.0 73.66699981689453 170.0 72.0 L170.0 36.33300018310547 C170.0 32.66699981689453 167.0 29.66699981689453 163.33299255371094 29.66699981689453 L128.0 29.66699981689453 C126.33300018310547 29.66699981689453 124.66699981689453 29.0 123.33300018310547 27.66699981689453 L105.0 9.333000183105469 C102.33300018310547 6.666999816894531 98.33300018310547 6.666999816894531 95.66699981689453 9.333000183105469 L76.66699981689453 28.0 C75.33300018310547 29.33300018310547 73.66699981689453 30.0 72.0 30.0 L36.33300018310547 30.0 C32.66699981689453 30.0 29.66699981689453 33.0 29.66699981689453 36.66699981689453 L29.66699981689453 72.33300018310547 C29.66699981689453 74.0 29.0 75.66699981689453 27.66699981689453 77.0 L9.333000183105469 95.33300018310547 C6.666999816894531 98.0 6.666999816894531 102.0 9.333000183105469 104.66699981689453 L28.0 123.33300018310547 C29.33300018310547 124.66699981689453 30.0 126.33300018310547 30.0 128.0 L30.0 163.66700744628906 C30.0 167.33299255371094 33.0 170.33299255371094 36.66699981689453 170.33299255371094 L72.33300018310547 170.33299255371094 C74.0 170.33299255371094 75.66699981689453 171.0 77.0 172.33299255371094 L95.33300018310547 190.66700744628906 C98.0 193.33299255371094 102.0 193.33299255371094 104.66699981689453 190.66700744628906 L123.0 172.33299255371094 C124.33300018310547 171.0 126.0 170.33299255371094 127.66699981689453 170.33299255371094 L163.33299255371094 170.33299255371094 C167.0 170.33299255371094 170.0 167.33299255371094 170.0 163.66700744628906 L170.0 128.0 C170.0 126.33300018310547 170.66700744628906 124.66699981689453 172.0 123.33300018310547 L190.33299255371094 105.0 C193.33299255371094 102.0 193.33299255371094 98.0 190.66700744628906 95.33300018310547 Z M133.33299255371094 106.66699981689453 L66.66699981689453 106.66699981689453 C63.0 106.66699981689453 60.0 103.66699981689453 60.0 100.0 C60.0 96.33300018310547 63.0 93.33300018310547 66.66699981689453 93.33300018310547 L133.33299255371094 93.33300018310547 C137.0 93.33300018310547 140.0 96.33300018310547 140.0 100.0 C140.0 103.66699981689453 137.0 106.66699981689453 133.33299255371094 106.66699981689453 Z""></path></svg>"
8eedb7c0c6e1a7dc6478a6d5bfcf13cc,"<svg enable-background=""new 0 0 64 64"" height=""128"" viewBox=""0 0 64 64"" width=""128"" xmlns=""http://www.w3.org/2000/svg""><g fill=""#2ab27b""><path d=""m48 5.01h-4c-.55 0-1-.45-1-1s.45-1 1-1h4c.55 0 1 .45 1 1s-.45 1-1 1z""/><path d=""m46 7.01c-.55 0-1-.45-1-1v-4c0-.55.45-1 1-1s1 .45 1 1v4c0 .56-.45 1-1 1z""/><path d=""m16.5 7.37c-2.04 0-3.7-1.66-3.7-3.7s1.66-3.7 3.7-3.7 3.7 1.66 3.7 3.7-1.66 3.7-3.7 3.7zm0-5.39c-.94 0-1.7.76-1.7 1.7s.76 1.7 1.7 1.7 1.7-.76 1.7-1.7-.77-1.7-1.7-1.7z""/><path d=""m11.11 15.46c-.92 0-1.67-.75-1.67-1.67s.75-1.67 1.67-1.67 1.67.75 1.67 1.67-.75 1.67-1.67 1.67zm0-2c-.18 0-.33.15-.33.33s.15.33.33.33.33-.15.33-.33-.15-.33-.33-.33z""/></g><path d=""m32.67 55.97c-12.07 0-21.89-9.79-21.89-21.82 0-7.95 3.11-12.64 5.81-15.83.49-.58 1.11-1.28 1.82-2.09 2.17-2.46 5.14-5.83 7.36-8.99 1.69-2.39 2.67-5.25 2.83-6.02.07-.33.3-.6.61-.72s.66-.08.94.11c.4.27 9.2 6.48 10.22 19.98 2.01-2.45 4.63-6.08 4.78-8.17.03-.39.28-.72.64-.86s.77-.06 1.05.21c.32.3 7.72 7.6 7.72 22.27.01 12.09-9.81 21.93-21.89 21.93zm-2.57-52.82c-.52 1.43-1.44 3.47-2.69 5.25-2.29 3.25-5.3 6.66-7.5 9.16-.7.79-1.31 1.49-1.79 2.06-2.48 2.93-5.34 7.23-5.34 14.54 0 10.93 8.92 19.82 19.89 19.82s19.89-8.94 19.89-19.93c0-10.28-3.92-16.78-5.94-19.44-1.53 3.84-5.85 8.62-6.42 9.24-.28.3-.72.4-1.1.26s-.64-.52-.64-.93c.01-11.28-5.88-17.79-8.36-20.03zm10.37 19.85h.01z"" fill=""#4572ed""/><path d=""m32.67 49.83c-8.73 0-15.83-7.1-15.83-15.83 0-.55.45-1 1-1s1 .45 1 1c0 7.62 6.2 13.83 13.83 13.83.55 0 1 .45 1 1s-.44 1-1 1z"" fill=""#2ab27b""/><path d=""m41.28 47.07c-.31 0-.62-.15-.81-.42-.32-.45-.22-1.07.23-1.4 2.36-1.69 4.17-4.12 5.08-6.86.18-.52.74-.8 1.27-.63.52.18.81.74.63 1.27-1.05 3.13-3.12 5.92-5.82 7.85-.17.13-.37.19-.58.19z"" fill=""#2ab27b""/><g fill=""#4572ed""><path d=""m13.81 63.98c-.55 0-1-.45-1-1s.45-1 1-1c.56 0 1.02-.46 1.02-1.02s-.46-1.02-1.02-1.02c-1.67 0-3.02-1.36-3.02-3.02 0-1.67 1.36-3.02 3.02-3.02.55 0 1 .45 1 1s-.45 1-1 1c-.56 0-1.02.46-1.02 1.02s.46 1.02 1.02 1.02c1.67 0 3.02 1.36 3.02 3.02s-1.36 3.02-3.02 3.02z""/><path d=""m27.28 64c-.55 0-1-.45-1-1s.45-1 1-1c.57 0 1.02-.44 1.02-1.01 0-.56-.45-.99-1.02-.99h-6.06c-1.67 0-3.02-1.37-3.02-3.05 0-1.69 1.36-3.06 3.02-3.06.55 0 1 .45 1 1s-.45 1-1 1c-.56 0-1.02.48-1.02 1.06s.46 1.05 1.02 1.05h6.06c1.67 0 3.02 1.34 3.02 2.99.01 1.66-1.35 3.01-3.02 3.01z""/><path d=""m42.78 64c-1.67 0-3.02-1.35-3.02-3.01 0-1.65 1.36-2.99 3.02-2.99h8.76c.55 0 1.02-.48 1.02-1.05s-.47-1.06-1.02-1.06-1-.45-1-1 .45-1 1-1c1.67 0 3.02 1.37 3.02 3.06 0 1.68-1.36 3.05-3.02 3.05h-8.76c-.57 0-1.02.44-1.02.99 0 .56.45 1.01 1.02 1.01.55 0 1 .45 1 1s-.44 1-1 1z""/></g></svg>"
69cf47984e44a1538e7d353b34def42f,"<svg xmlns=""http://www.w3.org/2000/svg"" viewBox=""0.0 0.0 200.0 200.0"" height=""200.0px"" width=""200.0px""><path fill=""#333333"" fill-opacity=""1.0""  filling=""0"" d=""M30.61700439453125 163.3280029296875 L30.589004516601562 63.00400161743164 L64.12200164794922 63.00400161743164 L74.58399963378906 38.808998107910156 C75.00800323486328 37.8380012512207 76.9800033569336 36.53799819946289 78.03800201416016 36.53799819946289 L121.90899658203125 36.53799819946289 C122.99700164794922 36.53799819946289 124.93299865722656 37.816001892089844 125.36299896240234 38.801998138427734 L135.8260040283203 63.00400161743164 L169.33799743652344 63.077999114990234 L169.343994140625 163.39300537109375 L30.617996215820312 163.32000732421875 L30.617996215820312 163.3280029296875 L30.61700439453125 163.3280029296875 Z M169.343994140625 48.40299987792969 L145.427001953125 48.40299987792969 L138.76800537109375 32.99800109863281 C136.0290069580078 26.704002380371094 128.78700256347656 21.936004638671875 121.90899658203125 21.936004638671875 L78.03800201416016 21.936004638671875 C71.16000366210938 21.936004638671875 63.91699981689453 26.695999145507812 61.1870002746582 33.012001037597656 L54.52799987792969 48.40299987792969 L30.611000061035156 48.40299987792969 C22.531997680664062 48.435001373291016 16.00299835205078 54.999000549316406 16.01599884033203 63.077999114990234 L16.01599884033203 163.32000732421875 C16.01599884033203 171.41700744628906 22.55699920654297 177.9949951171875 30.611000061035156 177.9949951171875 L169.343994140625 177.9949951171875 C177.4239959716797 177.9669952392578 183.95399475097656 171.39999389648438 183.93899536132812 163.32000732421875 L183.93899536132812 63.077999114990234 C183.93899536132812 54.987998962402344 177.38900756835938 48.40299987792969 169.343994140625 48.40299987792969 Z""></path>
<path fill=""#333333"" fill-opacity=""1.0""  filling=""0"" d=""M99.97699737548828 131.4510040283203 C87.9020004272461 131.4510040283203 78.07499694824219 121.6240005493164 78.07499694824219 109.5479965209961 C78.07499694824219 97.4729995727539 87.9020004272461 87.6449966430664 99.97699737548828 87.6449966430664 C112.0530014038086 87.6449966430664 121.87999725341797 97.4729995727539 121.87999725341797 109.5479965209961 C121.87999725341797 121.6240005493164 112.0530014038086 131.4510040283203 99.97699737548828 131.4510040283203 M99.97699737548828 73.04299926757812 C79.8479995727539 73.04299926757812 63.47100067138672 89.41999816894531 63.47100067138672 109.5479965209961 C63.47100067138672 129.677001953125 79.8479995727539 146.05299377441406 99.97699737548828 146.05299377441406 C120.10600280761719 146.05299377441406 136.48199462890625 129.677001953125 136.48199462890625 109.5479965209961 C136.48199462890625 89.41999816894531 120.10600280761719 73.04299926757812 99.97699737548828 73.04299926757812""></path></svg>"
75b079b90cfa4c4e4b4bcbae5658c3b5,"<svg xmlns=""http://www.w3.org/2000/svg"" viewBox=""0.0 0.0 200.0 200.0"" height=""200.0px"" width=""200.0px""><path fill="""" fill-opacity=""1.0""  filling=""0"" d=""M100.0 63.91659927368164 A36.083396911621094 36.083396911621094 0.0 1 1 63.91659927368164 100.0 A36.125 36.125 0.0 0 1 100.0 63.91659927368164 Z M100.0 123.58340454101562 A23.583398818969727 23.583398818969727 0.0 1 0 76.41659545898438 100.0 A23.6083984375 23.6083984375 0.0 0 0 100.0 123.58340454101562 Z M100.0 175.16661071777344 C68.7083969116211 175.16661071777344 39.11659622192383 156.83340454101562 18.80840301513672 124.94159698486328 A50.625003814697266 50.625003814697266 0.0 0 1 18.80840301513672 74.94159698486328 C39.11659622192383 43.05839538574219 68.7083969116211 24.75 100.0 24.75 C131.29159545898438 24.75 160.88340759277344 43.08340072631836 181.19158935546875 74.97500610351562 A50.625003814697266 50.625003814697266 0.0 0 1 181.19158935546875 124.97500610351562 C160.88340759277344 156.83340454101562 131.29159545898438 175.16661071777344 100.0 175.16661071777344 Z M100.0 37.25 C73.06660461425781 37.25 47.32500457763672 53.45000076293945 29.3583984375 81.69159698486328 A38.13339614868164 38.13339614868164 0.0 0 0 29.3583984375 118.22500610351562 C47.32500457763672 146.4665985107422 73.06660461425781 162.66661071777344 100.0 162.66661071777344 C126.93339538574219 162.66661071777344 152.67498779296875 146.4665985107422 170.6416015625 118.22500610351562 A38.13339614868164 38.13339614868164 0.0 0 0 170.6416015625 81.69159698486328 C152.67498779296875 53.45000076293945 126.93339538574219 37.25 100.0 37.25 Z""></path></svg>"
487c4e7bd1e2ee065733d2f80e94efec,"<svg xmlns=""http://www.w3.org/2000/svg"" viewBox=""0.0 0.0 200.0 200.0"" height=""200.0px"" width=""200.0px""><path fill=""#666666"" fill-opacity=""1.0""  filling=""0"" d=""M146.093994140625 100.0 C149.54600524902344 100.0 152.343994140625 102.7979965209961 152.343994140625 106.25 L152.343994140625 125.78099822998047 C152.343994140625 129.23300170898438 149.54600524902344 132.031005859375 146.093994140625 132.031005859375 L142.5780029296875 132.031005859375 L142.5780029296875 137.5 L168.35899353027344 137.5 L168.35899353027344 155.468994140625 L171.875 155.468994140625 C175.32699584960938 155.468994140625 178.125 158.26699829101562 178.125 161.718994140625 L178.125 181.25 C178.125 184.70199584960938 175.32699584960938 187.5 171.875 187.5 L152.343994140625 187.5 C148.89199829101562 187.5 146.093994140625 184.70199584960938 146.093994140625 181.25 L146.093994140625 161.718994140625 C146.093994140625 158.26699829101562 148.89199829101562 155.468994140625 152.343994140625 155.468994140625 L155.85899353027344 155.468994140625 L155.85899353027344 150.0 L116.7969970703125 150.0 L116.7969970703125 155.468994140625 L120.31199645996094 155.468994140625 C123.76399993896484 155.468994140625 126.56199645996094 158.26699829101562 126.56199645996094 161.718994140625 L126.56199645996094 181.25 C126.56199645996094 184.70199584960938 123.76399993896484 187.5 120.31199645996094 187.5 L100.78099822998047 187.5 C97.3290023803711 187.5 94.53099822998047 184.70199584960938 94.53099822998047 181.25 L94.53099822998047 161.718994140625 C94.53099822998047 158.26699829101562 97.3290023803711 155.468994140625 100.78099822998047 155.468994140625 L104.2969970703125 155.468994140625 L104.2969970703125 137.5 L130.0780029296875 137.5 L130.0780029296875 132.031005859375 L126.56199645996094 132.031005859375 C123.11100006103516 132.031005859375 120.31199645996094 129.23300170898438 120.31199645996094 125.78099822998047 L120.31199645996094 106.25 C120.31199645996094 102.7979965209961 123.11100006103516 100.0 126.56199645996094 100.0 L146.093994140625 100.0 Z M172.26600646972656 21.875 C175.5019989013672 21.875 178.125 24.498001098632812 178.125 27.73400115966797 L178.125 98.0469970703125 C171.2209930419922 98.0469970703125 165.625 92.44999694824219 165.625 85.5469970703125 L165.625 34.375 L34.375 34.375 L34.375 165.625 L56.64099884033203 165.625 C63.474998474121094 165.625 69.02899932861328 171.11000061035156 69.13899993896484 177.91799926757812 L69.14099884033203 178.125 L27.73400115966797 178.125 C24.498001098632812 178.125 21.875 175.5019989013672 21.875 172.26600646972656 L21.875 27.73400115966797 C21.875 24.498001098632812 24.498001098632812 21.875 27.73400115966797 21.875 L172.26600646972656 21.875 Z M114.06199645996094 167.968994140625 L107.03099822998047 167.968994140625 L107.03099822998047 175.0 L114.06199645996094 175.0 L114.06199645996094 167.968994140625 Z M165.625 167.968994140625 L158.593994140625 167.968994140625 L158.593994140625 175.0 L165.625 175.0 L165.625 167.968994140625 Z M139.843994140625 112.5 L132.81199645996094 112.5 L132.81199645996094 119.53099822998047 L139.843994140625 119.53099822998047 L139.843994140625 112.5 Z M122.26599884033203 79.10199737548828 C122.26599884033203 86.00499725341797 116.66899871826172 91.60199737548828 109.76599884033203 91.60199737548828 L51.172000885009766 91.60199737548828 C51.172000885009766 84.697998046875 56.768001556396484 79.10199737548828 63.672000885009766 79.10199737548828 L122.26599884033203 79.10199737548828 Z M148.8280029296875 50.58599853515625 C148.8280029296875 57.48899841308594 143.23199462890625 63.08599853515625 136.3280029296875 63.08599853515625 L51.172000885009766 63.08599853515625 C51.172000885009766 56.18199920654297 56.768001556396484 50.58599853515625 63.672000885009766 50.58599853515625 L148.8280029296875 50.58599853515625 Z""></path></svg>"
dbc4ea2e435a7bb740ac91585d351f12,"<svg xmlns=""http://www.w3.org/2000/svg"" viewBox=""0.0 0.0 200.0 200.0"" height=""200.0px"" width=""200.0px""><path fill=""#FF6A00"" fill-opacity=""1.0""  filling=""0"" d=""M192.5 100.80000305175781 L143.3000030517578 63.29999923706055 C132.5 52.099998474121094 117.5 44.5 100.4000015258789 44.5 C75.0 44.5 53.29999923706055 60.70000076293945 45.400001525878906 83.30000305175781 C35.400001525878906 85.4000015258789 25.400001525878906 90.0 14.599998474121094 96.5999984741211 L8.800003051757812 100.4000015258789 L58.79999923706055 145.0 L59.20000076293945 144.60000610351562 C70.0 155.39999389648438 84.5999984741211 162.10000610351562 101.30000305175781 162.10000610351562 C126.30000305175781 162.10000610351562 147.5 146.6999969482422 155.89999389648438 124.5999984741211 C167.10000610351562 121.30000305175781 178.39999389648438 114.5999984741211 188.8000030517578 104.5999984741211 L192.5 100.80000305175781 Z M100.4000015258789 55.0 C114.19999694824219 55.0 127.0999984741211 60.79999923706055 135.8000030517578 70.4000015258789 L136.60000610351562 70.80000305175781 C144.5 79.5 149.10000610351562 90.80000305175781 149.10000610351562 103.30000305175781 C149.10000610351562 107.9000015258789 148.3000030517578 112.0 147.39999389648438 116.19999694824219 C144.10000610351562 116.5999984741211 141.1999969482422 117.0 137.8000030517578 117.0 C124.5 117.0 112.0 111.19999694824219 102.0 100.80000305175781 C89.19999694824219 87.5 74.5999984741211 81.19999694824219 57.900001525878906 81.69999694824219 C65.4000015258789 65.80000305175781 81.69999694824219 55.0 100.4000015258789 55.0 Z M25.800003051757812 102.0999984741211 C31.599998474121094 99.19999694824219 37.099998474121094 96.69999694824219 42.5 95.0 C42.099998474121094 97.9000015258789 41.70000076293945 100.80000305175781 41.70000076293945 103.80000305175781 C41.70000076293945 108.80000305175781 42.5 113.4000015258789 43.400001525878906 118.0 L25.800003051757812 102.0999984741211 Z M100.4000015258789 151.6999969482422 C73.69999694824219 151.6999969482422 52.099998474121094 130.0 52.099998474121094 103.4000015258789 C52.099998474121094 99.5999984741211 52.5 95.9000015258789 53.29999923706055 92.5999984741211 C68.69999694824219 90.5 82.0 95.9000015258789 94.0999984741211 108.0 C106.19999694824219 120.5 121.5999984741211 127.19999694824219 137.39999389648438 127.5999984741211 L142.8000030517578 127.5999984741211 C134.1999969482422 142.10000610351562 118.30000305175781 151.6999969482422 100.4000015258789 151.6999969482422 Z M158.3000030517578 112.5 C158.6999969482422 109.5999984741211 159.10000610351562 106.30000305175781 159.10000610351562 103.30000305175781 C159.10000610351562 97.5 158.3000030517578 91.5999984741211 156.60000610351562 86.5999984741211 L176.1999969482422 101.5999984741211 C170.39999389648438 106.19999694824219 164.60000610351562 110.0 158.3000030517578 112.5 Z""></path></svg>"
thesantatitan_deepseek-svg-dataset_0000091,"<svg width=""100"" height=""100"" viewBox=""0 0 100 100"" xmlns=""http://www.w3.org/2000/svg"">
  <rect width=""100"" height=""100"" fill=""#000000""/>
  <defs>
    <linearGradient id=""petalGradient"" x1=""0%"" y1=""0%"" x2=""100%"" y2=""100%"">
      <stop offset=""0%"" style=""stop-color:#FFFFFF;stop-opacity:1""/>
      <stop offset=""100%"" style=""stop-color:#FF0000;stop-opacity:1""/>
    </linearGradient>
  </defs>
  <path d=""M50,50m-18,0a18,18 0 1,1 36,0a18,18 0 1,1-36,0"" fill=""url(#petalGradient)""/>
  <path d=""M50,50m-25,0a25,25 0 1,1 50,0a25,25 0 1,1-50,0"" fill=""url(#petalGradient)""/>
  <circle cx=""50"" cy=""50"" r=""18"" fill=""#FF0000""/>
  <path d=""M50,50m-28,0a28,28 0 1,1 56,0a28,28 0 1,1-56,0"" fill=""url(#petalGradient)""/>
</svg>"
3e5411b8d69c89782f4bed8961cff046,"<svg xmlns=""http://www.w3.org/2000/svg"" viewBox=""0.0 0.0 200.0 200.0"" height=""200.0px"" width=""200.0px""><path fill=""#333333"" fill-opacity=""1.0""  filling=""0"" d=""M160.76171875 71.203125 L150.087890625 71.203125 L150.087890625 47.564453125 C150.087890625 32.841796875 138.11328125 20.865234375 123.390625 20.865234375 L76.611328125 20.865234375 C61.888671875 20.865234375 49.910152435302734 32.841796875 49.910152435302734 47.564453125 L49.910152435302734 71.203125 L39.240234375 71.203125 C24.517578125 71.203125 12.5390625 83.177734375 12.5390625 97.900390625 L12.5390625 170.34375 C12.5390625 175.19921875 16.4765625 179.13671875 21.33203125 179.13671875 L178.662109375 179.13671875 C183.517578125 179.13671875 187.455078125 175.19921875 187.455078125 170.34375 L187.455078125 97.900390625 C187.458984375 83.177734375 175.484375 71.203125 160.76171875 71.203125 Z M30.126953125 97.900390625 C30.126953125 92.876953125 34.21484375 88.7890625 39.242183685302734 88.7890625 L49.912105560302734 88.7890625 L49.912105560302734 161.548828125 L30.126953125 161.548828125 L30.126953125 97.900390625 Z M67.49609375 79.99609375 L67.49609375 47.564453125 C67.49609375 42.541015625 71.583984375 38.453125 76.611328125 38.453125 L123.392578125 38.453125 C128.416015625 38.453125 132.50390625 42.541015625 132.50390625 47.564453125 L132.50390625 161.548828125 L67.49609375 161.548828125 L67.49609375 79.99609375 Z M169.873046875 161.548828125 L150.08984375 161.548828125 L150.08984375 88.7890625 L160.763671875 88.7890625 C165.787109375 88.7890625 169.875 92.876953125 169.875 97.900390625 L169.875 161.548828125 L169.873046875 161.548828125 Z""></path>
<path fill=""#333333"" fill-opacity=""1.0""  filling=""0"" d=""M117.36522674560547 71.203125 L108.79492950439453 71.203125 L108.79492950439453 62.62890625 C108.79492950439453 57.773433685302734 104.857421875 53.835941314697266 100.001953125 53.835941314697266 C95.146484375 53.835941314697266 91.208984375 57.773433685302734 91.208984375 62.62890625 L91.208984375 71.203125 L82.634765625 71.203125 C77.779296875 71.203125 73.841796875 75.140625 73.841796875 79.99609375 C73.841796875 84.8515625 77.779296875 88.7890625 82.634765625 88.7890625 L91.208984375 88.7890625 L91.208984375 97.359375 C91.208984375 102.21485137939453 95.146484375 106.15234375 100.001953125 106.15234375 C104.857421875 106.15234375 108.79492950439453 102.21485137939453 108.79492950439453 97.359375 L108.79492950439453 88.7890625 L117.36522674560547 88.7890625 C122.220703125 88.7890625 126.158203125 84.8515625 126.158203125 79.99609375 C126.158203125 75.140625 122.220703125 71.203125 117.36522674560547 71.203125 Z""></path></svg>"
c71073a4a5707759d10e007d44fc4387,"<svg xmlns=""http://www.w3.org/2000/svg"" viewBox=""0.0 0.0 200.0 200.0"" height=""200.0px"" width=""200.0px""><path fill=""#CCCCCC"" fill-opacity=""1.0""  filling=""0"" d=""M176.453125 110.92304992675781 L23.546676635742188 110.92304992675781 C17.51543426513672 110.92304992675781 12.624610900878906 106.03339385986328 12.624610900878906 100.0 C12.624610900878906 93.96894836425781 17.51543426513672 89.07793426513672 23.546676635742188 89.07793426513672 L176.453125 89.07793426513672 C182.4853515625 89.07793426513672 187.3751983642578 93.96894836425781 187.3751983642578 100.0 C187.3751983642578 106.03339385986328 182.48553466796875 110.92304992675781 176.453125 110.92304992675781 Z M176.453125 45.39042663574219 L23.546676635742188 45.39042663574219 C17.51543426513672 45.39042663574219 12.624610900878906 40.50078582763672 12.624610900878906 34.4697265625 C12.624610900878906 28.4375 17.51543426513672 23.546676635742188 23.546676635742188 23.546676635742188 L176.453125 23.546676635742188 C182.4853515625 23.546676635742188 187.3751983642578 28.4375 187.3751983642578 34.4697265625 C187.3751983642578 40.50078582763672 182.48553466796875 45.39042663574219 176.453125 45.39042663574219 Z M23.546676635742188 154.609375 L176.453125 154.609375 C182.4853515625 154.609375 187.3751983642578 159.5001983642578 187.3751983642578 165.5324249267578 C187.3751983642578 171.5634765625 182.48553466796875 176.453125 176.453125 176.453125 L23.546676635742188 176.453125 C17.51543426513672 176.453125 12.624610900878906 171.5634765625 12.624610900878906 165.5324249267578 C12.624809265136719 159.5001983642578 17.51543426513672 154.609375 23.546676635742188 154.609375 Z""></path></svg>"
9971eab5-4b43-44ec-a24c-b2719d0b8748,"<svg height=""128"" viewBox=""0 0 64 64"" width=""128"" xmlns=""http://www.w3.org/2000/svg""><g stroke-miterlimit=""10"" stroke-width=""2""><g fill=""#22b573""><path d=""m22.5 24.25a5.25 5.25 0 0 1 5.25 5.25v13.5a0 0 0 0 1 0 0h-10.5a0 0 0 0 1 0 0v-13.5a5.25 5.25 0 0 1 5.25-5.25z"" stroke=""#004924""/><path d=""m41.5 24.25a5.25 5.25 0 0 1 5.25 5.25v13.5a0 0 0 0 1 0 0h-10.5a0 0 0 0 1 0 0v-13.5a5.25 5.25 0 0 1 5.25-5.25z"" stroke=""#004924""/><path d=""m37.25 43.25h-10.5l-2.18-26.87c-.43-5.33 2.43-10.13 6.43-10.13h2c4 0 6.84 4.8 6.41 10.13z"" stroke=""#004924""/></g><path d=""m44.3 57.75h-24.6l-3.56-9.56h31.72z"" fill=""#8c6239"" stroke=""#42210b""/><rect fill=""#c69c6d"" height=""5"" rx=""1.83"" stroke=""#42210b"" width=""38.25"" x=""12.88"" y=""43.25""/><g fill=""none"" stroke=""#004924"" stroke-linecap=""round""><path d=""m25.69 13l-4.13-3.75""/><path d=""m37.87 15.93l4.51-4.11""/><path d=""m19.19 27.63l-4.13-3.75""/><path d=""m18.69 35l-4.13-3.75""/><path d=""m45.23 37.58l4.41-4.03""/><path d=""m43.22 25.57l3.37-3.05""/></g></g><g fill=""#33d186""><circle cx=""34.75"" cy=""13.5"" r=""1.75""/><circle cx=""31.75"" cy=""29.5"" r=""1.75""/><circle cx=""28.75"" cy=""12.5"" r=""1.75""/><circle cx=""33.75"" cy=""37.5"" r=""1.75""/><circle cx=""30.75"" cy=""21.5"" r=""1.75""/><circle cx=""20.75"" cy=""30.5"" r=""1.75""/><circle cx=""41.75"" cy=""33.5"" r=""1.75""/><circle cx=""22.75"" cy=""38.5"" r=""1.75""/></g><path d=""m25.53 19.88l-3.37-3.07"" fill=""none"" stroke=""#004924"" stroke-linecap=""round"" stroke-miterlimit=""10"" stroke-width=""2""/></svg>"
1fc843fe63b2d9171fc37633e1e1e472,"<svg xmlns=""http://www.w3.org/2000/svg"" viewBox=""0.0 0.0 200.0 200.0"" height=""200.0px"" width=""200.0px""><path fill=""currentColor"" fill-opacity=""1.0""  filling=""0"" d=""M165.13499450683594 107.09300231933594 L146.25399780273438 125.67400360107422 C141.35899353027344 130.47000122070312 135.46400451660156 130.47000122070312 131.96800231933594 126.4729995727539 C129.6699981689453 123.7760009765625 130.56900024414062 115.58399963378906 131.2689971923828 110.38999938964844 L140.75900268554688 33.76599884033203 C141.6580047607422 26.873001098632812 136.66299438476562 20.279998779296875 129.6699981689453 19.479995727539062 C122.7770004272461 18.680999755859375 116.38400268554688 23.875999450683594 115.58399963378906 30.768997192382812 L105.09500122070312 90.90899658203125 C104.69499969482422 91.90799713134766 102.89700317382812 65.73400115966797 99.69999694824219 12.38800048828125 C99.80000305175781 5.594001770019531 94.10600280761719 0.0 87.11299896240234 0.0 C80.12000274658203 0.0 74.4260025024414 5.594001770019531 74.4260025024414 12.487998962402344 L74.22599792480469 91.30899810791016 C74.22599792480469 91.90799713134766 70.2300033569336 71.42900085449219 62.03799819946289 29.970001220703125 C60.8390007019043 23.177001953125 54.145999908447266 18.281997680664062 47.35300064086914 19.479995727539062 C40.459999084472656 20.679000854492188 35.86399841308594 27.571998596191406 37.16299819946289 34.365997314453125 L47.15299987792969 106.39399719238281 C47.15299987792969 107.29299926757812 41.858001708984375 94.20600128173828 31.16899871826172 67.33300018310547 C28.871002197265625 60.8390007019043 21.579002380371094 57.042999267578125 14.985000610351562 59.340999603271484 C8.391998291015625 61.63800048828125 4.995002746582031 69.13099670410156 7.292999267578125 75.7239990234375 L33.566001892089844 160.33999633789062 L33.96600341796875 161.73800659179688 C41.55799865722656 184.61500549316406 62.9370002746582 200.0 87.11299896240234 200.0 C103.2969970703125 199.89999389648438 119.08100128173828 194.60499572753906 132.0679931640625 185.01499938964844 C145.6540069580078 176.92300415039062 189.11099243164062 130.968994140625 189.11099243164062 130.968994140625 C195.70399475097656 124.3759994506836 194.7050018310547 114.48600006103516 188.11199951171875 107.99199676513672 C181.41900634765625 101.1989974975586 171.72799682617188 100.5989990234375 165.13499450683594 107.09300231933594 Z""></path></svg>"
c77776e9794164682f323900334bba75,"<svg xmlns=""http://www.w3.org/2000/svg"" viewBox=""0.0 0.0 200.0 200.0"" height=""200.0px"" width=""200.0px""><path fill=""currentColor"" fill-opacity=""1.0""  filling=""0"" d=""M166.66700744628906 70.83300018310547 L141.66700744628906 70.83300018310547 L141.66700744628906 37.5 L16.66699981689453 37.5 L16.66699981689453 129.16700744628906 L183.33299255371094 129.16700744628906 L183.33299255371094 100.0 L166.66700744628906 70.83300018310547 Z M125.0 112.5 L33.33300018310547 112.5 L33.33300018310547 54.16699981689453 L125.0 54.16699981689453 L125.0 112.5 Z M166.66700744628906 112.5 L141.66700744628906 112.5 L141.66700744628906 87.5 L157.0 87.5 L166.66700744628906 104.41699981689453 L166.66700744628906 112.5 Z M116.66699981689453 137.5 L133.33299255371094 137.5 A8.333000183105469 8.333000183105469 0.0 0 0 150.0 137.5 L166.66700744628906 137.5 A25.0 25.0 0.0 0 1 116.66699981689453 137.5 Z M33.33300018310547 137.5 L50.0 137.5 A8.333000183105469 8.333000183105469 0.0 0 0 66.66699981689453 137.5 L83.33300018310547 137.5 A25.0 25.0 0.0 0 1 33.33300018310547 137.5 Z""></path></svg>"
849b07a02221722a6cd198a1e4c068a6,"<svg xmlns=""http://www.w3.org/2000/svg"" viewBox=""0.0 0.0 200.0 200.0"" height=""200.0px"" width=""200.0px""><path fill="""" fill-opacity=""1.0""  filling=""0"" d=""M104.07599639892578 196.57200622558594 L95.41799926757812 196.57200622558594 C79.43299865722656 196.57200622558594 66.77899932861328 183.91799926757812 66.77899932861328 167.9340057373047 L66.77899932861328 32.066001892089844 C66.77899932861328 16.082000732421875 79.43299865722656 3.4280014038085938 95.41799926757812 3.4280014038085938 L100.74600219726562 3.4280014038085938 C154.6929931640625 3.4280014038085938 199.3159942626953 46.053001403808594 199.98199462890625 98.00199890136719 C200.6479949951172 123.97699737548828 190.6580047607422 149.28500366210938 172.00900268554688 167.9340057373047 C154.02699279785156 186.58200073242188 130.0500030517578 196.57200622558594 104.07599639892578 196.57200622558594 Z M95.41799926757812 10.087997436523438 C83.42900085449219 10.087997436523438 73.43900299072266 20.0780029296875 73.43900299072266 32.066001892089844 L73.43900299072266 167.9340057373047 C73.43900299072266 179.9219970703125 83.42900085449219 189.91200256347656 95.41799926757812 189.91200256347656 L104.07599639892578 189.91200256347656 C128.052001953125 189.91200256347656 150.69700622558594 180.58799743652344 168.01300048828125 163.27200317382812 C185.3300018310547 145.9550018310547 193.98800659179688 122.64399719238281 193.98800659179688 98.66799926757812 C192.656005859375 49.382999420166016 150.69700622558594 10.087997436523438 100.74600219726562 10.087997436523438 L95.41799926757812 10.087997436523438 Z M3.5070037841796875 76.68900299072266 C2.1750030517578125 76.68900299072266 0.8430023193359375 76.02300262451172 0.177001953125 74.69100189208984 C-0.4889984130859375 72.69300079345703 0.8430023193359375 71.36100006103516 2.1750030517578125 70.69499969482422 L42.13600158691406 57.375 C44.13399887084961 56.042999267578125 46.13199996948242 57.375 46.79800033569336 58.707000732421875 C47.4640007019043 60.70500183105469 46.13199996948242 62.0369987487793 44.79999923706055 62.702999114990234 L4.838996887207031 76.02300262451172 C4.172996520996094 76.68900299072266 4.172996520996094 76.68900299072266 3.5070037841796875 76.68900299072266 Z M3.5070037841796875 116.6500015258789 C2.1750030517578125 116.6500015258789 0.8430023193359375 115.98400115966797 0.177001953125 114.6520004272461 C-0.4889984130859375 112.65399932861328 0.8430023193359375 111.3219985961914 2.1750030517578125 110.65599822998047 L42.13600158691406 97.33599853515625 C44.13399887084961 96.66999816894531 45.465999603271484 98.00199890136719 46.13199996948242 99.33399963378906 C46.79800033569336 101.33200073242188 45.465999603271484 102.66400146484375 44.13399887084961 103.33000183105469 L4.172996520996094 116.6500015258789 L3.5070037841796875 116.6500015258789 Z M3.5070037841796875 156.61099243164062 C2.1750030517578125 156.61099243164062 0.8430023193359375 155.94500732421875 0.177001953125 154.61300659179688 C-0.4889984130859375 152.61500549316406 0.8430023193359375 151.2830047607422 2.1750030517578125 150.61700439453125 L42.13600158691406 137.2969970703125 C44.13399887084961 136.63099670410156 45.465999603271484 137.96299743652344 46.13199996948242 139.2949981689453 C46.79800033569336 141.29299926757812 45.465999603271484 142.625 44.13399887084961 143.29100036621094 L4.172996520996094 156.61099243164062 L3.5070037841796875 156.61099243164062 Z""></path></svg>"
27f009c6aa33171f66c64a2de29a74bf,"<svg xmlns=""http://www.w3.org/2000/svg"" viewBox=""0.0 0.0 200.0 200.0"" height=""200.0px"" width=""200.0px""><path fill="""" fill-opacity=""1.0""  filling=""0"" d=""M111.81640625 187.20703125 L88.26171875 187.20703125 C77.5 187.20703125 68.75 178.45703125 68.75 167.6953125 C68.75 163.6328125 66.015625 161.62109375 64.84375 160.9375 C63.671875 160.25390625 60.56640625 158.90625 57.05078125 160.9375 C47.734375 166.30859375 35.78125 163.10546875 30.390625 153.7890625 L18.61328125 133.3984375 C16.015625 128.88671875 15.3125 123.6328125 16.66015625 118.59375 C18.0078125 113.55469512939453 21.23046875 109.35547637939453 25.7421875 106.73828125 C29.2578125 104.70702362060547 29.6484375 101.34766387939453 29.6484375 99.98046875 C29.6484375 98.6328125 29.27734375 95.25390625 25.7421875 93.22265625 C21.23046875 90.625 18.0078125 86.40625 16.66015625 81.3671875 C15.3125 76.328125 15.99609375 71.07421875 18.61328125 66.5625 L30.390625 46.152339935302734 C32.98828125 41.640628814697266 37.20703125 38.417972564697266 42.246089935302734 37.070308685302734 C47.28515625 35.72265625 52.5390625 36.40625 57.05078125 39.023433685302734 C60.56640625 41.054691314697266 63.671875 39.707027435302734 64.84375 39.023433685302734 C66.015625 38.339839935302734 68.75 36.328125 68.75 32.265625 C68.75 21.50390625 77.5 12.75390625 88.26171875 12.75390625 L111.81640625 12.75390625 C122.578125 12.75390625 131.328125 21.50390625 131.328125 32.265625 C131.328125 36.328125 134.0625 38.339839935302734 135.234375 39.023433685302734 C136.40625 39.707027435302734 139.51171875 41.054691314697266 143.02734375 39.023433685302734 C152.34375 33.65234375 164.296875 36.855472564697266 169.6875 46.171875 L181.46484375 66.58203125 C184.0625 71.09375 184.765625 76.34765625 183.41796875 81.38671875 C182.0703125 86.42578125 178.84765625 90.625 174.3359375 93.2421875 C170.8203125 95.2734375 170.4296875 98.6328125 170.4296875 100.0 C170.4296875 101.34766387939453 170.80078125 104.7265625 174.3359375 106.75780487060547 C178.84765625 109.35547637939453 182.0703125 113.57421875 183.41796875 118.61328125 C184.765625 123.65234375 184.08203125 128.90625 181.46484375 133.41796875 L169.6875 153.828125 C166.07421875 160.078125 159.51171875 163.57421875 152.75390625 163.57421875 C149.453125 163.57421875 146.09375 162.734375 143.02734375 160.95703125 C139.51171875 158.92578125 136.40625 160.2734375 135.234375 160.95703125 C134.0625 161.640625 131.328125 163.65234375 131.328125 167.71484375 C131.328125 178.45703125 122.578125 187.20703125 111.81640625 187.20703125 Z M60.95703125 148.14453125 C64.31640625 148.14453125 67.65625 149.0234375 70.72265625 150.78125 C76.8359375 154.31640625 80.48828125 160.625 80.48828125 167.67578125 C80.48828125 171.97265625 83.984375 175.46875 88.28125 175.46875 L111.83592987060547 175.46875 C116.1328125 175.46875 119.62890625 171.97265625 119.62890625 167.67578125 C119.62890625 160.625 123.28125 154.296875 129.39453125 150.78125 C135.5078125 147.24609375 142.79296875 147.24609375 148.90625 150.78125 C152.63671875 152.9296875 157.40234375 151.66015625 159.55078125 147.9296875 L171.30859375 127.5390625 C172.34375 125.7421875 172.6171875 123.6328125 172.08984375 121.62109375 C171.5625 119.609375 170.25390625 117.9296875 168.45703125 116.89453125 C162.34375 113.35938262939453 158.69140625 107.05077362060547 158.69140625 100.0 C158.69140625 92.94921875 162.34375 86.62109375 168.45703125 83.10546875 C170.25390625 82.0703125 171.54296875 80.390625 172.08984375 78.37890625 C172.63671875 76.3671875 172.34375 74.27734375 171.30859375 72.4609375 L159.53125 52.05078125 C157.3828125 48.3203125 152.59765625 47.05078125 148.88671875 49.19921875 C142.7734375 52.734375 135.48828125 52.734375 129.375 49.19921875 C123.26171875 45.664058685302734 119.609375 39.35546875 119.609375 32.3046875 C119.609375 28.0078125 116.11328125 24.51171875 111.81640625 24.51171875 L88.26171875 24.51171875 C83.96484375 24.51171875 80.46875 28.0078125 80.46875 32.3046875 C80.46875 39.35546875 76.81640625 45.68359375 70.703125 49.19921875 C64.58984375 52.734375 57.3046875 52.734375 51.19140625 49.19921875 C49.39453125 48.1640625 47.28515625 47.890628814697266 45.273433685302734 48.41796875 C43.26171875 48.964847564697266 41.58203125 50.253902435302734 40.546875 52.05078125 L28.76953125 72.4609375 C26.62109375 76.19140625 27.91015625 80.95703125 31.62109375 83.10546875 C37.734378814697266 86.640625 41.38671875 92.94921875 41.38671875 100.0 C41.38671875 107.05077362060547 37.734378814697266 113.37890625 31.62109375 116.89453125 C27.890625 119.04296875 26.62109375 123.828125 28.76953125 127.5390625 L40.546875 147.94921875 C42.6953125 151.6796875 47.48046875 152.94921875 51.19140625 150.80078125 C54.257808685302734 149.0234375 57.59765625 148.14453125 60.95703125 148.14453125 Z M100.0390625 137.63671875 C79.27734375 137.63671875 62.3828125 120.7421875 62.3828125 99.98046875 C62.3828125 79.21875 79.27734375 62.32421875 100.0390625 62.32421875 C120.80078125 62.32421875 137.6953125 79.23828125 137.6953125 100.0 C137.6953125 120.76171875 120.80078125 137.63671875 100.0390625 137.63671875 Z M100.0390625 74.0625 C85.7421875 74.0625 74.1015625 85.703125 74.1015625 100.0 C74.1015625 114.296875 85.7421875 125.9375 100.0390625 125.9375 C114.33594512939453 125.9375 125.9765625 114.296875 125.9765625 100.0 C125.9765625 85.68359375 114.33594512939453 74.0625 100.0390625 74.0625 Z""></path></svg>"
1bf29e037aafe2ae08195dbdbf2faf76,"<svg xmlns=""http://www.w3.org/2000/svg"" viewBox=""0.0 0.0 200.0 200.0"" height=""200.0px"" width=""200.0px""><path fill=""#040000"" fill-opacity=""1.0""  filling=""0"" d=""M157.05078125 12.5 L42.94921875 12.5 C33.61328125 12.5 26.03515625 19.94140625 26.03515625 29.140625 L26.03515625 170.859375 C26.03515625 180.0390625 33.59375 187.5 42.94921875 187.5 L157.05078125 187.5 C166.38671875 187.5 173.9453125 180.0390625 173.9453125 170.859375 L173.9453125 29.140625 C173.96484375 19.94140625 166.38671875 12.5 157.05078125 12.5 Z M51.406253814697266 29.140625 L148.61328125 29.140625 C153.28125 29.140625 157.0703125 32.8515625 157.0703125 37.460933685302734 L157.0703125 88.671875 L42.94921875 88.671875 L42.94921875 37.460933685302734 C42.94921875 32.87109375 46.738277435302734 29.140625 51.406253814697266 29.140625 Z M148.59375 170.859375 L51.406253814697266 170.859375 C46.738277435302734 170.859375 42.94921875 167.12890625 42.94921875 162.5390625 L42.94921875 106.75780487060547 L157.05078125 106.75780487060547 L157.05078125 162.5390625 C157.05078125 167.12890625 153.26171875 170.859375 148.59375 170.859375 Z""></path></svg>"
cc1cd78fa1802e71cb180157748d7a21,"<svg xmlns=""http://www.w3.org/2000/svg"" viewBox=""0.0 0.0 200.0 200.0"" height=""200.0px"" width=""200.0px""><path fill=""#666666"" fill-opacity=""1.0""  filling=""0"" d=""M171.0 26.0 L119.30999755859375 26.0 C117.66000366210938 21.349998474121094 113.19999694824219 18.0 108.0 18.0 L89.0 18.0 C83.80000305175781 18.0 79.33999633789062 21.349998474121094 77.69000244140625 26.0 L29.0 26.0 C22.400001525878906 26.0 17.0 31.400001525878906 17.0 38.0 L17.0 171.0 C17.0 177.60000610351562 22.400001525878906 183.0 29.0 183.0 L171.0 183.0 C177.60000610351562 183.0 183.0 177.60000610351562 183.0 171.0 L183.0 38.0 C183.0 31.400001525878906 177.60000610351562 26.0 171.0 26.0 Z M89.0 26.0 L108.0 26.0 C110.16999816894531 26.0 112.0 27.830001831054688 112.0 30.0 C112.0 32.16999816894531 110.16999816894531 34.0 108.0 34.0 L89.0 34.0 C86.83000183105469 34.0 85.0 32.16999816894531 85.0 30.0 C85.0 27.830001831054688 86.83000183105469 26.0 89.0 26.0 Z M175.0 171.0 C175.0 173.1699981689453 173.1699981689453 175.0 171.0 175.0 L29.0 175.0 C26.830001831054688 175.0 25.0 173.1699981689453 25.0 171.0 L25.0 38.0 C25.0 35.83000183105469 26.830001831054688 34.0 29.0 34.0 L77.69000244140625 34.0 C79.33999633789062 38.650001525878906 83.80000305175781 42.0 89.0 42.0 L108.0 42.0 C113.19999694824219 42.0 117.66000366210938 38.650001525878906 119.30999755859375 34.0 L171.0 34.0 C173.1699981689453 34.0 175.0 35.83000183105469 175.0 38.0 L175.0 171.0 Z""></path>
<path fill=""#666666"" fill-opacity=""1.0""  filling=""0"" d=""M158.5 74.0 L120.5 74.0 C118.01000213623047 74.0 116.0 76.01000213623047 116.0 78.5 C116.0 80.98999786376953 118.01000213623047 83.0 120.5 83.0 L158.5 83.0 C160.99000549316406 83.0 163.0 80.98999786376953 163.0 78.5 C163.0 76.01000213623047 160.99000549316406 74.0 158.5 74.0 Z M158.5 54.0 L120.5 54.0 C118.01000213623047 54.0 116.0 56.0099983215332 116.0 58.5 C116.0 60.9900016784668 118.01000213623047 63.0 120.5 63.0 L158.5 63.0 C160.99000549316406 63.0 163.0 60.9900016784668 163.0 58.5 C163.0 56.0099983215332 160.99000549316406 54.0 158.5 54.0 Z M158.5 94.0 L120.5 94.0 C118.01000213623047 94.0 116.0 96.01000213623047 116.0 98.5 C116.0 100.98999786376953 118.01000213623047 103.0 120.5 103.0 L158.5 103.0 C160.99000549316406 103.0 163.0 100.98999786376953 163.0 98.5 C163.0 96.01000213623047 160.99000549316406 94.0 158.5 94.0 Z""></path>
<path fill=""#008CFF"" fill-opacity=""1.0""  filling=""0"" d=""M40.880001068115234 106.33000183105469 C44.540000915527344 95.12000274658203 55.08000183105469 87.0 67.5 87.0 C79.91999816894531 87.0 90.45999908447266 95.12000274658203 94.12000274658203 106.33000183105469 C94.6500015258789 107.94000244140625 96.19000244140625 109.0 97.88999938964844 109.0 C100.61000061035156 109.0 102.54000091552734 106.33999633789062 101.69000244140625 103.75 C98.4000015258789 93.76000213623047 90.8499984741211 85.69999694824219 81.19999694824219 81.70999908447266 C85.47000122070312 77.86000061035156 88.12999725341797 72.2699966430664 88.0 66.05000305175781 C87.7699966430664 55.439998626708984 79.19999694824219 46.58000183105469 68.61000061035156 46.02000045776367 C56.79999923706055 45.40999984741211 47.0 54.83000183105469 47.0 66.5 C47.0 72.54000091552734 49.63999938964844 77.95999908447266 53.810001373291016 81.70999908447266 C44.15999984741211 85.69999694824219 36.61000061035156 93.76000213623047 33.31999969482422 103.75 C32.470001220703125 106.33000183105469 34.400001525878906 109.0 37.119998931884766 109.0 C38.810001373291016 109.0 40.349998474121094 107.94000244140625 40.880001068115234 106.33000183105469 Z M55.099998474121094 64.87000274658203 C55.810001373291016 59.29999923706055 60.29999923706055 54.810001373291016 65.87000274658203 54.099998474121094 C74.04000091552734 53.060001373291016 80.93000030517578 59.959999084472656 79.9000015258789 68.12999725341797 C79.19000244140625 73.69999694824219 74.69999694824219 78.19000244140625 69.12999725341797 78.9000015258789 C60.959999084472656 79.93000030517578 54.06999969482422 73.04000091552734 55.099998474121094 64.87000274658203 Z M35.0 124.5 C35.0 126.97000122070312 37.029998779296875 129.0 39.5 129.0 L160.5 129.0 C162.97000122070312 129.0 165.0 126.97000122070312 165.0 124.5 C165.0 122.0199966430664 162.97000122070312 120.0 160.5 120.0 L39.5 120.0 C37.029998779296875 120.0 35.0 122.0199966430664 35.0 124.5 Z M160.5 148.0 L39.5 148.0 C37.029998779296875 148.0 35.0 150.02000427246094 35.0 152.5 C35.0 154.97000122070312 37.029998779296875 157.0 39.5 157.0 L160.5 157.0 C162.97000122070312 157.0 165.0 154.97000122070312 165.0 152.5 C165.0 150.02000427246094 162.97000122070312 148.0 160.5 148.0 Z""></path></svg>"
aa72b958784d741e2f739f3de8cd87ec,"<svg xmlns=""http://www.w3.org/2000/svg"" viewBox=""0.0 0.0 200.0 200.0"" height=""200.0px"" width=""200.0px""><path fill="""" fill-opacity=""1.0""  filling=""0"" d=""M64.357421875 148.83984375 L28.90625 148.83984375 C27.017578125 148.83984375 25.48828125 147.310546875 25.48828125 145.421875 C25.48828125 143.533203125 27.017578125 142.00390625 28.90625 142.00390625 L60.939453125 142.00390625 L60.939453125 44.53125 C60.939453125 42.642581939697266 62.46875 41.11328125 64.357421875 41.11328125 C66.24609375 41.11328125 67.775390625 42.642581939697266 67.775390625 44.53125 L67.775390625 145.421875 C67.775390625 147.310546875 66.24609375 148.83984375 64.357421875 148.83984375 Z M76.025390625 124.33399200439453 C75.853515625 124.33399200439453 75.677734375 124.3203125 75.501953125 124.294921875 C73.63671875 124.0078125 72.35546875 122.263671875 72.642578125 120.3984375 L82.265625 57.6796875 C82.97265625 53.066410064697266 85.314453125 48.8515625 88.85546875 45.810543060302734 A19.560546875 19.560546875 0.0 0 1 101.5859375 41.095703125 L116.560546875 41.095703125 C122.40624237060547 41.095703125 127.1640625 45.8515625 127.1640625 51.699222564697266 L127.1640625 81.35546875 C127.1640625 83.244140625 125.634765625 84.7734375 123.74609375 84.7734375 C121.85741424560547 84.7734375 120.328125 83.244140625 120.328125 81.35546875 L120.328125 51.699222564697266 C120.328125 49.623046875 118.638671875 47.931640625 116.560546875 47.931640625 L101.5859375 47.931640625 C98.55078125 47.931640625 95.611328125 49.019527435302734 93.306640625 50.998043060302734 C91.001953125 52.9765625 89.482421875 55.71484375 89.021484375 58.716796875 L79.3984375 121.435546875 C79.138671875 123.125 77.68359375 124.3359375 76.0234375 124.3359375 L76.025390625 124.33399200439453 Z M79.16015625 148.82421875 L64.5078125 148.82421875 C62.619136810302734 148.82421875 61.08984375 147.294921875 61.08984375 145.40625 L61.08984375 120.91602325439453 C61.08984375 119.02734375 62.619136810302734 117.49805450439453 64.5078125 117.49805450439453 L109.826171875 117.49805450439453 C115.6171875 117.49805450439453 120.328125 112.78710174560547 120.328125 106.99609375 L120.328125 82.818359375 C120.328125 80.9296875 121.85741424560547 79.400390625 123.74609375 79.400390625 L146.044921875 79.400390625 C159.1796875 79.400390625 169.8671875 90.0859375 169.8671875 103.22265625 L169.8671875 138.791015625 C169.8671875 140.6796875 168.337890625 142.208984375 166.44921875 142.208984375 C164.560546875 142.208984375 163.03125 140.6796875 163.03125 138.791015625 L163.03125 103.22265625 C163.03125 93.857421875 155.412109375 86.236328125 146.044921875 86.236328125 L127.1640625 86.236328125 L127.1640625 106.99609375 C127.1640625 116.556640625 119.38671875 124.33399200439453 109.826171875 124.33399200439453 L67.92578125 124.33399200439453 L67.92578125 141.98828125 L79.16015625 141.98828125 C81.048828125 141.98828125 82.578125 143.517578125 82.578125 145.40625 C82.578125 147.294921875 81.048828125 148.82421875 79.16015625 148.82421875 Z M136.650390625 148.82421875 L102.185546875 148.82421875 C100.296875 148.82421875 98.767578125 147.294921875 98.767578125 145.40625 C98.767578125 143.517578125 100.296875 141.98828125 102.185546875 141.98828125 L136.650390625 141.98828125 C138.5390625 141.98828125 140.068359375 143.517578125 140.068359375 145.40625 C140.068359375 147.294921875 138.5390625 148.82421875 136.650390625 148.82421875 Z M152.6328125 163.4765625 C142.66796875 163.4765625 134.5625 155.37109375 134.5625 145.40625 C134.5625 135.44140625 142.66796875 127.3359375 152.6328125 127.3359375 C162.59765625 127.3359375 170.703125 135.44140625 170.703125 145.40625 C170.703125 155.37109375 162.59765625 163.4765625 152.6328125 163.4765625 Z M152.6328125 134.171875 C146.4375 134.171875 141.3984375 139.2109375 141.3984375 145.40625 C141.3984375 151.6015625 146.4375 156.640625 152.6328125 156.640625 C158.828125 156.640625 163.8671875 151.6015625 163.8671875 145.40625 C163.8671875 139.2109375 158.828125 134.171875 152.6328125 134.171875 Z M90.673828125 163.4765625 C82.44140625 163.4765625 75.7421875 156.779296875 75.7421875 148.544921875 C75.7421875 140.310546875 82.439453125 133.615234375 90.673828125 133.615234375 C98.908203125 133.615234375 105.60546875 140.3125 105.60546875 148.544921875 C105.60546875 156.77734375 98.908203125 163.4765625 90.673828125 163.4765625 Z M90.673828125 140.451171875 C86.2109375 140.451171875 82.578125 144.08203125 82.578125 148.544921875 C82.578125 153.0078125 86.208984375 156.640625 90.673828125 156.640625 C95.138671875 156.640625 98.76953125 153.009765625 98.76953125 148.544921875 C98.76953125 144.080078125 95.138671875 140.451171875 90.673828125 140.451171875 Z M166.447265625 105.8828125 L152.6328125 105.8828125 C150.744140625 105.8828125 149.21484375 104.35350799560547 149.21484375 102.46484375 C149.21484375 100.576171875 150.744140625 99.046875 152.6328125 99.046875 L166.447265625 99.046875 C168.3359375 99.046875 169.865234375 100.576171875 169.865234375 102.46484375 C169.865234375 104.35350799560547 168.3359375 105.8828125 166.447265625 105.8828125 Z M166.447265625 119.9453125 L152.6328125 119.9453125 C150.744140625 119.9453125 149.21484375 118.416015625 149.21484375 116.52734375 C149.21484375 114.638671875 150.744140625 113.109375 152.6328125 113.109375 L166.447265625 113.109375 C168.3359375 113.109375 169.865234375 114.638671875 169.865234375 116.52734375 C169.865234375 118.416015625 168.3359375 119.9453125 166.447265625 119.9453125 Z""></path></svg>"
e8da5391556ebf803535dd7b25f4e664,"<svg xmlns=""http://www.w3.org/2000/svg"" viewBox=""0.0 0.0 200.0 200.0"" height=""200.0px"" width=""200.0px""><path fill=""#000000"" fill-opacity=""1.0""  filling=""0"" d=""M102.8941421508789 35.29413604736328 L102.14706420898438 35.335350036621094 C95.6587905883789 36.02949523925781 95.12948608398438 45.79413986206055 101.97050476074219 46.88827896118164 L143.005859375 53.44120788574219 L149.5646514892578 94.4765625 C150.6999969482422 101.57051086425781 161.15293884277344 100.7412109375 161.15293884277344 93.55879211425781 L161.15293884277344 42.15878677368164 C161.15293884277344 38.364646911621094 158.08242797851562 35.29413604736328 154.2941436767578 35.29413604736328 L102.8941421508789 35.29413604736328 Z M41.129493713378906 97.05879211425781 L40.38241958618164 97.0999984741211 C33.894142150878906 97.79413604736328 33.370506286621094 107.55878448486328 40.20586013793945 108.65292358398438 L81.2412109375 115.20585632324219 L87.80000305175781 156.2412109375 C88.93534851074219 163.33534240722656 99.3882827758789 162.505859375 99.3882827758789 155.32342529296875 L99.3882827758789 103.9234390258789 C99.3882827758789 100.1294937133789 96.31758117675781 97.05879211425781 92.52949523925781 97.05879211425781 L41.129493713378906 97.05879211425781 Z""></path>
<path fill=""#000000"" fill-opacity=""1.0""  filling=""0"" d=""M123.41171264648438 66.17655944824219 L72.01171875 66.17655944824219 C64.8294906616211 66.17655944824219 63.994140625 76.63534545898438 71.0882797241211 77.7646484375 L110.89999389648438 84.1294937133789 C111.62950134277344 84.2470703125 112.20586395263672 84.81757354736328 112.32344055175781 85.55293273925781 L118.67656707763672 125.35877990722656 C119.81758117675781 132.4529266357422 130.2765655517578 131.62344360351562 130.2765655517578 124.44120788574219 L130.2765655517578 73.04121398925781 C130.2765655517578 69.2470703125 127.19999694824219 66.17655944824219 123.41171264648438 66.17655944824219 Z""></path></svg>"
65a8cc311b2f6a8372023c24a19e2a98,"<svg xmlns=""http://www.w3.org/2000/svg"" viewBox=""0.0 0.0 200.0 200.0"" height=""200.0px"" width=""200.0px""><path fill=""#303C42"" fill-opacity=""1.0""  filling=""0"" d=""M86.09400177001953 199.218994140625 C75.625 199.218994140625 65.31199645996094 196.718994140625 55.78099822998047 191.718994140625 C26.25 176.25 12.969001770019531 140.0 25.46900177001953 109.21900177001953 C30.625 96.56199645996094 39.375 86.09400177001953 50.78099822998047 78.75 C50.9370002746582 78.59400177001953 51.09400177001953 78.59400177001953 51.25 78.43800354003906 L169.843994140625 1.4059982299804688 C171.25 0.46900177001953125 173.125 0.9380035400390625 174.06199645996094 2.3440017700195312 L197.343994140625 38.125 C197.81199645996094 38.75 197.968994140625 39.6879997253418 197.81199645996094 40.46900177001953 C197.656005859375 41.25 197.18800354003906 42.03099822998047 196.406005859375 42.34400177001953 L160.93800354003906 65.15599822998047 C146.25 74.68800354003906 140.625 93.125 147.18800354003906 110.15599822998047 C153.593994140625 127.03099822998047 152.968994140625 145.156005859375 145.31199645996094 161.56199645996094 C137.656005859375 177.81199645996094 124.06199645996094 190.0 106.875 195.781005859375 C100.15599822998047 198.125 93.125 199.218994140625 86.09400177001953 199.218994140625 Z M55.0 83.28099822998047 C54.84400177001953 83.43800354003906 54.6879997253418 83.59400177001953 54.53099822998047 83.59400177001953 C43.90599822998047 90.31199645996094 35.93800354003906 99.84400177001953 31.25 111.40599822998047 C19.84400177001953 139.375 32.03099822998047 172.18800354003906 58.75 186.25 C73.28099822998047 193.75 89.68800354003906 195.156005859375 105.15599822998047 190.0 C120.625 184.843994140625 132.968994140625 173.75 139.843994140625 159.06199645996094 C146.718994140625 144.375 147.343994140625 127.81199645996094 141.56199645996094 112.5 C133.906005859375 92.81199645996094 140.625 71.25 157.656005859375 60.0 L190.468994140625 38.75 L170.625 8.125 L55.0 83.28099822998047 Z""></path>
<path fill=""#303C42"" fill-opacity=""1.0""  filling=""0"" d=""M86.25 171.25 C73.90599822998047 171.25 61.875 165.156005859375 54.6879997253418 154.218994140625 C49.21900177001953 145.781005859375 47.34400177001953 135.781005859375 49.375 125.93800354003906 C51.40599822998047 116.09400177001953 57.1870002746582 107.65599822998047 65.625 102.18800354003906 C82.96900177001953 90.93800354003906 106.40599822998047 95.78099822998047 117.65599822998047 113.28099822998047 C128.906005859375 130.625 124.06199645996094 154.06199645996094 106.56199645996094 165.31199645996094 C100.31199645996094 169.375 93.28099822998047 171.25 86.25 171.25 Z M86.09400177001953 99.21900177001953 C79.68800354003906 99.21900177001953 73.125 101.09400177001953 67.34400177001953 104.84400177001953 C59.6879997253418 109.84400177001953 54.375 117.65599822998047 52.34400177001953 126.56199645996094 C50.46900177001953 135.625 52.1879997253418 144.843994140625 57.1870002746582 152.5 C67.5 168.43800354003906 88.90599822998047 172.968994140625 105.0 162.656005859375 C120.93800354003906 152.343994140625 125.46900177001953 130.93800354003906 115.15599822998047 114.84400177001953 C108.59400177001953 104.68800354003906 97.5 99.21900177001953 86.09400177001953 99.21900177001953 Z M22.34400177001953 195.31199645996094 C20.938003540039062 195.31199645996094 19.53099822998047 195.156005859375 18.125 194.843994140625 C12.811996459960938 193.75 8.280998229980469 190.625 5.469001770019531 186.093994140625 C-0.625 176.718994140625 2.0309982299804688 164.218994140625 11.405998229980469 158.125 L25.15599822998047 149.218994140625 C25.938003540039062 148.75 27.03099822998047 148.593994140625 27.811996459960938 148.906005859375 C28.75 149.218994140625 29.375 150.0 29.688003540039062 150.93800354003906 C32.96900177001953 161.56199645996094 39.0620002746582 171.093994140625 47.34400177001953 178.281005859375 C48.125 178.906005859375 48.4379997253418 179.843994140625 48.4379997253418 180.781005859375 C48.4379997253418 181.718994140625 47.8120002746582 182.656005859375 47.03099822998047 183.125 L33.43800354003906 192.031005859375 C30.0 194.218994140625 26.25 195.31199645996094 22.34400177001953 195.31199645996094 Z M25.15599822998047 156.718994140625 L14.688003540039062 163.43800354003906 C8.280998229980469 167.656005859375 6.405998229980469 176.406005859375 10.625 182.81199645996094 C12.655998229980469 185.93800354003906 15.780998229980469 188.125 19.53099822998047 188.906005859375 C23.125 189.68800354003906 26.875 189.06199645996094 30.0 186.875 L40.3120002746582 180.156005859375 C33.59400177001953 173.593994140625 28.438003540039062 165.625 25.15599822998047 156.718994140625 Z""></path></svg>"
4b184fd59f863d57f3b442899fd44ad3,"<svg xmlns=""http://www.w3.org/2000/svg"" viewBox=""0.0 0.0 200.0 200.0"" height=""200.0px"" width=""200.0px""><path fill=""currentColor"" fill-opacity=""1.0""  filling=""0"" d=""M36.9010009765625 168.87399291992188 L16.7969970703125 168.8730010986328 C13.345001220703125 168.8730010986328 10.5469970703125 166.0749969482422 10.5469970703125 162.6230010986328 C10.5469970703125 159.20599365234375 13.28900146484375 156.4290008544922 16.69300079345703 156.37399291992188 L16.7969970703125 156.3730010986328 L34.082000732421875 156.3730010986328 L82.24199676513672 76.04199981689453 A6.25 6.25 0.0 0 1 88.84700012207031 73.13099670410156 L88.93099975585938 73.14900207519531 L184.7270050048828 93.98999786376953 C188.10000610351562 94.7239990234375 190.23899841308594 98.05400085449219 189.50599670410156 101.4260025024414 C188.7790069580078 104.76499938964844 185.50900268554688 106.89600372314453 182.17100524902344 106.22599792480469 L182.07000732421875 106.20500183105469 L90.65699768066406 86.31600189208984 L56.83000183105469 142.73800659179688 L105.02999877929688 111.5250015258789 C108.052001953125 109.56800079345703 112.08899688720703 110.56400299072266 113.86100006103516 113.68099975585938 L113.91300201416016 113.7760009765625 L137.16799926757812 156.3730010986328 L151.1490020751953 156.3730010986328 L169.56399536132812 122.14700317382812 C171.1999969482422 119.10700225830078 174.99000549316406 117.96900177001953 178.02999877929688 119.60399627685547 C181.03900146484375 121.2229995727539 182.18499755859375 124.9540023803711 180.62100219726562 127.97799682617188 L180.57200622558594 128.06900024414062 L165.343994140625 156.3730010986328 L183.3979949951172 156.3730010986328 C186.85000610351562 156.3730010986328 189.6479949951172 159.17100524902344 189.6479949951172 162.6230010986328 C189.6479949951172 166.04100036621094 186.906005859375 168.81700134277344 183.5019989013672 168.8719940185547 L183.3979949951172 168.8730010986328 L158.6179962158203 168.8730010986328 L151.41700744628906 182.25799560546875 C149.78199768066406 185.29800415039062 145.99099731445312 186.43600463867188 142.95199584960938 184.80099487304688 C139.94200134277344 183.1820068359375 138.7969970703125 179.4510040283203 140.36099243164062 176.427001953125 L140.40899658203125 176.33599853515625 L144.4239959716797 168.8730010986328 L133.5749969482422 168.87399291992188 C133.4969940185547 168.875 133.41900634765625 168.875 133.34100341796875 168.8730010986328 L38.321998596191406 168.87399291992188 C37.840999603271484 168.9320068359375 37.36399841308594 168.92999267578125 36.9010009765625 168.87399291992188 Z M106.16999816894531 125.67900085449219 L58.770999908447266 156.3730010986328 L122.927001953125 156.3730010986328 L106.16999816894531 125.67900085449219 Z M125.16899871826172 14.648002624511719 C140.12399291992188 14.648002624511719 152.24400329589844 26.77899932861328 152.24400329589844 41.7400016784668 C152.24400329589844 56.70199966430664 140.12399291992188 68.83200073242188 125.16899871826172 68.83200073242188 C110.21499633789062 68.83200073242188 98.09400177001953 56.70199966430664 98.09400177001953 41.7400016784668 C98.09400177001953 26.77899932861328 110.21499633789062 14.648002624511719 125.16899871826172 14.648002624511719 Z M125.16899871826172 27.14800262451172 C117.12100219726562 27.14800262451172 110.59400177001953 33.68000030517578 110.59400177001953 41.7400016784668 C110.59400177001953 49.79999923706055 117.12100219726562 56.332000732421875 125.16899871826172 56.332000732421875 C133.21800231933594 56.332000732421875 139.74400329589844 49.79999923706055 139.74400329589844 41.7400016784668 C139.74400329589844 33.68000030517578 133.21800231933594 27.14800262451172 125.16899871826172 27.14800262451172 Z""></path></svg>"
fb0d5ee90f5bbf7c8d887e8126e2e196,"<svg xmlns=""http://www.w3.org/2000/svg"" viewBox=""0.0 0.0 200.0 200.0"" height=""200.0px"" width=""200.0px""><path fill=""#BDBCBC"" fill-opacity=""1.0""  filling=""0"" d=""M137.93104553222656 96.5517578125 C113.1724624633789 96.5517578125 93.103515625 116.62071228027344 93.103515625 141.37930297851562 C93.103515625 166.13787841796875 113.1724624633789 186.20684814453125 137.93104553222656 186.20684814453125 C162.6896514892578 186.20684814453125 182.7585906982422 166.13787841796875 182.7585906982422 141.37930297851562 C182.7585906982422 116.62071228027344 162.6896514892578 96.5517578125 137.93104553222656 96.5517578125 Z M168.96543884277344 151.72421264648438 L131.37930297851562 151.72421264648438 L131.37930297851562 118.96543884277344 L144.82754516601562 118.96543884277344 L144.82754516601562 137.93104553222656 L168.96543884277344 137.93104553222656 L168.96543884277344 151.72421264648438 Z""></path>
<path fill="""" fill-opacity=""1.0""  filling=""0"" d=""M79.31034851074219 141.37930297851562 C79.31034851074219 136.62069702148438 79.93106079101562 132.03457641601562 81.0 127.58613586425781 L34.482810974121094 127.58613586425781 L34.482810974121094 31.034568786621094 L141.37930297851562 31.034568786621094 L141.37930297851562 82.9310531616211 C147.4138641357422 83.27578735351562 153.2068328857422 84.5517578125 158.62069702148438 86.58613586425781 L158.62069702148438 13.793167114257812 L17.241409301757812 13.793167114257812 L17.241409301757812 186.20684814453125 L100.24140930175781 186.20684814453125 C87.4482421875 175.4482421875 79.31034851074219 159.3449249267578 79.31034851074219 141.37930297851562 Z""></path></svg>"
59dd6e85af22bfbbc3847fd8abc1123d,"<svg height=""128"" viewBox=""0 0 64 64"" width=""128"" xmlns=""http://www.w3.org/2000/svg""><g stroke-miterlimit=""10"" stroke-width=""2""><g fill=""#22b573""><path d=""m22.5 24.25a5.25 5.25 0 0 1 5.25 5.25v13.5a0 0 0 0 1 0 0h-10.5a0 0 0 0 1 0 0v-13.5a5.25 5.25 0 0 1 5.25-5.25z"" stroke=""#004924""/><path d=""m41.5 24.25a5.25 5.25 0 0 1 5.25 5.25v13.5a0 0 0 0 1 0 0h-10.5a0 0 0 0 1 0 0v-13.5a5.25 5.25 0 0 1 5.25-5.25z"" stroke=""#004924""/><path d=""m37.25 43.25h-10.5l-2.18-26.87c-.43-5.33 2.43-10.13 6.43-10.13h2c4 0 6.84 4.8 6.41 10.13z"" stroke=""#004924""/></g><path d=""m44.3 57.75h-24.6l-3.56-9.56h31.72z"" fill=""#8c6239"" stroke=""#42210b""/><rect fill=""#c69c6d"" height=""5"" rx=""1.83"" stroke=""#42210b"" width=""38.25"" x=""12.88"" y=""43.25""/><g fill=""none"" stroke=""#004924"" stroke-linecap=""round""><path d=""m25.69 13l-4.13-3.75""/><path d=""m37.87 15.93l4.51-4.11""/><path d=""m19.19 27.63l-4.13-3.75""/><path d=""m18.69 35l-4.13-3.75""/><path d=""m45.23 37.58l4.41-4.03""/><path d=""m43.22 25.57l3.37-3.05""/></g></g><g fill=""#33d186""><circle cx=""34.75"" cy=""13.5"" r=""1.75""/><circle cx=""31.75"" cy=""29.5"" r=""1.75""/><circle cx=""28.75"" cy=""12.5"" r=""1.75""/><circle cx=""33.75"" cy=""37.5"" r=""1.75""/><circle cx=""30.75"" cy=""21.5"" r=""1.75""/><circle cx=""20.75"" cy=""30.5"" r=""1.75""/><circle cx=""41.75"" cy=""33.5"" r=""1.75""/><circle cx=""22.75"" cy=""38.5"" r=""1.75""/></g><path d=""m25.53 19.88l-3.37-3.07"" fill=""none"" stroke=""#004924"" stroke-linecap=""round"" stroke-miterlimit=""10"" stroke-width=""2""/></svg>"
3165710c4ec1bc05e3bab203b84cfc31,"<svg xmlns=""http://www.w3.org/2000/svg"" viewBox=""0.0 0.0 200.0 200.0"" height=""200.0px"" width=""200.0px""><path fill=""#272636"" fill-opacity=""1.0""  filling=""0"" d=""M41.361000061035156 167.8350067138672 C41.361000061035156 178.51100158691406 50.11399841308594 187.2429962158203 60.81399917602539 187.2429962158203 L138.61900329589844 187.2429962158203 C149.31700134277344 187.2429962158203 158.07000732421875 178.51100158691406 158.07000732421875 167.8350067138672 L158.07000732421875 55.946998596191406 L41.361000061035156 55.946998596191406 L41.361000061035156 167.8350067138672 L41.361000061035156 167.8350067138672 Z M172.65899658203125 26.768997192382812 L136.18699645996094 26.768997192382812 L123.97599792480469 12.180999755859375 L75.45600128173828 12.180999755859375 L63.24399948120117 26.768997192382812 L26.77300262451172 26.768997192382812 L26.77300262451172 41.356998443603516 L172.65899658203125 41.356998443603516 L172.65899658203125 26.768997192382812 L172.65899658203125 26.768997192382812 Z""></path></svg>"
6b06662971231ece5503a6e40505c924,"<svg xmlns=""http://www.w3.org/2000/svg"" viewBox=""0.0 0.0 200.0 200.0"" height=""200.0px"" width=""200.0px""><path fill=""#000000"" fill-opacity=""1.0""  filling=""0"" d=""M100.0 166.66700744628906 A66.66699981689453 66.66699981689453 0.0 1 0 100.0 33.33300018310547 A66.66699981689453 66.66699981689453 0.0 0 0 100.0 166.66700744628906 Z M100.0 183.33299255371094 C53.974998474121094 183.33299255371094 16.66699981689453 146.02499389648438 16.66699981689453 100.0 C16.66699981689453 53.974998474121094 53.974998474121094 16.66699981689453 100.0 16.66699981689453 C146.02499389648438 16.66699981689453 183.33299255371094 53.974998474121094 183.33299255371094 100.0 C183.33299255371094 146.02499389648438 146.02499389648438 183.33299255371094 100.0 183.33299255371094 Z M100.0 116.66699981689453 A16.66699981689453 16.66699981689453 0.0 1 1 100.0 83.33300018310547 A16.66699981689453 16.66699981689453 0.0 0 1 100.0 116.66699981689453 Z""></path></svg>"
5c56c8e83a28b416d34f93edcf423b25,"<svg xmlns=""http://www.w3.org/2000/svg"" viewBox=""0.0 0.0 200.0 200.0"" height=""200.0px"" width=""200.0px""><path fill=""#444444"" fill-opacity=""1.0""  filling=""0"" d=""M79.76200103759766 79.4749984741211 C79.76200103759766 81.13800048828125 81.0250015258789 82.4749984741211 82.57499694824219 82.4749984741211 L82.63099670410156 82.4749984741211 C83.20600128173828 90.35600280761719 89.41899871826172 98.24400329589844 97.00599670410156 98.24400329589844 C104.59400177001953 98.24400329589844 110.78700256347656 90.35600280761719 111.38099670410156 82.4749984741211 L111.43099975585938 82.4749984741211 C113.0 82.4749984741211 114.25 81.13800048828125 114.25 79.4749984741211 C114.25 78.26899719238281 113.56199645996094 77.2249984741211 112.57499694824219 76.75599670410156 C113.1500015258789 74.98100280761719 113.45600128173828 73.08799743652344 113.45600128173828 71.11299896240234 C113.45600128173828 61.46900177001953 106.08799743652344 53.650001525878906 97.0 53.650001525878906 C87.91200256347656 53.650001525878906 80.53700256347656 61.46200180053711 80.53700256347656 71.11299896240234 C80.53700256347656 73.08799743652344 80.8499984741211 74.9749984741211 81.41899871826172 76.75599670410156 C80.44999694824219 77.2249984741211 79.76200103759766 78.26899719238281 79.76200103759766 79.4749984741211 L79.76200103759766 79.4749984741211 L79.76200103759766 79.4749984741211 L79.76200103759766 79.4749984741211 Z M62.04399871826172 126.21299743652344 L131.968994140625 126.21299743652344 C132.81199645996094 126.21299743652344 133.5 125.5250015258789 133.5 124.67500305175781 L133.5 119.19400024414062 C133.5 118.78800201416016 133.33099365234375 118.38700103759766 133.03700256347656 118.0999984741211 C126.31199645996094 111.56900024414062 118.11299896240234 106.96900177001953 109.28700256347656 104.76899719238281 C109.06300354003906 104.64399719238281 108.81900024414062 104.58100128173828 108.55599975585938 104.58100128173828 L107.75599670410156 104.58100128173828 C107.5 104.58100128173828 107.25 104.63800048828125 107.03099822998047 104.76200103759766 C104.36900329589844 106.18800354003906 100.71299743652344 107.01200103759766 97.00599670410156 107.01200103759766 C93.30000305175781 107.01200103759766 89.6500015258789 106.18800354003906 86.98100280761719 104.76200103759766 C86.75599670410156 104.63800048828125 86.50599670410156 104.58100128173828 86.25599670410156 104.58100128173828 L85.66300201416016 104.58100128173828 C85.55000305175781 104.58100128173828 85.42500305175781 104.58699798583984 85.31199645996094 104.61900329589844 C76.26899719238281 106.76300048828125 67.83100128173828 111.41899871826172 60.96900177001953 118.0999984741211 C60.67499923706055 118.38099670410156 60.5 118.78099822998047 60.5 119.19400024414062 L60.5 124.67500305175781 C60.51300048828125 125.5250015258789 61.194000244140625 126.20600128173828 62.04399871826172 126.20600128173828 L62.04399871826172 126.20600128173828 L62.04399871826172 126.20600128173828 L62.04399871826172 126.20600128173828 L62.04399871826172 126.21299743652344 Z M137.06199645996094 145.75 L56.9370002746582 145.75 C55.49399948120117 145.75 54.3120002746582 146.9250030517578 54.3120002746582 148.38800048828125 C54.3120002746582 149.85000610351562 55.487998962402344 151.0189971923828 56.9370002746582 151.0189971923828 L137.06199645996094 151.0189971923828 C138.51300048828125 151.0189971923828 139.70599365234375 149.843994140625 139.70599365234375 148.38800048828125 C139.70599365234375 146.93099975585938 138.51300048828125 145.75 137.06199645996094 145.75 L137.06199645996094 145.75 L137.06199645996094 145.75 L137.06199645996094 145.75 Z M137.06199645996094 165.18800354003906 L56.9370002746582 165.18800354003906 C55.49399948120117 165.18800354003906 54.3120002746582 166.36300659179688 54.3120002746582 167.81900024414062 C54.3120002746582 169.27499389648438 55.487998962402344 170.4499969482422 56.9370002746582 170.4499969482422 L137.06199645996094 170.4499969482422 C138.51300048828125 170.4499969482422 139.70599365234375 169.27499389648438 139.70599365234375 167.81900024414062 C139.70599365234375 166.36300659179688 138.51300048828125 165.18800354003906 137.06199645996094 165.18800354003906 L137.06199645996094 165.18800354003906 L137.06199645996094 165.18800354003906 L137.06199645996094 165.18800354003906 Z M175.04400634765625 32.66899871826172 L146.6439971923828 4.6750030517578125 C145.41299438476562 3.4629974365234375 143.75599670410156 2.7750015258789062 142.00599670410156 2.7750015258789062 L29.561996459960938 2.7750015258789062 C25.925003051757812 2.7750015258789062 22.981002807617188 5.719001770019531 22.981002807617188 9.362998962402344 L22.981002807617188 190.63800048828125 C22.981002807617188 194.27499389648438 25.925003051757812 197.218994140625 29.555999755859375 197.218994140625 L170.41900634765625 197.218994140625 C174.05599975585938 197.218994140625 176.99400329589844 194.27499389648438 176.99400329589844 190.63800048828125 L176.99400329589844 37.35599899291992 C176.99400329589844 35.60600280761719 176.28799438476562 33.92500305175781 175.031005859375 32.66200256347656 L175.031005859375 32.66200256347656 L175.031005859375 32.66200256347656 L175.031005859375 32.66200256347656 L175.04400634765625 32.66899871826172 Z M36.15599822998047 184.06199645996094 L36.15599822998047 15.962997436523438 L138.06900024414062 15.962997436523438 L138.06900024414062 37.4379997253418 C138.06900024414062 39.61899948120117 139.83700561523438 41.387001037597656 142.00599670410156 41.387001037597656 L163.83099365234375 41.387001037597656 L163.83099365234375 184.06199645996094 L36.15599822998047 184.06199645996094 Z""></path></svg>"
a2d1bf0ffbd0fc75ac9844c67e3ac8a1,"<svg xmlns=""http://www.w3.org/2000/svg"" viewBox=""0.0 0.0 200.0 200.0"" height=""200.0px"" width=""200.0px""><path fill=""#424752"" fill-opacity=""1.0""  filling=""0"" d=""M177.2729949951172 189.09100341796875 L154.54600524902344 177.7270050048828 L136.36399841308594 186.8179931640625 L118.18199920654297 177.7270050048828 L100.0 186.8179931640625 L81.81800079345703 177.7270050048828 L63.63600158691406 186.8179931640625 L45.45399856567383 177.7270050048828 L22.72699737548828 189.09100341796875 L22.72699737548828 18.18199920654297 L177.2729949951172 18.18199920654297 L177.2729949951172 189.09100341796875 Z M118.18199920654297 167.7270050048828 L136.36399841308594 176.8179931640625 L154.54600524902344 167.7270050048828 L168.1820068359375 174.54600524902344 L168.1820068359375 27.27300262451172 L31.81800079345703 27.27300262451172 L31.81800079345703 174.54600524902344 L45.45399856567383 167.7270050048828 L63.63600158691406 176.8179931640625 L81.81800079345703 167.7270050048828 L100.0 176.8179931640625 L118.18199920654297 167.7270050048828 Z""></path>
<path fill=""#424752"" fill-opacity=""1.0""  filling=""0"" d=""M38.63600158691406 45.45399856567383 L88.63600158691406 45.45399856567383 L88.63600158691406 54.54600143432617 L38.63600158691406 54.54600143432617 L38.63600158691406 45.45399856567383 Z M38.63600158691406 113.63600158691406 L88.63600158691406 113.63600158691406 L88.63600158691406 122.72699737548828 L38.63600158691406 122.72699737548828 L38.63600158691406 113.63600158691406 Z M40.909000396728516 140.90899658203125 L136.36399841308594 140.90899658203125 L136.36399841308594 150.0 L40.909000396728516 150.0 L40.909000396728516 140.90899658203125 Z M38.63600158691406 72.72699737548828 L143.1820068359375 72.72699737548828 L143.1820068359375 81.81800079345703 L38.63600158691406 81.81800079345703 L38.63600158691406 72.72699737548828 Z""></path></svg>"
d6d8cf166fd37b01091d10c22ce10024,"<svg xmlns=""http://www.w3.org/2000/svg"" viewBox=""0.0 0.0 200.0 200.0"" height=""200.0px"" width=""200.0px""><path fill=""#0DB14B"" fill-opacity=""1.0""  filling=""0"" d=""M140.08099365234375 92.5739974975586 C157.1300048828125 102.05999755859375 164.66099548339844 121.2760009765625 164.66099548339844 139.10000610351562 C164.66099548339844 167.3560028076172 136.29299926757812 192.5800018310547 99.99600219726562 186.61900329589844 C65.78700256347656 192.57699584960938 35.33900451660156 167.3560028076172 35.33900451660156 139.10000610351562 C35.33900451660156 121.88400268554688 44.07699966430664 102.25 60.196998596191406 92.26300048828125 C64.09700012207031 68.89600372314453 78.9260025024414 45.39799880981445 99.99600219726562 51.683998107910156 C124.78800201416016 44.4739990234375 137.09100341796875 68.88700103759766 140.08099365234375 92.5739974975586 Z""></path>
<path fill=""#030504"" fill-opacity=""1.0""  filling=""0"" d=""M140.08099365234375 92.5739974975586 C137.2480010986328 70.12799835205078 126.04399871826172 47.04999923706055 103.78299713134766 50.82699966430664 C119.98100280761719 53.89799880981445 128.45899963378906 73.46600341796875 130.87100219726562 92.5739974975586 C147.91900634765625 102.05999755859375 155.4499969482422 121.2760009765625 155.4499969482422 139.10000610351562 C155.4499969482422 163.26699829101562 134.6909942626953 185.197998046875 105.9749984741211 187.31500244140625 C139.35899353027344 189.7480010986328 164.66000366210938 165.7830047607422 164.66000366210938 139.10000610351562 C164.66099548339844 121.2760009765625 157.1300048828125 102.05999755859375 140.08099365234375 92.5739974975586 Z""></path>
<path fill=""#FFFFFF"" fill-opacity=""1.0""  filling=""0"" d=""M72.31400299072266 97.2030029296875 C72.15399932861328 97.2030029296875 71.99299621582031 97.19000244140625 71.83100128173828 97.16300201416016 C70.24099731445312 96.89800262451172 69.16899871826172 95.39600372314453 69.43399810791016 93.80599975585938 C71.7509994506836 79.9209976196289 77.77799987792969 68.0479965209961 85.16200256347656 62.81800079345703 C86.48100280761719 61.8849983215332 88.2979965209961 62.19900131225586 89.22799682617188 63.512001037597656 C90.15899658203125 64.82599639892578 89.8489990234375 66.64800262451172 88.53500366210938 67.5780029296875 C82.46499633789062 71.8759994506836 77.22699737548828 82.5479965209961 75.18699645996094 94.76599884033203 C74.94999694824219 96.19300079345703 73.71299743652344 97.2030029296875 72.31400299072266 97.2030029296875 Z""></path>
<path fill=""#152B3C"" fill-opacity=""1.0""  filling=""0"" d=""M100.3949966430664 60.63800048828125 C100.21299743652344 60.63800048828125 100.0260009765625 60.62099838256836 99.83999633789062 60.584999084472656 C98.25900268554688 60.279998779296875 97.2239990234375 58.750999450683594 97.52799987792969 57.16899871826172 C99.98899841308594 44.40999984741211 97.57099914550781 33.884002685546875 97.54499816894531 33.77899932861328 C97.1760025024414 32.21299743652344 98.1449966430664 30.641998291015625 99.71099853515625 30.27099609375 C101.27200317382812 29.89599609375 102.84700012207031 30.86199951171875 103.22100067138672 32.43000030517578 C103.33499908447266 32.90399932861328 105.96600341796875 44.222999572753906 103.25599670410156 58.27399826049805 C102.98699951171875 59.667999267578125 101.76499938964844 60.63800048828125 100.3949966430664 60.63800048828125 Z""></path>
<path fill=""#2577FF"" fill-opacity=""1.0""  filling=""0"" d=""M75.64199829101562 16.987998962402344 C76.61900329589844 15.997001647949219 87.15599822998047 16.834999084472656 94.26699829101562 23.841995239257812 C96.06400299072266 25.60700225830078 98.33799743652344 27.961997985839844 100.51100158691406 30.4010009765625 C103.58899688720703 24.847999572753906 108.50599670410156 19.522003173828125 114.72100067138672 16.326004028320312 C127.35600280761719 9.839996337890625 142.0070037841797 13.181999206542969 142.91200256347656 14.93499755859375 C136.9340057373047 36.88199996948242 114.81500244140625 41.98899841308594 103.91999816894531 42.8390007019043 C96.81999969482422 45.7859992980957 88.12899780273438 40.770999908447266 82.7770004272461 35.5050048828125 C75.66600036621094 28.50299835205078 74.66600036621094 17.979995727539062 75.64199829101562 16.987998962402344 Z""></path>
<path fill=""#030504"" fill-opacity=""1.0""  filling=""0"" d=""M138.34100341796875 13.142997741699219 C130.80299377441406 31.41699981689453 110.98200225830078 35.90800476074219 100.8499984741211 36.698001861572266 C93.7509994506836 39.645999908447266 85.05899810791016 34.63099670410156 79.70700073242188 29.36499786376953 C78.55999755859375 28.236000061035156 77.58799743652344 27.011001586914062 76.74099731445312 25.75299835205078 C77.87699890136719 28.97900390625 79.77899932861328 32.553001403808594 82.7770004272461 35.50599670410156 C88.12899780273438 40.770999908447266 96.81999969482422 45.7869987487793 103.91999816894531 42.8390007019043 C114.81500244140625 41.98899841308594 136.9340057373047 36.88199996948242 142.91299438476562 14.93499755859375 C142.6230010986328 14.375 140.9219970703125 13.654998779296875 138.34100341796875 13.142997741699219 Z""></path></svg>"
e45dfbdabe4a1c72627e7fa971794dea,"<svg xmlns=""http://www.w3.org/2000/svg"" viewBox=""0.0 0.0 200.0 200.0"" height=""200.0px"" width=""200.0px""><path fill="""" fill-opacity=""1.0""  filling=""0"" d=""M83.3333969116211 50.0 C83.3333969116211 31.666603088378906 68.3333969116211 16.666603088378906 50.0 16.666603088378906 C31.666603088378906 16.666603088378906 16.666603088378906 31.666603088378906 16.666603088378906 50.0 C16.666603088378906 68.3333969116211 31.666603088378906 83.3333969116211 50.0 83.3333969116211 C55.0 83.3333969116211 59.166603088378906 82.5 63.333396911621094 80.0 L83.3333969116211 100.0 L63.333396911621094 120.0 C59.166603088378906 117.5 55.0 116.6666030883789 50.0 116.6666030883789 C31.666603088378906 116.6666030883789 16.666603088378906 131.66659545898438 16.666603088378906 150.0 C16.666603088378906 168.33340454101562 31.666603088378906 183.33340454101562 50.0 183.33340454101562 C68.3333969116211 183.33340454101562 83.3333969116211 168.33340454101562 83.3333969116211 150.0 C83.3333969116211 145.0 82.5 140.83340454101562 80.0 136.66659545898438 L100.0 116.6666030883789 L158.33340454101562 175.0 L191.66659545898438 175.0 L80.0 63.333396911621094 C82.5 59.166603088378906 83.3333969116211 55.0 83.3333969116211 50.0 Z M50.0 66.6666030883789 C40.83340072631836 66.6666030883789 33.333396911621094 59.166603088378906 33.333396911621094 50.0 C33.333396911621094 40.83340072631836 40.83340072631836 33.333396911621094 50.0 33.333396911621094 C59.166603088378906 33.333396911621094 66.6666030883789 40.83340072631836 66.6666030883789 50.0 C66.6666030883789 59.166603088378906 59.166603088378906 66.6666030883789 50.0 66.6666030883789 Z M50.0 166.66659545898438 C40.83340072631836 166.66659545898438 33.333396911621094 159.16659545898438 33.333396911621094 150.0 C33.333396911621094 140.83340454101562 40.83340072631836 133.33340454101562 50.0 133.33340454101562 C59.166603088378906 133.33340454101562 66.6666030883789 140.83340454101562 66.6666030883789 150.0 C66.6666030883789 159.16659545898438 59.166603088378906 166.66659545898438 50.0 166.66659545898438 Z M100.0 95.8333969116211 C102.5 95.8333969116211 104.1666030883789 97.5 104.1666030883789 100.0 C104.1666030883789 102.5 102.5 104.1666030883789 100.0 104.1666030883789 C97.5 104.1666030883789 95.8333969116211 102.5 95.8333969116211 100.0 C95.8333969116211 97.5 97.5 95.8333969116211 100.0 95.8333969116211 Z M191.66659545898438 25.0 L158.33340454101562 25.0 L108.3333969116211 75.0 L125.0 91.6666030883789 L191.66659545898438 25.0 Z""></path></svg>"
26f6ca54-40cb-4035-b19e-3e7403905497,"<svg xmlns=""http://www.w3.org/2000/svg"" viewBox=""0.0 0.0 200.0 200.0"" height=""200.0px"" width=""200.0px""><path fill=""#333333"" fill-opacity=""1.0""  filling=""0"" d=""M100.0 33.33300018310547 C60.178001403808594 33.33300018310547 27.777999877929688 65.73300170898438 27.777999877929688 105.55500030517578 C27.777999877929688 145.3780059814453 60.178001403808594 177.7779998779297 100.0 177.7779998779297 C139.82200622558594 177.7779998779297 172.2220001220703 145.3780059814453 172.2220001220703 105.55500030517578 C172.2220001220703 65.73300170898438 139.82200622558594 33.33300018310547 100.0 33.33300018310547 M100.0 188.88900756835938 C54.04999923706055 188.88900756835938 16.66699981689453 151.5050048828125 16.66699981689453 105.55500030517578 C16.66699981689453 59.60499954223633 54.04999923706055 22.222000122070312 100.0 22.222000122070312 C145.9499969482422 22.222000122070312 183.33299255371094 59.60499954223633 183.33299255371094 105.55500030517578 C183.33299255371094 151.5050048828125 145.9499969482422 188.88900756835938 100.0 188.88900756835938""></path>
<path fill=""#333333"" fill-opacity=""1.0""  filling=""0"" d=""M61.44499969482422 127.77799987792969 C63.93899917602539 138.43899536132812 80.19999694824219 150.0 100.0 150.0 C119.80500030517578 150.0 136.06700134277344 138.43899536132812 138.55499267578125 127.77799987792969 L61.44499969482422 127.77799987792969 Z M100.0 155.55499267578125 C74.97200012207031 155.55499267578125 55.55500030517578 139.1280059814453 55.55500030517578 125.0 A2.7780001163482666 2.7780001163482666 0.0 0 1 58.33300018310547 122.22200012207031 L141.66700744628906 122.22200012207031 A2.7780001163482666 2.7780001163482666 0.0 0 1 144.44500732421875 125.0 C144.44500732421875 139.1280059814453 125.03299713134766 155.55499267578125 100.0 155.55499267578125 Z M100.0 16.66699981689453 C51.81100082397461 16.66699981689453 22.222000122070312 26.37200164794922 22.222000122070312 33.33300018310547 C22.222000122070312 40.29499816894531 51.81100082397461 50.0 100.0 50.0 C148.18899536132812 50.0 177.7779998779297 40.29499816894531 177.7779998779297 33.33300018310547 C177.7779998779297 26.37200164794922 148.18899536132812 16.66699981689453 100.0 16.66699981689453 M100.0 55.55500030517578 C58.5890007019043 55.55500030517578 16.66699981689453 47.922000885009766 16.66699981689453 33.33300018310547 C16.66699981689453 18.74500274658203 58.5890007019043 11.111000061035156 100.0 11.111000061035156 C141.41099548339844 11.111000061035156 183.33299255371094 18.74500274658203 183.33299255371094 33.33300018310547 C183.33299255371094 47.922000885009766 141.41099548339844 55.55500030517578 100.0 55.55500030517578 M72.22200012207031 77.77799987792969 C66.09500122070312 77.77799987792969 61.111000061035156 82.76100158691406 61.111000061035156 88.88899993896484 C61.111000061035156 95.01699829101562 66.09500122070312 100.0 72.22200012207031 100.0 C78.3499984741211 100.0 83.33300018310547 95.01699829101562 83.33300018310547 88.88899993896484 C83.33300018310547 82.76100158691406 78.3499984741211 77.77799987792969 72.22200012207031 77.77799987792969 M72.22200012207031 105.55500030517578 C63.03300094604492 105.55500030517578 55.55500030517578 98.0780029296875 55.55500030517578 88.88899993896484 C55.55500030517578 79.69999694824219 63.03300094604492 72.22200012207031 72.22200012207031 72.22200012207031 C81.41100311279297 72.22200012207031 88.88899993896484 79.69999694824219 88.88899993896484 88.88899993896484 C88.88899993896484 98.0780029296875 81.41100311279297 105.55500030517578 72.22200012207031 105.55500030517578 M127.77799987792969 77.77799987792969 C121.6500015258789 77.77799987792969 116.66699981689453 82.76100158691406 116.66699981689453 88.88899993896484 C116.66699981689453 95.01699829101562 121.6500015258789 100.0 127.77799987792969 100.0 C133.90499877929688 100.0 138.88900756835938 95.01699829101562 138.88900756835938 88.88899993896484 C138.88900756835938 82.76100158691406 133.90499877929688 77.77799987792969 127.77799987792969 77.77799987792969 M127.77799987792969 105.55500030517578 C118.58899688720703 105.55500030517578 111.11100006103516 98.0780029296875 111.11100006103516 88.88899993896484 C111.11100006103516 79.69999694824219 118.58899688720703 72.22200012207031 127.77799987792969 72.22200012207031 C136.9669952392578 72.22200012207031 144.44500732421875 79.69999694824219 144.44500732421875 88.88899993896484 C144.44500732421875 98.0780029296875 136.9669952392578 105.55500030517578 127.77799987792969 105.55500030517578""></path></svg>"
589c26316d4d690373982e66e68cfecb,"<svg xmlns=""http://www.w3.org/2000/svg"" viewBox=""0.0 0.0 200.0 200.0"" height=""200.0px"" width=""200.0px""><path fill=""#9D9E9F"" fill-opacity=""1.0""  filling=""0"" d=""M226.5341796875 19.366600036621094 C203.271484375 -2.9744110107421875 169.1222686767578 0.14922332763671875 169.1222686767578 0.14922332763671875 C164.92343139648438 0.23613739013671875 161.51817321777344 3.7080078125 161.51817321777344 7.9425811767578125 L161.51817321777344 11.716606140136719 C161.51817321777344 15.935935974121094 164.9080047607422 19.16191864013672 169.22987365722656 19.090232849121094 C169.22987365722656 19.090232849121094 202.00157165527344 15.608200073242188 215.96014404296875 35.95722961425781 C229.91896057128906 56.30644607543945 223.88671875 81.83769226074219 223.88671875 81.83769226074219 C223.24667358398438 86.005859375 226.13986206054688 89.3853530883789 230.40528869628906 89.3853530883789 L233.6619110107422 89.3853530883789 C237.90176391601562 89.3853530883789 241.82421875 86.0160140991211 242.27481079101562 81.81210327148438 C242.27989196777344 81.81718444824219 249.796875 41.702537536621094 226.5341796875 19.366600036621094 M202.84628295898438 42.562889099121094 C190.15762329101562 30.96483612060547 173.5771484375 35.1943359375 173.5771484375 35.1943359375 C170.7966766357422 35.61933898925781 168.53848266601562 38.25644302368164 168.53848266601562 41.0625 L168.53848266601562 43.049217224121094 C168.53848266601562 45.865623474121094 170.79159545898438 47.98046875 173.6999969482422 47.89335632324219 C173.6999969482422 47.89335632324219 187.61778259277344 45.99882888793945 194.38711547851562 54.16093444824219 C201.15664672851562 62.32831954956055 195.85684204101562 75.52910614013672 195.85684204101562 75.52910614013672 C195.04257202148438 78.20195770263672 196.6964874267578 80.36796569824219 199.4822235107422 80.36796569824219 L204.09588623046875 80.36796569824219 C206.912109375 80.36796569824219 209.64141845703125 78.15605163574219 210.09707641601562 75.32421875 C210.09707641601562 75.32421875 215.53515625 54.16093444824219 202.84628295898438 42.562889099121094 M89.2158203125 152.08164978027344 C96.24629211425781 148.80450439453125 99.91777801513672 141.80975341796875 97.4189453125 136.45370483398438 C94.9251937866211 131.09765625 87.20331573486328 129.4128875732422 80.1728515625 132.69003295898438 C73.1421890258789 135.97225952148438 69.46562194824219 142.9669952392578 71.9644546508789 148.3232421875 C74.46328735351562 153.67929077148438 82.1851577758789 155.35879516601562 89.2158203125 152.08164978027344 M105.33535766601562 135.8136749267578 C109.216796875 135.8136749267578 112.3607406616211 132.62344360351562 112.3607406616211 128.6806640625 C112.3607406616211 124.74297332763672 109.216796875 121.54765319824219 105.33535766601562 121.54765319824219 C101.45897674560547 121.54765319824219 98.31503295898438 124.74297332763672 98.31503295898438 128.6806640625 C98.31503295898438 132.62344360351562 101.46405792236328 135.8136749267578 105.33535766601562 135.8136749267578 M104.69530487060547 171.25311279296875 C127.5380859375 166.80841064453125 143.0124969482422 147.53964233398438 139.25390625 128.20448303222656 C135.49551391601562 108.86913299560547 113.92754364013672 96.80000305175781 91.08476257324219 101.23945617675781 C68.2417984008789 105.67910766601562 52.77265930175781 124.95292663574219 56.53105545043945 144.2830047607422 C60.289649963378906 163.6183624267578 81.85234832763672 175.6925811767578 104.69530487060547 171.25311279296875 M111.78730773925781 178.15567016601562 C150.19668579101562 172.7585906982422 178.44180297851562 147.83163452148438 174.87774658203125 122.474609375 C171.31387329101562 97.1226577758789 137.29278564453125 80.94159698486328 98.8833999633789 86.33866882324219 C60.479103088378906 91.73574829101562 32.233985900878906 116.66777038574219 35.7978515625 142.02481079101562 C39.36191940307617 167.3767547607422 73.38301086425781 183.552734375 111.78730773925781 178.15567016601562 M108.8480453491211 200.0 C168.96347045898438 200.0 217.23007202148438 168.0732421875 217.23007202148438 128.6755828857422 C217.23007202148438 95.40215301513672 176.19882202148438 95.40215301513672 176.19882202148438 93.2513656616211 C176.19882202148438 91.1058578491211 196.63006591796875 71.77070617675781 176.19882202148438 59.74238586425781 C155.7626953125 47.71406555175781 118.39277648925781 66.0048828125 119.51426696777344 64.03848266601562 C135.5876922607422 35.95722961425781 112.6167984008789 27.093551635742188 100.90605163574219 27.093551635742188 C72.98359680175781 27.093551635742188 0.0 89.2880859375 0.0 128.6755828857422 C0.0050811767578125 168.0732421875 48.732421875 200.0 108.8480453491211 200.0""></path></svg>"
a7bf945e602c0ee30df2488e8345a73a,"<svg xmlns=""http://www.w3.org/2000/svg"" viewBox=""0.0 0.0 200.0 200.0"" height=""200.0px"" width=""200.0px""><path fill=""#6B57FE"" fill-opacity=""1.0""  filling=""0"" d=""M100.0 0.0 C155.2270050048828 0.0 200.0 44.77199935913086 200.0 100.0 A99.625 99.625 0.0 0 1 174.64999389648438 166.5399932861328 L144.51199340820312 136.40199279785156 A57.262001037597656 57.262001037597656 0.0 0 0 157.5 100.0 C157.5 68.24199676513672 131.7570037841797 42.5 100.0 42.5 C68.24199676513672 42.5 42.5 68.24199676513672 42.5 100.0 C42.5 131.7570037841797 68.24199676513672 157.5 100.0 157.5 C112.11499786376953 157.5 123.3550033569336 153.7519989013672 132.625 147.35499572753906 L133.5749969482422 146.6820068359375 L163.8520050048828 176.96200561523438 L162.71499633789062 177.89199829101562 A99.58000183105469 99.58000183105469 0.0 0 1 100.0 200.0 C44.77199935913086 200.0 0.0 155.2270050048828 0.0 100.0 C0.0 44.77199935913086 44.77199935913086 0.0 100.0 0.0 Z""></path>
<path fill=""#FFBA00"" fill-opacity=""1.0""  filling=""0"" d=""M100.0 57.5 C76.52799987792969 57.5 57.5 76.52799987792969 57.5 100.0 C57.5 123.47200012207031 76.52799987792969 142.5 100.0 142.5 C123.47200012207031 142.5 142.5 123.47200012207031 142.5 100.0 C142.5 76.52799987792969 123.47200012207031 57.5 100.0 57.5 Z""></path></svg>"
ff394513090501b3bb69c9c2abcab152,"<svg xmlns=""http://www.w3.org/2000/svg"" viewBox=""0.0 0.0 200.0 200.0"" height=""200.0px"" width=""200.0px""><path fill="""" fill-opacity=""1.0""  filling=""0"" d=""M224.6435546875 127.2017593383789 C224.7216796875 126.45976257324219 224.9560546875 125.75664520263672 224.9560546875 125.0146484375 C224.9560546875 111.22832489013672 213.74725341796875 100.01952362060547 199.9609375 100.01952362060547 C195.0400390625 100.01952362060547 190.5095672607422 101.5035171508789 186.64315795898438 103.92500305175781 C179.76953125 88.77167510986328 164.5771484375 78.14883422851562 146.84629821777344 78.14883422851562 C122.71034240722656 78.14883422851562 103.10487365722656 97.7152328491211 103.10487365722656 121.8902359008789 C103.10487365722656 123.06192016601562 103.3783187866211 124.15547180175781 103.45645141601562 125.2880859375 C84.08515167236328 126.73300170898438 68.73652648925781 142.74551391601562 68.73652648925781 162.50723266601562 C68.73652648925781 183.20645141601562 85.53007507324219 200.0 106.22929382324219 200.0 L212.45858764648438 200.0 C233.15760803222656 200.0 249.951171875 183.20645141601562 249.951171875 162.50723266601562 C249.951171875 146.0652313232422 239.32830810546875 132.27890014648438 224.6435546875 127.2017593383789 Z M56.551368713378906 118.37538146972656 C39.48457336425781 101.30839538574219 39.48457336425781 73.57929992675781 56.551368713378906 56.551368713378906 C73.61836242675781 39.48457336425781 101.34745788574219 39.48457336425781 118.4144515991211 56.551368713378906 C122.20272827148438 60.33984375 125.0146484375 64.7138671875 127.12362670898438 69.32246398925781 C130.9509735107422 67.87734985351562 134.9736328125 66.9791030883789 139.11346435546875 66.39335632324219 L150.7517547607422 31.673439025878906 C152.31407165527344 27.025970458984375 147.90078735351562 22.651756286621094 143.25331115722656 24.175003051757812 L108.96308135986328 35.61797332763672 L92.75527954101562 3.2806625366210938 C90.60722351074219 -1.0935516357421875 84.35858917236328 -1.0935516357421875 82.17147827148438 3.2806625366210938 L66.00273132324219 35.61797332763672 L31.673439025878906 24.175003051757812 C27.065040588378906 22.651756286621094 22.651756286621094 27.065040588378906 24.175003051757812 31.673439025878906 L35.61797332763672 65.96366882324219 L3.2806625366210938 82.17147827148438 C-1.0935516357421875 84.35858917236328 -1.0935516357421875 90.56816864013672 3.2806625366210938 92.75527954101562 L35.61797332763672 108.92401885986328 L24.175003051757812 143.21426391601562 C22.612693786621094 147.86172485351562 27.025970458984375 152.23593139648438 31.673439025878906 150.7126922607422 L61.39433288574219 140.83184814453125 C63.77656555175781 135.9890594482422 66.8619155883789 131.57579040527344 70.61112976074219 127.74844360351562 C65.4951171875 125.63945007324219 60.69121551513672 122.51502990722656 56.551368713378906 118.37538146972656 Z M54.6767578125 87.4439468383789 C54.6767578125 103.3783187866211 66.11991882324219 116.6568374633789 81.19511413574219 119.58594512939453 C84.31953430175781 117.75039672851562 87.56094360351562 116.14922332763672 91.03691864013672 115.0166015625 C93.14590454101562 97.7152328491211 103.1439437866211 82.7962875366211 117.3599624633789 74.00898742675781 C112.20468139648438 62.643943786621094 100.76152038574219 54.6767578125 87.4830093383789 54.6767578125 C69.40058898925781 54.6767578125 54.6767578125 69.36152648925781 54.6767578125 87.4439468383789 Z""></path></svg>"
33fc6704fa8896c6226925a5469d178a,"<svg xmlns=""http://www.w3.org/2000/svg"" viewBox=""0.0 0.0 200.0 200.0"" height=""200.0px"" width=""200.0px""><path fill=""#333333"" fill-opacity=""1.0""  filling=""0"" d=""M0.0 45.45399856567383 L200.0 45.45399856567383 L200.0 200.0 L0.0 200.0 L0.0 45.45399856567383 Z M18.18199920654297 63.63600158691406 L18.18199920654297 181.8179931640625 L181.8179931640625 181.8179931640625 L181.8179931640625 63.63600158691406 L18.18199920654297 63.63600158691406 Z M45.45399856567383 136.36399841308594 L45.45399856567383 109.09100341796875 L18.18199920654297 109.09100341796875 L18.18199920654297 90.90899658203125 L45.45399856567383 90.90899658203125 L45.45399856567383 18.18199920654297 L18.18199920654297 18.18199920654297 L18.18199920654297 181.8179931640625 L45.45399856567383 181.8179931640625 L45.45399856567383 154.54600524902344 L18.18199920654297 154.54600524902344 L18.18199920654297 136.36399841308594 L45.45399856567383 136.36399841308594 Z M90.90899658203125 136.36399841308594 L90.90899658203125 109.09100341796875 L63.63600158691406 109.09100341796875 L63.63600158691406 136.36399841308594 L90.90899658203125 136.36399841308594 Z M90.90899658203125 154.54600524902344 L63.63600158691406 154.54600524902344 L63.63600158691406 181.8179931640625 L90.90899658203125 181.8179931640625 L90.90899658203125 154.54600524902344 Z M109.09100341796875 154.54600524902344 L109.09100341796875 200.0 L0.0 200.0 L0.0 0.0 L109.09100341796875 0.0 L109.09100341796875 90.90899658203125 L127.27300262451172 90.90899658203125 L127.27300262451172 109.09100341796875 L109.09100341796875 109.09100341796875 L109.09100341796875 136.36399841308594 L127.27300262451172 136.36399841308594 L127.27300262451172 154.54600524902344 L109.09100341796875 154.54600524902344 Z M90.90899658203125 90.90899658203125 L90.90899658203125 18.18199920654297 L63.63600158691406 18.18199920654297 L63.63600158691406 90.90899658203125 L90.90899658203125 90.90899658203125 Z M145.45399475097656 90.90899658203125 L163.63600158691406 90.90899658203125 L163.63600158691406 109.09100341796875 L145.45399475097656 109.09100341796875 L145.45399475097656 90.90899658203125 Z M145.45399475097656 136.36399841308594 L163.63600158691406 136.36399841308594 L163.63600158691406 154.54600524902344 L145.45399475097656 154.54600524902344 L145.45399475097656 136.36399841308594 Z""></path></svg>"
c139a8b29b9859968a91b1bf01398bf3,"<svg xmlns=""http://www.w3.org/2000/svg"" viewBox=""0.0 0.0 200.0 200.0"" height=""200.0px"" width=""200.0px""><path fill="""" fill-opacity=""1.0""  filling=""0"" d=""M138.8249969482422 173.66250610351562 L65.14999389648438 100.0 L138.8249969482422 26.324996948242188 L136.1750030517578 23.675003051757812 L61.17499923706055 98.67500305175781 L61.17499923706055 101.32499694824219 L136.1750030517578 176.3249969482422 L138.8249969482422 173.66250610351562 Z""></path></svg>"
4c38df2f0e6ba01423d9191924bd41cd,"<svg xmlns=""http://www.w3.org/2000/svg"" viewBox=""0.0 0.0 200.0 200.0"" height=""200.0px"" width=""200.0px""><path fill=""#000000"" fill-opacity=""1.0""  filling=""0"" d=""M166.60000610351562 97.8499984741211 A50.0 50.0 0.0 0 0 166.60000610351562 27.150001525878906 L175.4499969482422 18.300003051757812 A62.5 62.5 0.0 0 1 175.4499969482422 106.69999694824219 L166.60000610351562 97.8499984741211 Z M137.5 62.5 A43.75 43.75 0.0 1 1 50.0 62.5 A43.75 43.75 0.0 0 1 137.5 62.5 Z M125.0 62.5 A31.25 31.25 0.0 1 0 62.5 62.5 A31.25 31.25 0.0 0 0 125.0 62.5 Z M168.28799438476562 135.66200256347656 A12.0 12.0 0.0 0 1 175.0 146.56199645996094 L175.0 175.0 A6.25 6.25 0.0 0 1 168.75 181.25 L18.75 181.25 A6.25 6.25 0.0 0 1 12.5 175.0 L12.5 146.56199645996094 A12.0 12.0 0.0 0 1 19.211997985839844 135.66200256347656 A172.31199645996094 172.31199645996094 0.0 0 1 93.75 118.75 C120.41300201416016 118.75 145.625 124.83799743652344 168.28799438476562 135.66200256347656 Z M93.75 131.25 C69.16200256347656 131.25 45.92499923706055 136.8249969482422 25.0 146.75 L25.0 168.75 L162.5 168.75 L162.5 146.75 A159.8000030517578 159.8000030517578 0.0 0 0 93.75 131.25 Z""></path>
<path fill=""#000000"" fill-opacity=""1.0""  filling=""0"" d=""M148.9250030517578 44.82500076293945 A25.0 25.0 0.0 0 1 148.9250030517578 80.17500305175781 L157.76300048828125 89.01200103759766 A37.5 37.5 0.0 0 0 157.76300048828125 35.98699951171875 L148.9250030517578 44.82500076293945 Z""></path></svg>"
67051f49ec5c07a61b227364e6407bab,"<svg xmlns=""http://www.w3.org/2000/svg"" viewBox=""0.0 0.0 200.0 200.0"" height=""200.0px"" width=""200.0px""><path fill=""#000000"" fill-opacity=""1.0""  filling=""0"" d=""M101.0999984741211 148.6999969482422 C98.5999984741211 148.6999969482422 96.0 148.60000610351562 93.4000015258789 148.3000030517578 C57.70000076293945 144.89999389648438 31.599998474121094 118.30000305175781 26.599998474121094 109.5999984741211 C24.800003051757812 106.4000015258789 24.199996948242188 98.19999694824219 26.900001525878906 94.5 C51.0 62.5 76.9000015258789 47.099998474121094 103.80000305175781 48.900001525878906 C139.8000030517578 51.20000076293945 166.3000030517578 84.0999984741211 172.6999969482422 95.4000015258789 C174.0 97.69999694824219 175.6999969482422 107.0 172.60000610351562 110.5999984741211 C151.0 135.89999389648438 126.9000015258789 148.6999969482422 101.0999984741211 148.6999969482422 Z M34.900001525878906 105.0 C38.79999923706055 111.69999694824219 62.20000076293945 135.8000030517578 94.30000305175781 138.89999389648438 C119.5999984741211 141.39999389648438 143.3000030517578 130.0 164.89999389648438 105.0999984741211 C165.0 103.69999694824219 164.6999969482422 100.80000305175781 164.39999389648438 99.9000015258789 C159.8000030517578 91.9000015258789 135.6999969482422 60.5 103.30000305175781 58.400001525878906 C79.80000305175781 56.900001525878906 56.79999923706055 70.9000015258789 34.80000305175781 100.0 C34.5 101.0 34.599998474121094 103.9000015258789 34.900001525878906 105.0 Z""></path>
<path fill=""#000000"" fill-opacity=""1.0""  filling=""0"" d=""M99.69999694824219 122.5999984741211 C86.5 122.5999984741211 75.80000305175781 111.9000015258789 75.80000305175781 98.69999694824219 C75.80000305175781 85.5 86.5 74.80000305175781 99.69999694824219 74.80000305175781 C112.9000015258789 74.80000305175781 123.5999984741211 85.5 123.5999984741211 98.69999694824219 C123.5999984741211 111.9000015258789 112.9000015258789 122.5999984741211 99.69999694824219 122.5999984741211 Z M99.69999694824219 84.19999694824219 C91.69999694824219 84.19999694824219 85.30000305175781 90.69999694824219 85.30000305175781 98.5999984741211 C85.30000305175781 106.5 91.80000305175781 113.0 99.69999694824219 113.0 C107.69999694824219 113.0 114.0999984741211 106.5 114.0999984741211 98.5999984741211 C114.0999984741211 90.69999694824219 107.5999984741211 84.19999694824219 99.69999694824219 84.19999694824219 Z""></path></svg>"
a098e1a674bcd08173931539cdba2d10,"<svg xmlns=""http://www.w3.org/2000/svg"" viewBox=""0.0 0.0 200.0 200.0"" height=""200.0px"" width=""200.0px""><path fill="""" fill-opacity=""1.0""  filling=""0"" d=""M46.81816101074219 51.81816101074219 L46.81816101074219 133.63632202148438 L154.54550170898438 133.63632202148438 L154.54550170898438 51.81816101074219 L46.81816101074219 51.81816101074219 Z M88.6363296508789 110.4544906616211 L88.6363296508789 74.5455093383789 L119.5455093383789 92.27265930175781 L88.6363296508789 110.4544906616211 Z M139.54551696777344 140.45449829101562 L61.36367416381836 140.45449829101562 C58.63632583618164 140.45449829101562 56.81816482543945 142.27264404296875 56.81816482543945 145.0 C56.81816482543945 147.72735595703125 58.63632583618164 149.54550170898438 61.36367416381836 149.54550170898438 L139.54551696777344 149.54550170898438 C142.27264404296875 149.54550170898438 144.0908203125 147.72735595703125 144.0908203125 145.0 C144.0908203125 142.7273406982422 142.27264404296875 140.45449829101562 139.54551696777344 140.45449829101562 Z""></path></svg>"
17ff941d99f3ebdd65c837dc9e1d721e,"<svg xmlns=""http://www.w3.org/2000/svg"" viewBox=""0.0 0.0 200.0 200.0"" height=""200.0px"" width=""200.0px""><path fill="""" fill-opacity=""1.0""  filling=""0"" d=""M98.6083984375 16.208396911621094 L93.9833984375 9.275001525878906 L80.1166000366211 18.525001525878906 L84.74160766601562 25.458396911621094 C86.68339538574219 28.375 88.0833969116211 31.291603088378906 89.09159851074219 34.258399963378906 C66.58340454101562 38.09159851074219 63.27499771118164 59.40839767456055 61.94999694824219 80.21660614013672 C60.983394622802734 95.45000457763672 62.28339767456055 111.80000305175781 64.7750015258789 126.98340606689453 C67.2583999633789 142.16659545898438 70.9000015258789 156.0583953857422 74.5416030883789 166.3249969482422 C79.56660461425781 180.54159545898438 84.6333999633789 183.33340454101562 100.0416030883789 183.33340454101562 C116.43339538574219 183.33340454101562 120.2083969116211 179.6916046142578 125.44159698486328 164.60000610351562 C129.0749969482422 154.10000610351562 132.7165985107422 140.33340454101562 135.1916046142578 125.40840148925781 C137.68341064453125 110.4916000366211 138.9833984375 94.53339385986328 138.0166015625 79.6416015625 C136.4833984375 55.97500228881836 131.6916046142578 36.05840301513672 106.24159240722656 33.625 A54.3583984375 54.3583984375 0.0 0 0 98.6083984375 16.208396911621094 Z M52.3916015625 44.0 C52.70000076293945 43.33340072631836 53.008399963378906 42.666603088378906 53.333396911621094 42.025001525878906 A41.88339614868164 41.88339614868164 0.0 0 0 43.81660079956055 42.866600036621094 C33.9833984375 44.8916015625 23.583396911621094 50.84159851074219 17.541595458984375 62.94999694824219 C13.674995422363281 70.69999694824219 12.541603088378906 81.6083984375 12.800003051757812 92.4916000366211 C13.066604614257812 103.69160461425781 14.841606140136719 116.13340759277344 17.75 127.75839233398438 C20.650001525878906 139.3166046142578 24.78339385986328 150.5583953857422 30.041595458984375 159.11660766601562 C34.92499542236328 167.0915985107422 42.5166015625 175.49160766601562 53.083396911621094 175.49160766601562 L60.18339920043945 175.49160766601562 C59.69160079956055 174.27499389648438 59.241600036621094 173.0749969482422 58.82499694824219 171.88340759277344 C54.82500076293945 160.5915985107422 50.95840072631836 145.7333984375 48.32500076293945 129.67498779296875 C45.70000076293945 113.625 44.241600036621094 95.9749984741211 45.32500076293945 79.15839385986328 C45.974998474121094 68.80840301513672 47.20000076293945 55.483402252197266 52.3916015625 44.0 Z M141.1833953857422 170.0583953857422 C140.5915985107422 171.77499389648438 139.9333953857422 173.6083984375 139.18341064453125 175.49160766601562 L143.08338928222656 175.49160766601562 C154.10000610351562 175.49160766601562 162.4333953857422 167.8166046142578 168.14999389648438 159.47500610351562 C174.05841064453125 150.85000610351562 178.6083984375 139.52499389648438 181.75840759277344 127.91659545898438 C184.92498779296875 116.2416000366211 186.82501220703125 103.75839233398438 187.14999389648438 92.53340148925781 C187.4665985107422 81.61660766601562 186.33340454101562 70.69999694824219 182.4665985107422 62.94999694824219 C176.4333953857422 50.849998474121094 166.0500030517578 44.900001525878906 156.2333984375 42.866600036621094 A41.72500228881836 41.72500228881836 0.0 0 0 146.4499969482422 42.03339767456055 C152.33340454101562 53.508399963378906 153.89999389648438 67.05839538574219 154.64999389648438 78.55839538574219 C155.7165985107422 95.06660461425781 154.2666015625 112.3499984741211 151.6416015625 128.1416015625 C149.00839233398438 143.95840454101562 145.1416015625 158.6416015625 141.1833953857422 170.0583953857422 Z""></path></svg>"
cf2201f29717e17d2876ef2b102b7caf,"<svg xmlns=""http://www.w3.org/2000/svg"" viewBox=""0.0 0.0 200.0 200.0"" height=""200.0px"" width=""200.0px""><path fill=""#F73B2F"" fill-opacity=""1.0""  filling=""0"" d=""M153.125 113.59400177001953 A31.25 31.25 0.0 0 1 145.7779998779297 133.7220001220703 C136.75 144.44400024414062 120.91899871826172 163.2530059814453 106.98799896240234 179.85299682617188 C91.45600128173828 198.36300659179688 60.737998962402344 200.7779998779297 42.22800064086914 185.24400329589844 L42.22200012207031 185.24099731445312 A43.75 43.75 0.0 0 1 36.83100128173828 123.61299896240234 L60.305999755859375 95.63400268554688 C61.72200012207031 93.9469985961914 62.5 91.81199645996094 62.5 89.60900115966797 L62.5 46.875 L153.125 46.875 L153.125 113.59400177001953 Z""></path>
<path fill=""#F2EADB"" fill-opacity=""1.0""  filling=""0"" d=""M162.5 12.5 A9.375 9.375 0.0 0 0 153.125 3.125 L62.5 3.125 A9.375 9.375 0.0 0 0 53.125 12.5 L53.125 37.5 A9.375 9.375 0.0 0 0 62.5 46.875 L153.125 46.875 A9.375 9.375 0.0 0 0 162.5 37.5 L162.5 12.5 Z""></path>
<path fill=""#CEC7BA"" fill-opacity=""1.0""  filling=""0"" d=""M159.375 3.125 C162.18099975585938 39.4370002746582 126.81600189208984 48.534000396728516 62.5 46.875 L150.0 46.875 A12.484000205993652 12.484000205993652 0.0 0 0 158.83700561523438 43.21200180053711 A12.484000205993652 12.484000205993652 0.0 0 0 162.5 34.375 L162.5 12.5""></path>
<path fill=""#5AB947"" fill-opacity=""1.0""  filling=""0"" d=""M137.5 143.75 C152.23800659179688 131.65899658203125 156.86900329589844 111.4000015258789 153.125 84.375 C129.15899658203125 85.10600280761719 117.46900177001953 124.56600189208984 137.5 143.75 Z M87.5 193.75 C67.99099731445312 203.5469970703125 19.772003173828125 188.05599975585938 28.125 143.75 C54.683998107910156 149.86300659179688 75.20600128173828 165.55599975585938 87.5 193.75 Z""></path></svg>"
dc5820eaaccbd09e13aa8c2110857cc3,"<svg xmlns=""http://www.w3.org/2000/svg"" viewBox=""0.0 0.0 200.0 200.0"" height=""200.0px"" width=""200.0px""><path fill="""" fill-opacity=""1.0""  filling=""0"" d=""M165.8984375 56.0546875 L165.8984375 26.7578125 L151.25 26.7578125 L151.25 56.0546875 L136.6015625 56.0546875 L136.6015625 26.7578125 L121.953125 26.7578125 L121.953125 56.0546875 L114.6484375 56.0546875 L114.6484375 78.0078125 C114.6484375 91.6015625 124.0234375 102.96875 136.6015625 106.25 L136.6015625 114.609375 C136.6015625 118.6328125 133.3203125 121.9140625 129.296875 121.9140625 L109.53125 121.9140625 C116.6796875 113.0859375 116.2890625 100.11717987060547 108.08594512939453 91.9140625 C99.5703125 83.4375 84.765625 83.3984375 76.2890625 91.9140625 C74.4921875 93.7109375 72.578125 96.328125 70.7421875 99.2578125 C68.90625 96.328125 66.9921875 93.7109375 65.1953125 91.9140625 C56.679691314697266 83.4375 41.875 83.4375 33.3984375 91.9140625 C24.6484375 100.66407012939453 24.6484375 114.96092987060547 33.3984375 123.7109375 C35.1953125 125.5078125 37.8125 127.421875 40.7421875 129.2578125 C37.8125 131.09375 35.1953125 133.0078125 33.3984375 134.8046875 C24.6484375 143.5546875 24.6484375 157.8515625 33.3984375 166.6015625 C37.656246185302734 170.859375 43.28125 173.203125 49.296875 173.203125 C55.312503814697266 173.203125 60.9375 170.859375 65.1953125 166.6015625 C66.9921875 164.8046875 68.90625 162.1875 70.7421875 159.2578125 C72.578125 162.1875 74.4921875 164.8046875 76.2890625 166.6015625 C80.546875 170.859375 86.171875 173.203125 92.1875 173.203125 C98.203125 173.203125 103.82811737060547 170.859375 108.08594512939453 166.6015625 C116.2890625 158.3984375 116.71875 145.390625 109.53125 136.5625 L129.296875 136.5625 C141.40625 136.5625 151.25 126.71875 151.25 114.609375 L151.25 106.25 C163.8671875 102.96875 173.203125 91.6015625 173.203125 78.0078125 L173.203125 56.0546875 L165.8984375 56.0546875 Z M77.96875 129.4921875 C77.8515625 133.28125 74.8828125 136.2890625 71.1328125 136.5234375 C71.0546875 136.5234375 70.9765625 136.5625 70.8984375 136.5625 L70.5859375 136.5625 C70.5078125 136.5625 70.4296875 136.5234375 70.3515625 136.5234375 C66.6015625 136.2890625 63.59375 133.28125 63.4765625 129.4921875 L63.4765625 129.1015625 C63.59375 125.3125 66.5625 122.265625 70.3515625 122.0703125 C70.4296875 122.0703125 70.5078125 122.03125 70.5859375 122.03125 L70.9765625 122.03125 C71.015625 122.03125 71.0546875 122.0703125 71.09375 122.0703125 C74.84375 122.2265625 77.8125 125.1953125 78.0078125 128.90625 C78.0078125 128.984375 78.046875 129.0625 78.046875 129.140625 L78.046875 129.1796875 L77.96875 129.4921875 Z""></path></svg>"
3f7b9f45f66ef9909ed452c37443795d,"<svg xmlns=""http://www.w3.org/2000/svg"" viewBox=""0.0 0.0 200.0 200.0"" height=""200.0px"" width=""200.0px""><path fill=""#434341"" fill-opacity=""1.0""  filling=""0"" d=""M10.629997253417969 100.0 A90.0 90.0 0.0 1 0 190.6300048828125 100.0 A90.0 90.0 0.0 1 0 10.629997253417969 100.0 Z""></path>
<path fill=""#FBD180"" fill-opacity=""1.0""  filling=""0"" d=""M46.63999938964844 75.20999908447266 C41.29999923706055 87.62999725341797 49.75 102.0 63.2599983215332 102.6500015258789 L64.31999969482422 102.6500015258789 A20.559999465942383 20.559999465942383 0.0 0 0 79.93000030517578 95.5 A3.25 3.25 0.0 0 1 84.93000030517578 95.5 A20.6299991607666 20.6299991607666 0.0 0 0 116.16000366210938 95.5 A3.25 3.25 0.0 0 1 121.16000366210938 95.5 A20.700000762939453 20.700000762939453 0.0 0 0 142.91000366210938 101.7300033569336 C153.69000244140625 98.37000274658203 159.0800018310547 86.2699966430664 154.91000366210938 75.77999877929688 L146.0 53.5 A11.479999542236328 11.479999542236328 0.0 0 0 135.3300018310547 46.25 L66.62999725341797 46.25 A11.489999771118164 11.489999771118164 0.0 0 0 56.08000183105469 53.25 L46.63999938964844 75.20999908447266 Z""></path>
<path fill=""#FBD180"" fill-opacity=""1.0""  filling=""0"" d=""M142.8300018310547 112.08999633789062 A20.639999389648438 20.639999389648438 0.0 0 1 121.08000183105469 105.87000274658203 A3.240000009536743 3.240000009536743 0.0 0 0 116.08000183105469 105.87000274658203 A20.6299991607666 20.6299991607666 0.0 0 1 84.8499984741211 105.87000274658203 A3.240000009536743 3.240000009536743 0.0 0 0 79.8499984741211 105.87000274658203 A20.559999465942383 20.559999465942383 0.0 0 1 64.31999969482422 113.0 L63.2599983215332 113.0 A18.6200008392334 18.6200008392334 0.0 0 1 53.060001373291016 109.37999725341797 L53.060001373291016 140.3000030517578 A12.8100004196167 12.8100004196167 0.0 0 0 65.87000274658203 153.10000610351562 L135.38999938964844 153.10000610351562 A12.819999694824219 12.819999694824219 0.0 0 0 148.1999969482422 140.2899932861328 L148.1999969482422 109.41999816894531 A18.610000610351562 18.610000610351562 0.0 0 1 142.8300018310547 112.08999633789062 Z""></path></svg>"
3934bc76774295fc899af45abad83f8e,"<svg height=""128"" viewBox=""0 0 192 192"" width=""128"" xmlns=""http://www.w3.org/2000/svg""><path d=""m146 30h-100c-8.84 0-16 7.16-16 16v100c0 8.84 7.16 16 16 16h75.37a16 16 0 0 0 11.31-4.69l24.63-24.63a16 16 0 0 0 4.69-11.31v-75.37c0-8.84-7.16-16-16-16z"" fill=""none"" stroke=""#000000"" stroke-width=""12""/><path d=""m94.79 120.79c-2.54 0-5.14-.29-7.78-.86-2.59-.58-4.85-1.44-6.77-2.59-1.54-.82-2.5-1.82-2.88-3.02-.38-1.25-.34-2.4.14-3.46.53-1.06 1.37-1.8 2.52-2.23 1.15-.48 2.47-.36 3.96.36 1.87.91 3.65 1.56 5.33 1.94s3.36.58 5.04.58c5.86 0 8.78-2.18 8.78-6.55 0-4.03-2.74-6.05-8.21-6.05h-4.25c-1.58 0-2.81-.38-3.67-1.15-.82-.82-1.22-1.92-1.22-3.31 0-1.44.41-2.54 1.22-3.31.86-.82 2.09-1.22 3.67-1.22h3.17c2.4 0 4.3-.55 5.69-1.66 1.39-1.1 2.09-2.64 2.09-4.61 0-3.94-2.57-5.9-7.7-5.9-1.58 0-3.12.19-4.61.58-1.44.34-3.02.96-4.75 1.87-1.34.67-2.54.79-3.6.36s-1.85-1.18-2.38-2.23c-.48-1.06-.58-2.16-.29-3.31s1.13-2.11 2.52-2.88c4.18-2.45 8.88-3.67 14.11-3.67 5.47 0 9.74 1.22 12.82 3.67 3.07 2.45 4.61 5.81 4.61 10.08 0 2.64-.67 4.97-2.02 6.98-1.34 2.02-3.22 3.48-5.62 4.39 2.88.82 5.11 2.33 6.7 4.54 1.63 2.16 2.45 4.78 2.45 7.85 0 4.61-1.7 8.23-5.11 10.87s-8.06 3.96-13.97 3.96z""/></svg>"
452d88fc7580327fff8c4ea197f626e9,"<svg xmlns=""http://www.w3.org/2000/svg"" viewBox=""0.0 0.0 200.0 200.0"" height=""200.0px"" width=""200.0px""><path fill="""" fill-opacity=""1.0""  filling=""0"" d=""M158.33340454101562 102.0833969116211 A96.8333969116211 96.8333969116211 0.0 0 0 100.0 14.583396911621094 A96.8333969116211 96.8333969116211 0.0 0 0 41.666603088378906 102.0833969116211 A58.333396911621094 58.333396911621094 0.0 0 0 91.6666030883789 159.75 L91.6666030883789 185.41659545898438 L108.3333969116211 185.41659545898438 L108.3333969116211 159.75 A58.333396911621094 58.333396911621094 0.0 0 0 158.33340454101562 102.0833969116211 Z M58.333396911621094 102.0833969116211 A78.0416030883789 78.0416030883789 0.0 0 1 91.6666030883789 38.583396911621094 L91.6666030883789 142.75 A41.66659927368164 41.66659927368164 0.0 0 1 58.333396911621094 102.0833969116211 Z M108.3333969116211 142.91659545898438 L108.3333969116211 38.75 A78.0416030883789 78.0416030883789 0.0 0 1 141.66659545898438 102.0833969116211 A41.66659927368164 41.66659927368164 0.0 0 1 108.3333969116211 142.91659545898438 Z""></path></svg>"
a65cc4b16a26c4b4aa812e5fbb9d6150,"<svg xmlns=""http://www.w3.org/2000/svg"" viewBox=""0.0 0.0 200.0 200.0"" height=""200.0px"" width=""200.0px""><path fill=""#212121"" fill-opacity=""1.0""  filling=""0"" d=""M100.0 16.63299560546875 A62.41699981689453 62.41699981689453 0.0 0 1 162.4669952392578 77.05000305175781 L162.5 79.13300323486328 L162.5 113.2750015258789 L174.0 139.5749969482422 A10.416999816894531 10.416999816894531 0.0 0 1 164.45799255371094 154.16700744628906 L125.0 154.18299865722656 A25.0 25.0 0.0 0 1 75.04199981689453 155.64999389648438 L75.0 154.1580047607422 L35.625 154.16700744628906 A10.416999816894531 10.416999816894531 0.0 0 1 26.067001342773438 139.60000610351562 L37.5 113.28299713134766 L37.5 79.13300323486328 C37.5 44.507999420166016 65.43299865722656 16.63299560546875 100.0 16.63299560546875 Z M112.5 154.16700744628906 L87.5 154.19200134277344 A12.5 12.5 0.0 0 0 112.44200134277344 155.39199829101562 L112.49199676513672 154.16700744628906 L112.5 154.16700744628906 Z M100.0 29.13299560546875 C72.33300018310547 29.13299560546875 50.0 51.41699981689453 50.0 79.13300323486328 L50.0 115.88300323486328 L38.79999923706055 141.66700744628906 L161.27499389648438 141.66700744628906 L150.0 115.89199829101562 L150.0 79.24199676513672 L149.9669952392578 77.36699676513672 A49.900001525878906 49.900001525878906 0.0 0 0 100.0 29.13299560546875 Z""></path></svg>"
9515c0a3fefe53b20f22e5b9e37cb136,"<svg xmlns=""http://www.w3.org/2000/svg"" viewBox=""0.0 0.0 200.0 200.0"" height=""200.0px"" width=""200.0px""><path fill=""currentColor"" fill-opacity=""1.0""  filling=""0"" d=""M172.69200134277344 137.20199584960938 L131.80999755859375 155.36700439453125 L131.80999755859375 57.18299865722656 L172.69200134277344 39.01599884033203 L172.69200134277344 137.20199584960938 Z M26.68499755859375 54.46799850463867 L67.56700134277344 38.56800079345703 L67.56700134277344 137.20199584960938 L26.68499755859375 155.36700439453125 L26.68499755859375 54.46799850463867 Z M79.24700164794922 39.01599884033203 L120.12999725341797 57.18299865722656 L120.12999725341797 155.36700439453125 L79.24700164794922 137.20199584960938 L79.24700164794922 39.01599884033203 Z M125.97000122070312 46.99800109863281 L73.55500030517578 23.705001831054688 L15.003997802734375 46.47700119018555 L15.003997802734375 173.34500122070312 L73.40699768066406 147.38299560546875 L125.97000122070312 170.7429962158203 L184.3730010986328 144.79299926757812 L184.3730010986328 21.04199981689453 L125.97000122070312 46.99800109863281 Z""></path></svg>"
a6efcc6de330f97af30e66d1ab6eb7e9,"<svg xmlns=""http://www.w3.org/2000/svg"" viewBox=""0.0 0.0 200.0 200.0"" height=""200.0px"" width=""200.0px""><path fill="""" fill-opacity=""1.0""  filling=""0"" d=""M108.06640625 187.03125 C107.1875 187.03125 106.30859375 187.01171875 105.4296875 186.9921875 C86.07421875 186.328125 67.94921875 178.33984375 54.355464935302734 164.4921875 C40.761722564697266 150.625 33.125 132.3046875 32.8515625 112.890625 C32.8125 110.52735137939453 33.75 108.203125 35.4296875 106.50390625 C37.08984375 104.80467987060547 39.414058685302734 103.84765625 41.796875 103.84765625 L101.44532012939453 103.84765625 L101.44532012939453 45.644535064697266 C101.44532012939453 43.2421875 102.44140625 40.8984375 104.17969512939453 39.218746185302734 C105.91796875 37.539066314697266 108.28125762939453 36.640625 110.68359375 36.71875 C129.6484375 37.363277435302734 147.5390625 45.09765625 161.03515625 58.49609375 C174.51171875 71.875 182.3828125 89.6875 183.18359375 108.6328125 C183.6328125 119.27734375 181.875 129.66796875 177.94921875 139.51171875 C174.1796875 148.96484375 168.59375 157.4609375 161.38671875 164.74609375 C154.16015625 172.03125 145.72265625 177.65625 136.2890625 181.50390625 C127.265625 185.17578125 117.79296875 187.03125 108.06640625 187.03125 Z M49.4140625 119.86328125 C53.22265625 148.0859375 76.8359375 170.0 105.97655487060547 170.99609375 C106.6796875 171.015625 107.36328125 171.03515625 108.06640625 171.03515625 C123.88671875 171.03515625 138.7109375 164.84375 149.98046875 153.4765625 C161.7578125 141.6015625 167.8515625 125.9375 167.1484375 109.3359375 C165.9765625 81.1328125 144.7265625 57.851566314697266 117.4609375 53.4375 L117.4609375 110.9375 C117.4609375 115.859375 113.45703887939453 119.86328125 108.53515625 119.86328125 L49.4140625 119.86328125 Z M88.73046875 99.4140625 L21.9921875 99.4140625 C19.609375 99.4140625 17.3046875 98.4375 15.625 96.7578125 C13.96484375 95.078125 13.02734375 92.734375 13.046875 90.37109375 C13.18359375 80.33203125 15.2734375 70.60546875 19.23828125 61.464847564697266 C23.0859375 52.63671875 28.515625 44.70703125 35.390625 37.91015625 C49.550785064697266 23.92578125 68.30078125 16.23046875 88.203125 16.23046875 L88.76953125 16.23046875 C93.65234375 16.2890625 97.59765625 20.29296875 97.59765625 25.15625 L97.59765625 90.48828125 C97.65625 95.390625 93.65234375 99.4140625 88.73046875 99.4140625 Z M29.62890625 83.3984375 L81.640625 83.3984375 L81.640625 32.6171875 C54.86328125 35.625 33.26171875 56.7578125 29.62890625 83.3984375 Z""></path></svg>"
7d03f379bc4610b429309ec0150c26fb,"<svg xmlns=""http://www.w3.org/2000/svg"" viewBox=""0.0 0.0 200.0 200.0"" height=""200.0px"" width=""200.0px""><path fill="""" fill-opacity=""1.0""  filling=""0"" d=""M179.98046875 97.8515625 L165.52734375 97.8515625 L175.5859375 87.79296875 C176.34765625 87.03125 176.34765625 85.80078125 175.5859375 85.0390625 C174.82421875 84.27734375 173.59375 84.27734375 172.83203125 85.0390625 L160.0 97.8515625 L104.76563262939453 97.8515625 L143.6328125 58.984375 L162.03125 58.984375 C163.10546875 58.984375 163.984375 58.10546875 163.984375 57.03125 C163.984375 55.95703125 163.10546875 55.078125 162.03125 55.078125 L147.5390625 55.078125 L157.890625 44.7265625 C158.65234375 43.96484375 158.65234375 42.734371185302734 157.890625 41.97265625 C157.12890625 41.2109375 155.8984375 41.2109375 155.13671875 41.97265625 L144.921875 52.187503814697266 L144.921875 37.96875 C144.921875 36.89453125 144.04296875 36.015625 142.96875 36.015625 C141.89453125 36.015625 141.015625 36.89453125 141.015625 37.96875 L141.015625 56.093753814697266 L101.953125 95.15625 L101.953125 40.195308685302734 L114.96092987060547 27.1875 C115.72265625 26.42578125 115.72265625 25.1953125 114.96092987060547 24.43359375 C114.19921875 23.671875 112.96875762939453 23.671875 112.20703125 24.43359375 L101.953125 34.66796875 L101.953125 20.01953125 C101.953125 18.9453125 101.07421875 18.06640625 100.0 18.06640625 C98.92578125 18.06640625 98.046875 18.9453125 98.046875 20.01953125 L98.046875 34.47265625 L87.98828125 24.4140625 C87.2265625 23.65234375 85.99609375 23.65234375 85.234375 24.4140625 C84.47265625 25.17578125 84.47265625 26.40625 85.234375 27.16796875 L98.046875 39.980472564697266 L98.046875 94.94140625 L59.042964935302734 55.95703125 L59.042964935302734 38.10546875 C59.042964935302734 37.03125 58.164058685302734 36.15234375 57.089839935302734 36.15234375 C56.54296875 36.15234375 56.0546875 36.367191314697266 55.703128814697266 36.71875 C55.3515625 37.070308685302734 55.136714935302734 37.558589935302734 55.136714935302734 38.10546875 L55.136714935302734 52.05078125 L45.058597564697266 41.97265625 C44.296871185302734 41.2109375 43.06640625 41.2109375 42.3046875 41.97265625 C41.542972564697266 42.734371185302734 41.542972564697266 43.96484375 42.3046875 44.7265625 L52.65625 55.078125 L38.1640625 55.078125 C37.6171875 55.078125 37.12890625 55.29296875 36.777339935302734 55.64453125 C36.42578125 55.996097564697266 36.2109375 56.484378814697266 36.2109375 57.03125 C36.2109375 58.10546875 37.08984375 58.984375 38.1640625 58.984375 L56.5625 58.984375 L95.4296875 97.8515625 L39.999996185302734 97.8515625 L27.3828125 85.234375 C26.62109375 84.47265625 25.390625 84.47265625 24.62890625 85.234375 C24.23828125 85.625 24.0625 86.11328125 24.0625 86.62109375 C24.0625 87.12890625 24.2578125 87.6171875 24.62890625 88.0078125 L34.4921875 97.87109375 L20.234375 97.87109375 C19.16015625 97.87109375 18.28125 98.75 18.28125 99.82421875 C18.28125 100.89842987060547 19.16015625 101.77733612060547 20.234375 101.77733612060547 L34.8828125 101.77733612060547 L24.609375 112.01171875 C24.21875 112.40234375 24.04296875 112.890625 24.04296875 113.39842987060547 C24.04296875 113.90625 24.23828125 114.39453125 24.609375 114.78515625 C25.37109375 115.54686737060547 26.6015625 115.54686737060547 27.36328125 114.78515625 L40.371097564697266 101.77733612060547 L95.33203125 101.77733612060547 L56.15234375 140.95703125 L38.30078125 140.95703125 C37.2265625 140.95703125 36.34765625 141.8359375 36.34765625 142.91015625 C36.34765625 143.45703125 36.562503814697266 143.9453125 36.9140625 144.296875 C37.265621185302734 144.6484375 37.753902435302734 144.86328125 38.30078125 144.86328125 L52.24609375 144.86328125 L42.16796875 154.94140625 C41.40625 155.703125 41.40625 156.93359375 42.16796875 157.6953125 C42.929683685302734 158.45703125 44.16015625 158.45703125 44.921875 157.6953125 L55.2734375 147.34375 L55.2734375 161.8359375 C55.2734375 162.3828125 55.48828125 162.87109375 55.83984375 163.22265625 C56.191410064697266 163.57421875 56.679691314697266 163.7890625 57.2265625 163.7890625 C58.30078125 163.7890625 59.1796875 162.91015625 59.1796875 161.8359375 L59.1796875 143.4375 L98.046875 104.57032012939453 L98.046875 160.0 L85.4296875 172.6171875 C84.66796875 173.37890625 84.66796875 174.609375 85.4296875 175.37109375 C85.8203125 175.76171875 86.30859375 175.9375 86.81640625 175.9375 C87.32421875 175.9375 87.8125 175.7421875 88.203125 175.37109375 L98.06640625 165.5078125 L98.06640625 179.765625 C98.06640625 180.83984375 98.9453125 181.71875 100.01952362060547 181.71875 C101.09374237060547 181.71875 101.97264862060547 180.83984375 101.97264862060547 179.765625 L101.97264862060547 165.1171875 L112.22655487060547 175.37109375 C112.61717987060547 175.76171875 113.10546112060547 175.9375 113.61328125 175.9375 C114.12109375 175.9375 114.609375 175.7421875 115.0 175.37109375 C115.76171875 174.609375 115.76171875 173.37890625 115.0 172.6171875 L101.953125 159.609375 L101.953125 104.37500762939453 L141.015625 143.4375 L141.015625 161.8359375 C141.015625 162.91015625 141.89453125 163.7890625 142.96875 163.7890625 C144.04296875 163.7890625 144.921875 162.91015625 144.921875 161.8359375 L144.921875 147.34375 L155.2734375 157.6953125 C156.03515625 158.45703125 157.265625 158.45703125 158.02734375 157.6953125 C158.7890625 156.93359375 158.7890625 155.703125 158.02734375 154.94140625 L147.8125 144.7265625 L162.03125 144.7265625 C163.10546875 144.7265625 163.984375 143.84765625 163.984375 142.7734375 C163.984375 141.69921875 163.10546875 140.8203125 162.03125 140.8203125 L143.90625 140.8203125 L104.84375 101.7578125 L159.8046875 101.7578125 L172.8125 114.76561737060547 C173.57421875 115.52734375 174.8046875 115.52734375 175.56640625 114.76561737060547 C176.328125 114.00390625 176.328125 112.77344512939453 175.56640625 112.01171875 L165.33203125 101.7578125 L179.98046875 101.7578125 C181.0546875 101.7578125 181.93359375 100.87890625 181.93359375 99.8046875 C181.93359375 98.73046875 181.0546875 97.8515625 179.98046875 97.8515625 Z""></path></svg>"
ef301f72-39cf-45b6-b3f7-81d334b42e7b,"<svg height=""128"" viewBox=""0 0 24 24"" width=""128"" xmlns=""http://www.w3.org/2000/svg""><g fill=""none"" stroke-linecap=""round"" stroke-linejoin=""round"" stroke-width=""2""><path d=""m19 4h-14a2 2 0 0 0 -2 2 2 2 0 0 0 2 2h16"" stroke=""#000000""/><path d=""m21 8v11a1 1 0 0 1 -1 1h-16a1 1 0 0 1 -1-1v-13a2 2 0 0 0 2 2z"" stroke=""#000000""/><path d=""m16 12h5a0 0 0 0 1 0 0v4a0 0 0 0 1 0 0h-5a1 1 0 0 1 -1-1v-2a1 1 0 0 1 1-1z"" stroke=""#2ca9bc""/></g></svg>"
3f0143b8ef161d5dba3ac028f09bbcea,"<svg xmlns=""http://www.w3.org/2000/svg"" viewBox=""0.0 0.0 200.0 200.0"" height=""200.0px"" width=""200.0px""><path fill="""" fill-opacity=""1.0""  filling=""0"" d=""M162.5 12.5 L37.5 12.5 C34.0625 12.5 31.25 15.3125 31.25 18.75 L31.25 56.25 C31.25 58.426170349121094 32.37812805175781 60.35097885131836 34.077537536621094 61.471092224121094 L72.57186889648438 99.9654312133789 L33.853515625 138.68399047851562 C32.279884338378906 139.82168579101562 31.25 141.6708984375 31.25 143.75 L31.25 181.25 C31.25 184.6875 34.0625 187.5 37.5 187.5 L162.5 187.5 C165.9375 187.5 168.75 184.6875 168.75 181.25 L168.75 143.75 C168.75 143.1455078125 168.6613311767578 142.56094360351562 168.4992218017578 142.0068359375 L168.484375 141.95489501953125 A6.05078125 6.05078125 0.0 0 0 168.43124389648438 141.7892608642578 A5.5146484375 5.5146484375 0.0 0 0 168.3757781982422 141.62637329101562 C168.3693389892578 141.6085968017578 168.36248779296875 141.5908203125 168.3556671142578 141.5730438232422 A6.1904296875 6.1904296875 0.0 0 0 166.9230499267578 139.33438110351562 L127.5542984008789 99.9654312133789 L166.38516235351562 61.13457107543945 C167.82342529296875 59.98711013793945 168.75 58.222068786621094 168.75 56.25 L168.75 18.75 C168.75 15.3125 165.9375 12.5 162.5 12.5 Z M114.8662109375 94.9759750366211 A6.240819931030273 6.240819931030273 0.0 0 0 114.2578125 95.5078125 C113.03282165527344 96.7328109741211 112.42597198486328 98.35078430175781 112.43574523925781 99.9654312133789 C112.42597198486328 101.58027648925781 113.03282165527344 103.19805145263672 114.2578125 104.42304992675781 A6.217968940734863 6.217968940734863 0.0 0 0 114.8662109375 104.95488739013672 L156.25 146.3388671875 L156.25 175.0 L43.75 175.0 L43.75 146.46522521972656 L85.26016235351562 104.955078125 A6.237500190734863 6.237500190734863 0.0 0 0 85.8685531616211 104.42323303222656 C87.09355163574219 103.1982421875 87.70039367675781 101.58027648925781 87.69062805175781 99.96562957763672 C87.70039367675781 98.35078430175781 87.09355163574219 96.7330093383789 85.8685531616211 95.50801086425781 A6.217968940734863 6.217968940734863 0.0 0 0 85.26016235351562 94.9761734008789 L43.75 53.4658203125 L43.75 25.0 L156.25 25.0 L156.25 53.592185974121094 L114.8662109375 94.9759750366211 Z M62.5 156.25 C62.5 159.6875 65.3125 162.5 68.75 162.5 L131.25 162.5 C134.6875 162.5 137.5 159.6875 137.5 156.25 C137.5 152.8125 134.6875 150.0 131.25 150.0 L68.75 150.0 C65.3125 150.0 62.5 152.8125 62.5 156.25 Z""></path></svg>"
27ff917e0056c9600f69868bb4b8f590,"<svg xmlns=""http://www.w3.org/2000/svg"" viewBox=""0.0 0.0 200.0 200.0"" height=""200.0px"" width=""200.0px""><path fill=""currentColor"" fill-opacity=""1.0""  filling=""0"" d=""M36.54800033569336 69.53099822998047 C34.20399475097656 72.31199645996094 30.454002380371094 74.5 26.704002380371094 74.18800354003906 C26.235000610351562 70.43800354003906 28.079002380371094 66.43800354003906 30.235000610351562 64.0 C32.57899475097656 61.15599822998047 36.67300033569336 59.125 40.01599884033203 58.96900177001953 C40.39099884033203 62.84400177001953 38.86000061035156 66.68800354003906 36.54800033569336 69.53099822998047 M39.95399856567383 74.90599822998047 C34.51599884033203 74.59400177001953 29.860000610351562 78.0 27.298004150390625 78.0 C24.673004150390625 78.0 20.735000610351562 75.06199645996094 16.423004150390625 75.15599822998047 C10.829002380371094 75.25 5.640998840332031 78.40599822998047 2.7979965209960938 83.43800354003906 C-3.0770034790039062 93.53099822998047 1.2659988403320312 108.43800354003906 6.954002380371094 116.65599822998047 C9.735000610351562 120.71900177001953 13.048004150390625 125.18800354003906 17.423004150390625 125.03099822998047 C21.579002380371094 124.875 23.204002380371094 122.34400177001953 28.204002380371094 122.34400177001953 C33.23500061035156 122.34400177001953 34.70399475097656 125.03099822998047 39.07899856567383 124.96900177001953 C43.61000061035156 124.875 46.45399856567383 120.90599822998047 49.23500061035156 116.84400177001953 C52.39099884033203 112.21900177001953 53.70399856567383 107.75 53.76599884033203 107.5 C53.67300033569336 107.40599822998047 45.01599884033203 104.09400177001953 44.92300033569336 94.09400177001953 C44.82899856567383 85.71900177001953 51.76599884033203 81.75 52.07899856567383 81.5 C48.17300033569336 75.68800354003906 42.07899856567383 75.06199645996094 39.95399856567383 74.90599822998047 M71.3290023803711 63.59400177001953 L71.3290023803711 124.5 L80.7979965209961 124.5 L80.7979965209961 103.68800354003906 L93.89099884033203 103.68800354003906 C105.86000061035156 103.68800354003906 114.23500061035156 95.46900177001953 114.23500061035156 83.59400177001953 C114.23500061035156 71.71900177001953 105.98500061035156 63.59400177001953 94.2040023803711 63.59400177001953 L71.3290023803711 63.59400177001953 Z M80.7979965209961 71.56199645996094 L91.7040023803711 71.56199645996094 C99.9229965209961 71.56199645996094 104.61000061035156 75.93800354003906 104.61000061035156 83.625 C104.61000061035156 91.31199645996094 99.9229965209961 95.75 91.6729965209961 95.75 L80.7979965209961 95.75 L80.7979965209961 71.56199645996094 Z M131.48500061035156 124.96900177001953 C137.42300415039062 124.96900177001953 142.92300415039062 121.96900177001953 145.42300415039062 117.18800354003906 L145.61000061035156 117.18800354003906 L145.61000061035156 124.5 L154.36000061035156 124.5 L154.36000061035156 94.18800354003906 C154.36000061035156 85.40599822998047 147.32899475097656 79.71900177001953 136.51600646972656 79.71900177001953 C126.48500061035156 79.71900177001953 119.0479965209961 85.46900177001953 118.76599884033203 93.34400177001953 L127.2979965209961 93.34400177001953 C128.01600646972656 89.59400177001953 131.48500061035156 87.125 136.23500061035156 87.125 C142.01600646972656 87.125 145.26600646972656 89.81199645996094 145.26600646972656 94.78099822998047 L145.26600646972656 98.15599822998047 L133.45399475097656 98.875 C122.48500061035156 99.53099822998047 116.5479965209961 104.03099822998047 116.5479965209961 111.84400177001953 C116.5790023803711 119.71900177001953 122.7040023803711 124.96900177001953 131.48500061035156 124.96900177001953 Z M134.04800415039062 117.75 C129.01600646972656 117.75 125.7979965209961 115.31199645996094 125.7979965209961 111.625 C125.7979965209961 107.78099822998047 128.89100646972656 105.56199645996094 134.79800415039062 105.21900177001953 L145.29800415039062 104.56199645996094 L145.29800415039062 108.0 C145.29800415039062 113.68800354003906 140.45399475097656 117.75 134.04800415039062 117.75 Z M166.07899475097656 141.06199645996094 C175.29800415039062 141.06199645996094 179.64100646972656 137.531005859375 183.42300415039062 126.875 L200.01600646972656 80.31199645996094 L190.39100646972656 80.31199645996094 L179.26600646972656 116.28099822998047 L179.07899475097656 116.28099822998047 L167.95399475097656 80.31199645996094 L158.07899475097656 80.31199645996094 L174.07899475097656 124.65599822998047 L173.20399475097656 127.34400177001953 C171.76600646972656 131.906005859375 169.42300415039062 133.68800354003906 165.23500061035156 133.68800354003906 C164.48500061035156 133.68800354003906 163.04800415039062 133.593994140625 162.45399475097656 133.531005859375 L162.45399475097656 140.843994140625 C163.01600646972656 140.968994140625 165.36000061035156 141.06199645996094 166.07899475097656 141.06199645996094 Z""></path></svg>"
5a1091c05f535163aa4cf2173acc60f9,"<svg xmlns=""http://www.w3.org/2000/svg"" viewBox=""0.0 0.0 200.0 200.0"" height=""200.0px"" width=""200.0px""><path fill=""#2C2C2C"" fill-opacity=""1.0""  filling=""0"" d=""M100.00019073486328 0.0 C44.77655792236328 0.0 0.0001983642578125 44.77617263793945 0.0001983642578125 100.0 C0.0001983642578125 155.22381591796875 44.77655792236328 200.0 100.00019073486328 200.0 C155.22402954101562 200.0 200.00018310546875 155.22381591796875 200.00018310546875 100.0 C200.00018310546875 44.77617263793945 155.22402954101562 0.0 100.00019073486328 0.0 Z M100.00019073486328 158.03436279296875 C95.06816101074219 158.03436279296875 91.07109069824219 154.0390625 91.07109069824219 149.10508728027344 C91.07109069824219 144.1730499267578 95.06621551513672 140.17578125 100.00019073486328 140.17578125 C104.93242645263672 140.17578125 108.92948913574219 144.1708984375 108.92948913574219 149.10508728027344 C108.92753601074219 154.0390625 104.93242645263672 158.03436279296875 100.00019073486328 158.03436279296875 Z M114.03945922851562 109.04121398925781 C109.91035461425781 110.62519836425781 107.14179229736328 114.64237976074219 107.14179229736328 119.04121398925781 L107.14179229736328 124.10897827148438 C107.14179229736328 125.09178924560547 106.33866882324219 125.89491271972656 105.3558578491211 125.89491271972656 L94.640625 125.89491271972656 C93.6578140258789 125.89491271972656 92.8548812866211 125.09178924560547 92.8548812866211 124.10897827148438 L92.8548812866211 119.31073760986328 C92.8548812866211 114.15507507324219 94.3509750366211 109.06504821777344 97.2955093383789 104.82421875 C100.17401885986328 100.67324829101562 104.19316101074219 97.5029296875 108.92558288574219 95.69512176513672 C116.51641082763672 92.77069854736328 121.42655944824219 86.40840148925781 121.42655944824219 79.46659851074219 C121.42655944824219 69.62246704101562 111.80606079101562 61.61015701293945 99.99824523925781 61.61015701293945 C88.1904296875 61.61015701293945 78.5699234008789 69.62246704101562 78.5699234008789 79.46659851074219 L78.5699234008789 81.1626968383789 C78.5699234008789 82.1455078125 77.76504516601562 82.94844055175781 76.7841796875 82.94844055175781 L66.07109069824219 82.94844055175781 C65.08808898925781 82.94844055175781 64.28515625 82.14335632324219 64.28515625 81.1626968383789 L64.28515625 79.46659851074219 C64.28515625 70.69316101074219 68.1246109008789 62.502933502197266 75.0902328491211 56.40839767456055 C81.7861328125 50.53730773925781 90.62557983398438 47.323238372802734 100.00019073486328 47.323238372802734 C109.375 47.323238372802734 118.2144546508789 50.55937957763672 124.91230773925781 56.40839767456055 C131.8759765625 62.502933502197266 135.71542358398438 70.69316101074219 135.71542358398438 79.46659851074219 C135.71348571777344 92.365234375 127.20956420898438 103.9732437133789 114.03945922851562 109.04121398925781 Z""></path></svg>"
47033ab6f5cba4154e7420dd2457b5bc,"<svg xmlns=""http://www.w3.org/2000/svg"" viewBox=""0.0 0.0 200.0 200.0"" height=""200.0px"" width=""200.0px""><path fill=""#231F20"" fill-opacity=""1.0""  filling=""0"" d=""M100.0 91.6666030883789 A33.33340072631836 33.33340072631836 0.0 1 0 66.6666030883789 58.333396911621094 A33.33340072631836 33.33340072631836 0.0 0 0 100.0 91.6666030883789 Z M100.0 41.666603088378906 A16.666601181030273 16.666601181030273 0.0 1 1 83.3333969116211 58.333396911621094 A16.666601181030273 16.666601181030273 0.0 0 1 100.0 41.666603088378906 Z M100.0 108.3333969116211 A58.333396911621094 58.333396911621094 0.0 0 0 41.666603088378906 166.66659545898438 A8.333398818969727 8.333398818969727 0.0 0 0 58.333396911621094 166.66659545898438 A41.66659927368164 41.66659927368164 0.0 0 1 141.66659545898438 166.66659545898438 A8.333398818969727 8.333398818969727 0.0 0 0 158.33340454101562 166.66659545898438 A58.333396911621094 58.333396911621094 0.0 0 0 100.0 108.3333969116211 Z""></path></svg>"
ff7e00de39653cb5ed09822fcac57bc6,"<svg xmlns=""http://www.w3.org/2000/svg"" viewBox=""0.0 0.0 200.0 200.0"" height=""200.0px"" width=""200.0px""><path fill=""#F5841F"" fill-opacity=""1.0""  filling=""0"" d=""M158.86700439453125 68.94499969482422 L158.71099853515625 68.88700103759766 C157.38299560546875 68.39800262451172 125.99600219726562 56.875 98.78900146484375 56.875 C72.46099853515625 56.875 42.207000732421875 67.6760025024414 39.082000732421875 68.80899810791016 C25.058998107910156 72.53900146484375 15.741996765136719 82.16799926757812 15.741996765136719 93.24199676513672 C15.741996765136719 103.80899810791016 24.551002502441406 113.24199676513672 37.597999572753906 117.24600219726562 C40.19499969482422 123.71099853515625 51.89500045776367 143.14500427246094 98.7699966430664 143.14500427246094 C143.98399353027344 143.14500427246094 156.48399353027344 125.0780029296875 159.62899780273438 117.98799896240234 C174.16000366210938 114.53099822998047 184.218994140625 104.53099822998047 184.218994140625 93.24199676513672 C184.23800659179688 81.68000030517578 173.96499633789062 72.28500366210938 158.86700439453125 68.94499969482422 Z M36.875 110.5270004272461 C27.811996459960938 107.03099822998047 21.895004272460938 100.43000030517578 21.895004272460938 93.24199676513672 C21.895004272460938 86.11299896240234 27.85199737548828 79.49199676513672 36.875 75.97699737548828 L36.875 110.5270004272461 Z M153.75 112.6760025024414 C153.75 112.6760025024414 152.20700073242188 138.8090057373047 98.26200103759766 138.8090057373047 C44.316001892089844 138.8090057373047 42.75400161743164 112.6760025024414 42.75400161743164 112.6760025024414 L42.75400161743164 74.23799896240234 C42.75400161743164 74.23799896240234 60.0 62.71500015258789 98.24199676513672 62.71500015258789 C136.48399353027344 62.71500015258789 153.72999572753906 74.23799896240234 153.72999572753906 74.23799896240234 L153.72999572753906 112.6760025024414 L153.75 112.6760025024414 Z M160.64500427246094 111.36699676513672 L160.7030029296875 75.11699676513672 C171.093994140625 78.31999969482422 178.10499572753906 85.48799896240234 178.10499572753906 93.2229995727539 C178.10499572753906 101.05500030517578 171.093994140625 108.16400146484375 160.64500427246094 111.36699676513672 Z""></path>
<path fill=""#F5841F"" fill-opacity=""1.0""  filling=""0"" d=""M94.8239974975586 81.11299896240234 L94.8239974975586 95.37100219726562 L68.1449966430664 95.37100219726562 L68.1449966430664 102.44100189208984 L94.8239974975586 102.44100189208984 L94.8239974975586 116.71900177001953 L101.91400146484375 116.71900177001953 L101.91400146484375 102.44100189208984 L128.593994140625 102.44100189208984 L128.593994140625 95.37100219726562 L101.91400146484375 95.37100219726562 L101.91400146484375 81.11299896240234 L94.8239974975586 81.11299896240234 Z""></path></svg>"
c8bb40bc30f7e26f55df1149a4beec1c,"<svg xmlns=""http://www.w3.org/2000/svg"" viewBox=""0.0 0.0 200.0 200.0"" height=""200.0px"" width=""200.0px""><path fill=""#DFEAFF"" fill-opacity=""1.0""  filling=""0"" d=""M100.0 60.9379997253418 C121.5739974975586 60.9379997253418 139.06199645996094 78.4260025024414 139.06199645996094 100.0 C139.06199645996094 121.5739974975586 121.5739974975586 139.06199645996094 100.0 139.06199645996094 C78.4260025024414 139.06199645996094 60.9379997253418 121.5739974975586 60.9379997253418 100.0 C60.9379997253418 78.4260025024414 78.4260025024414 60.9379997253418 100.0 60.9379997253418 Z""></path>
<path fill=""#1E47D0"" fill-opacity=""1.0""  filling=""0"" d=""M96.94599914550781 162.5 C64.16799926757812 162.5 37.5 135.83200073242188 37.5 103.05400085449219 C37.5 70.27400207519531 64.16799926757812 43.606998443603516 96.9469985961914 43.606998443603516 C100.18299865722656 43.606998443603516 102.80599975585938 46.22999954223633 102.80599975585938 49.465999603271484 C102.80599975585938 52.70199966430664 100.18299865722656 55.32500076293945 96.9469985961914 55.32500076293945 C70.62899780273438 55.32600021362305 49.21900177001953 76.73600006103516 49.21900177001953 103.05400085449219 C49.21900177001953 129.37100219726562 70.62899780273438 150.781005859375 96.94599914550781 150.781005859375 C123.26399993896484 150.781005859375 144.6739959716797 129.37100219726562 144.6739959716797 103.05400085449219 C144.6739959716797 99.81800079345703 147.29800415039062 97.19400024414062 150.53399658203125 97.19400024414062 C153.77000427246094 97.19400024414062 156.39300537109375 99.81800079345703 156.39300537109375 103.05400085449219 C156.39300537109375 135.83200073242188 129.72500610351562 162.5 96.94599914550781 162.5 Z""></path>
<path fill=""#1E47D0"" fill-opacity=""1.0""  filling=""0"" d=""M156.64100646972656 105.85900115966797 L100.0 105.85900115966797 A5.859000205993652 5.859000205993652 0.0 0 1 94.14099884033203 99.99800109863281 C94.14099884033203 99.99700164794922 94.14700317382812 78.13600158691406 94.14099884033203 43.36000061035156 A5.85699987411499 5.85699987411499 0.0 0 1 95.85700225830078 39.215999603271484 A5.85699987411499 5.85699987411499 0.0 0 1 100.0 37.5 C134.46299743652344 37.5 162.5 65.53700256347656 162.5 100.0 C162.5 103.23600006103516 159.8769989013672 105.85900115966797 156.64100646972656 105.85900115966797 Z M105.86100006103516 94.14099884033203 L150.44500732421875 94.14099884033203 C147.75399780273438 70.81199645996094 129.18800354003906 52.24800109863281 105.86100006103516 49.55500030517578 C105.86299896240234 70.58399963378906 105.86199951171875 86.20600128173828 105.86100006103516 94.14099884033203 Z""></path></svg>"
d79b026fd645ea223db7b2c7916402a2,"<svg xmlns=""http://www.w3.org/2000/svg"" viewBox=""0.0 0.0 200.0 200.0"" height=""200.0px"" width=""200.0px""><path fill=""#666666"" fill-opacity=""1.0""  filling=""0"" d=""M149.6484375 139.16015625 L149.6484375 63.125003814697266 C149.6484375 61.15234375 147.34375 60.8203125 147.34375 60.8203125 L128.8671875 60.8203125 L128.8671875 55.039058685302734 C122.7734375 48.769535064697266 117.65625 54.8828125 117.65625 54.8828125 L117.65625 60.996089935302734 L84.66796875 60.996089935302734 L84.66796875 54.550777435302734 C78.57421875 48.45703125 73.45703125 54.550777435302734 73.45703125 54.550777435302734 L73.45703125 60.8203125 L52.83203125 60.8203125 C50.68359375 60.8203125 50.68359375 63.125003814697266 50.68359375 63.125003814697266 L50.68359375 139.31640625 C50.68359375 147.40234375 57.44140625 146.25 57.44140625 146.25 L143.046875 146.25 C149.82421875 146.26953125 149.6484375 139.16015625 149.6484375 139.16015625 Z M130.1953125 102.71485137939453 C123.92578125 110.29296875 98.8671875 134.21875 98.8671875 134.21875 C98.8671875 134.21875 93.75 138.18359375 89.8046875 134.21875 C85.83984375 130.25390625 71.8359375 116.73828125 71.8359375 116.73828125 C71.8359375 116.73828125 70.5078125 107.16796875 80.5859375 109.31640625 L91.97265625 120.859375 C91.97265625 120.859375 93.9453125 123.33984375 96.58203125 120.859375 L122.63671875 95.95703125 C122.6171875 95.95703125 133.1640625 93.3203125 130.1953125 102.71485137939453 Z M140.25390625 79.140625 L59.94140625 79.140625 L59.94140625 72.5390625 C59.94140625 70.56640625 62.421875 70.05859375 62.421875 70.05859375 L137.4609375 70.05859375 C140.09765625 70.05859375 140.2734375 72.5390625 140.2734375 72.5390625 L140.2734375 79.140625 L140.25390625 79.140625 Z""></path></svg>"
b76c593bf7179609524a3c01fddc665a,"<svg xmlns=""http://www.w3.org/2000/svg"" viewBox=""0.0 0.0 200.0 200.0"" height=""200.0px"" width=""200.0px""><path fill=""#333333"" fill-opacity=""1.0""  filling=""0"" d=""M146.83099365234375 26.319000244140625 A15.625 15.625 0.0 0 1 162.5 41.92499923706055 L162.5 58.099998474121094 L163.531005859375 59.04399871826172 A48.42499923706055 48.42499923706055 0.0 0 1 175.6750030517578 77.56199645996094 L176.05599975585938 78.69400024414062 L176.81199645996094 78.91899871826172 A15.637999534606934 15.637999534606934 0.0 0 1 187.468994140625 92.7249984741211 L187.5 93.75 L187.5 118.75 A15.625 15.625 0.0 0 1 174.88800048828125 134.08099365234375 L173.99400329589844 135.58099365234375 C171.49400329589844 139.5500030517578 168.10000610351562 143.38099670410156 163.86900329589844 147.1060028076172 L162.5 148.2689971923828 L162.5 162.5 A15.625 15.625 0.0 0 1 147.89999389648438 178.093994140625 L146.875 178.125 L125.0 178.125 A15.625 15.625 0.0 0 1 109.375 162.5 L96.875 162.5 A15.625 15.625 0.0 0 1 81.25 178.125 L59.375 178.125 A15.625 15.625 0.0 0 1 43.75 162.5 L43.75 148.35000610351562 L42.79999923706055 147.56199645996094 C32.012001037597656 138.29400634765625 25.34400177001953 126.5 22.913002014160156 112.5 L18.75 112.5 A6.25 6.25 0.0 0 1 12.5 106.25 L12.5 100.0 A6.25 6.25 0.0 0 1 18.75 93.75 L22.130996704101562 93.75 C25.438003540039062 54.487998962402344 60.21900177001953 28.561996459960938 119.5250015258789 36.625 L121.65599822998047 36.91899871826172 L122.48100280761719 36.23099899291992 C127.36900329589844 32.305999755859375 133.6060028076172 29.356002807617188 141.1060028076172 27.305999755859375 L143.1750030517578 26.768997192382812 C144.375 26.481002807617188 145.60000610351562 26.33100128173828 146.83099365234375 26.33100128173828 L146.83099365234375 26.319000244140625 Z M143.75 46.069000244140625 L142.718994140625 46.41299819946289 C137.7310028076172 48.15599822998047 134.21299743652344 50.375 132.04400634765625 52.95600128173828 L128.5749969482422 57.099998474121094 L123.24400329589844 56.16899871826172 C67.70600128173828 46.444000244140625 40.625 67.68099975585938 40.625 100.0 C40.625 115.76200103759766 46.48699951171875 127.48799896240234 58.57500076293945 136.125 L62.5 138.9250030517578 L62.5 159.375 L78.125 159.375 L78.125 143.75 L128.125 143.75 L128.125 159.375 L143.75 159.375 L143.75 139.06199645996094 L147.5 136.25 C154.43800354003906 131.04400634765625 158.46200561523438 126.21900177001953 159.8560028076172 122.03700256347656 L161.99400329589844 115.625 L168.75 115.625 L168.75 96.875 L161.06199645996094 96.875 L159.56199645996094 89.33699798583984 C157.9250030517578 81.16899871826172 153.97500610351562 74.85600280761719 147.5 70.0 L143.75 67.18800354003906 L143.75 46.069000244140625 Z M140.625 81.25 A9.375 9.375 0.0 1 1 140.625 100.0 A9.375 9.375 0.0 0 1 140.625 81.25 Z""></path></svg>"
1c903cbbe8b92e6292611cdedfaf2554,"<svg xmlns=""http://www.w3.org/2000/svg"" viewBox=""0.0 0.0 200.0 200.0"" height=""200.0px"" width=""200.0px""><path fill=""#231815"" fill-opacity=""1.0""  filling=""0"" d=""M100.04102325439453 0.0 C127.65430450439453 0.0 152.587890625 11.1953125 170.734375 29.341796875 C188.79296875 47.402347564697266 200.0 72.404296875 200.0 100.00780487060547 C200.0 127.609375 188.79296875 152.685546875 170.734375 170.671875 L170.1015625 171.298828125 C152.107421875 189.044921875 127.33984375 200.0 100.04102325439453 200.0 C72.427734375 200.0 47.333984375 188.8046875 29.34765625 170.671875 L29.1875 170.671875 C11.119140625 152.685546875 0.0 127.609375 0.0 100.00780487060547 C0.0 72.404296875 11.119140625 47.402347564697266 29.185546875 29.341796875 L29.818359375 28.701171875 C47.974609375 10.962890625 72.740234375 0.0 100.04102325439453 0.0 Z M88.994140625 51.740234375 L88.994140625 88.884765625 L51.753910064697266 88.884765625 C45.601558685302734 88.884765625 40.554691314697266 93.849609375 40.554691314697266 100.00780487060547 C40.554691314697266 106.150390625 45.601558685302734 111.123046875 51.753910064697266 111.123046875 L88.994140625 111.123046875 L88.994140625 148.267578125 C88.994140625 154.41796875 93.88671875 159.310546875 100.04102325439453 159.310546875 C106.19336700439453 159.310546875 111.087890625 154.419921875 111.087890625 148.267578125 L111.087890625 111.123046875 L148.3203125 111.123046875 C154.392578125 111.123046875 159.52734375 106.15234375 159.52734375 100.00780487060547 C159.52734375 93.849609375 154.392578125 88.884765625 148.3203125 88.884765625 L111.0859375 88.884765625 L111.0859375 51.740234375 C111.0859375 45.58203125 106.19336700439453 40.697265625 100.0390625 40.697265625 C93.88671875 40.697265625 88.994140625 45.58203125 88.994140625 51.740234375 Z M155.033203125 44.955074310302734 C140.90625 30.912109375 121.5 22.244140625 100.0390625 22.244140625 C78.732421875 22.244140625 59.478515625 30.599609375 45.437503814697266 44.482421875 L44.96484375 45.035160064697266 C30.92578125 58.990234375 22.1640625 78.548828125 22.1640625 100.00780487060547 C22.1640625 121.451171875 30.923828125 141.01171875 44.96484375 155.052734375 C59.011722564697266 169.0859375 78.41796875 177.755859375 100.0390625 177.755859375 C121.177734375 177.755859375 140.5859375 169.24609375 154.478515625 155.525390625 L155.03125 155.052734375 C169.150390625 141.01171875 177.83203125 121.45313262939453 177.83203125 100.00780487060547 C177.83203125 78.548828125 169.15234375 58.990234375 155.03125 45.035160064697266 L155.03125 44.955074310302734 L155.033203125 44.955074310302734 Z""></path></svg>"
79bf8d9f20dc1cf8c3e934fccd65d8bb,"<svg xmlns=""http://www.w3.org/2000/svg"" viewBox=""0.0 0.0 200.0 200.0"" height=""200.0px"" width=""200.0px""><path fill=""currentColor"" fill-opacity=""1.0""  filling=""0"" d=""M100.0 0.0 A100.0 100.0 0.0 0 1 200.0 100.0 C200.0 155.22900390625 155.22900390625 200.0 100.0 200.0 C44.770999908447266 200.0 0.0 155.22900390625 0.0 100.0 C0.0 44.770999908447266 44.770999908447266 0.0 100.0 0.0 Z M100.0 14.286003112792969 C52.66400146484375 14.286003112792969 14.286003112792969 52.66400146484375 14.286003112792969 100.0 C14.286003112792969 147.33599853515625 52.66400146484375 185.71400451660156 100.0 185.71400451660156 C147.33599853515625 185.71400451660156 185.71400451660156 147.33599853515625 185.71400451660156 100.0 C185.71400451660156 52.66400146484375 147.33599853515625 14.286003112792969 100.0 14.286003112792969 Z M100.0 139.28599548339844 A10.71399974822998 10.71399974822998 0.0 1 1 100.0 160.71400451660156 A10.71399974822998 10.71399974822998 0.0 0 1 100.0 139.28599548339844 Z M107.14299774169922 50.0 L107.14299774169922 114.28600311279297 L92.85700225830078 114.28600311279297 L92.85700225830078 50.0 L107.14299774169922 50.0 Z""></path></svg>"
f8f0556445be4f9cad7a34aaadc890f1,"<svg height=""128"" viewBox=""0 0 48 48"" width=""128"" xmlns=""http://www.w3.org/2000/svg""><g fill=""none"" stroke=""#000000"" stroke-linecap=""round"" stroke-linejoin=""round""><path d=""m5.48 18.27a10.03 10.03 0 0 1 10.03-10.03 13.15 13.15 0 0 1 4.82.71 13.28 13.28 0 0 1 5.69 4.33c2.26 2.73-13.04 18.38-15.57 15.81a22.39 22.39 0 0 1 -3.81-5.71 12.37 12.37 0 0 1 -1.16-5.11z""/><path d=""m40 33.01q.01.23.01.46a10.03 10.03 0 0 1 -10.03 10.03 14.23 14.23 0 0 1 -5.76-1.82""/><path d=""m18.14 36.16c.94 1.51 6.06.01 11.44-3.35s8.98-7.29 8.04-8.8""/><path d=""m37.62 24.02c-.94-1.51-6.06-.01-11.44 3.35s-8.98 7.29-8.04 8.8a47.33 47.33 0 0 0 6.08 5.52""/><path d=""m37.62 24.02s2.37 5.92 2.38 8.99""/><path d=""m36.06 17.28s3.19-4.99 3.51-5.01c-1.63.87-5.55 1.32-5.55 1.32-7.28 4.35-23.68 24.85-23.68 24.85s18.84-18.65 25.72-21.16z""/><path d=""m27.74 28.56.11-.52""/><path d=""m24.33 30.95-.98.28""/><path d=""m21.52 34.25.95-.7""/><path d=""m26.95 32.99.13-.58""/><path d=""m32.32 28.2.9-.29""/><path d=""m32.07 26.43.93-.73""/><path d=""m25.92 10.94c.81-.76 3.59-3.37 4.1-5.52m5.2-.92c-2.29 2.82-4.36 5.75-7.62 8.07m7.19-2.88c-2.3.74-6.1 4.54-7.6 5.97""/><path d=""m30.66 23.56a25.93 25.93 0 0 1 5.72-4.72m-.97 3.08a63.15 63.15 0 0 0 7-7.59""/><path d=""m42.52 18.55a22.59 22.59 0 0 0 -4.48 3.45""/><path d=""m8.49 11.1c-2.13 4.96 2.34 11.02 7.76 15.52""/><path d=""m23.83 18.78c-1.39-1.88-7.11-10.21-15.34-7.68""/><path d=""m25.81 34.89s3.92 7.34 8.76 7.5""/><path d=""m34.91 28.8s4.88 6.8 2.12 11.81""/></g></svg>"
5f5a7cb01fa07e68fdc95cd648581090,"<svg fill=""none"" height=""128"" viewBox=""0 0 24 24"" width=""128"" xmlns=""http://www.w3.org/2000/svg""><path clip-rule=""evenodd"" d=""m3.59 6.59c-.59.58-.59 1.52-.59 3.41v4c0 1.89 0 2.83.59 3.41.58.59 1.52.59 3.41.59h10c1.89 0 2.83 0 3.41-.59.59-.58.59-1.52.59-3.41v-4c0-1.89 0-2.83-.59-3.41-.58-.59-1.52-.59-3.41-.59h-10c-1.89 0-2.83 0-3.41.59zm8.41 8.41c1.66 0 3-1.34 3-3s-1.34-3-3-3-3 1.34-3 3 1.34 3 3 3z"" fill=""#2a4157"" fill-opacity="".24"" fill-rule=""evenodd""/><g stroke=""#222222"" stroke-width=""1.2""><rect height=""12"" rx=""2"" width=""18"" x=""3"" y=""6""/><path d=""m6 9h2"" stroke-linecap=""round""/><path d=""m16 15h2"" stroke-linecap=""round""/><circle cx=""12"" cy=""12"" r=""2.4""/></g></svg>"
b8e61bb15e64a77baaa1138b2c948c93,"<svg xmlns=""http://www.w3.org/2000/svg"" viewBox=""0.0 0.0 200.0 200.0"" height=""200.0px"" width=""200.0px""><path fill=""url(#a)"" fill-opacity=""1.0""  filling=""0"" d=""M78.08000183105469 144.63999938964844 C77.4000015258789 144.52000427246094 61.31999969482422 141.1199951171875 53.439998626708984 129.60000610351562 L53.31999969482422 129.44000244140625 L53.31999969482422 129.24000549316406 C53.31999969482422 129.0800018310547 53.36000061035156 112.4000015258789 57.15999984741211 95.95999908447266 C59.400001525878906 86.23999786376953 62.47999954223633 78.5199966430664 66.31999969482422 72.95999908447266 C71.19999694824219 65.91999816894531 77.27999877929688 62.31999969482422 84.44000244140625 62.31999969482422 C86.76000213623047 62.31999969482422 89.19999694824219 62.68000030517578 91.72000122070312 63.439998626708984 L91.76000213623047 63.439998626708984 L91.80000305175781 63.47999954223633 C92.08000183105469 63.599998474121094 98.44000244140625 66.83999633789062 101.19999694824219 75.87999725341797 C103.4800033569336 75.08000183105469 111.83999633789062 72.4000015258789 122.16000366210938 72.4000015258789 C128.0399932861328 72.4000015258789 133.63999938964844 73.23999786376953 138.8000030517578 74.95999908447266 L139.0800018310547 75.04000091552734 L150.55999755859375 106.83999633789062 L150.52000427246094 107.0 C150.47999572753906 107.27999877929688 149.16000366210938 113.5199966430664 139.52000427246094 121.31999969482422 C130.72000122070312 128.44000244140625 112.95999908447266 138.27999877929688 78.23999786376953 144.63999938964844 L78.12000274658203 144.67999267578125 L78.08000183105469 144.63999938964844 Z""></path>
<path fill=""#7e5e59"" fill-opacity=""1.0""  filling=""0"" d=""M84.4800033569336 62.91999816894531 C86.68000030517578 62.91999816894531 89.04000091552734 63.279998779296875 91.55999755859375 64.0 C91.55999755859375 64.0 98.19999694824219 67.27999877929688 100.83999633789062 76.68000030517578 C100.83999633789062 76.68000030517578 110.04000091552734 73.0 122.19999694824219 73.0 C127.31999969482422 73.0 132.9600067138672 73.63999938964844 138.67999267578125 75.5199966430664 L150.0399932861328 106.87999725341797 C150.0399932861328 106.87999725341797 145.16000366210938 131.75999450683594 78.19999694824219 144.0399932861328 C78.19999694824219 144.0399932861328 61.7599983215332 140.67999267578125 53.959999084472656 129.24000549316406 C53.959999084472656 129.27999877929688 53.959999084472656 62.959999084472656 84.4800033569336 62.91999816894531 M84.4800033569336 61.720001220703125 C77.08000183105469 61.720001220703125 70.83999633789062 65.4000015258789 65.83999633789062 72.5999984741211 C61.959999084472656 78.23999786376953 58.84000015258789 86.04000091552734 56.599998474121094 95.80000305175781 C52.79999923706055 112.31999969482422 52.7599983215332 129.0800018310547 52.7599983215332 129.24000549316406 L52.7599983215332 129.60000610351562 L52.959999084472656 129.9199981689453 C60.959999084472656 141.63999938964844 77.27999877929688 145.0800018310547 77.95999908447266 145.1999969482422 L78.19999694824219 145.24000549316406 L78.44000244140625 145.1999969482422 C93.80000305175781 142.36000061035156 107.16000366210938 138.63999938964844 118.16000366210938 134.1199951171875 C127.0 130.47999572753906 134.36000061035156 126.31999969482422 140.0 121.76000213623047 C149.8000030517578 113.83999633789062 151.16000366210938 107.36000061035156 151.24000549316406 107.08000183105469 L151.32000732421875 106.76000213623047 L151.1999969482422 106.44000244140625 L139.83999633789062 75.08000183105469 L139.63999938964844 74.5199966430664 L139.0800018310547 74.31999969482422 C133.83999633789062 72.5999984741211 128.1999969482422 71.76000213623047 122.23999786376953 71.76000213623047 C112.44000244140625 71.76000213623047 104.55999755859375 74.08000183105469 101.63999938964844 75.08000183105469 C98.68000030517578 66.23999786376953 92.4000015258789 63.040000915527344 92.12000274658203 62.91999816894531 L92.04000091552734 62.880001068115234 L91.91999816894531 62.84000015258789 C89.31999969482422 62.119998931884766 86.83999633789062 61.720001220703125 84.4800033569336 61.720001220703125 Z""></path>
<path fill=""#7e5e59"" fill-opacity=""1.0""  filling=""0"" d=""M61.47999954223633 128.52000427246094 C64.95999908447266 127.5199966430664 68.36000061035156 126.44000244140625 71.76000213623047 125.23999786376953 C75.16000366210938 124.04000091552734 78.5199966430664 122.76000213623047 81.83999633789062 121.44000244140625 C85.16000366210938 120.08000183105469 88.44000244140625 118.63999938964844 91.68000030517578 117.08000183105469 C94.91999816894531 115.5199966430664 98.08000183105469 113.87999725341797 101.16000366210938 112.04000091552734 C104.27999877929688 110.23999786376953 107.27999877929688 108.31999969482422 110.16000366210938 106.19999694824219 C111.5999984741211 105.16000366210938 113.04000091552734 104.08000183105469 114.4000015258789 102.91999816894531 C115.76000213623047 101.76000213623047 117.12000274658203 100.5999984741211 118.4000015258789 99.36000061035156 C120.95999908447266 96.87999725341797 123.36000061035156 94.19999694824219 125.44000244140625 91.27999877929688 C127.55999755859375 88.4000015258789 129.24000549316406 85.19999694824219 130.60000610351562 81.87999725341797 C129.52000427246094 85.31999969482422 127.91999816894531 88.5999984741211 125.91999816894531 91.63999938964844 C123.95999908447266 94.68000030517578 121.5999984741211 97.4800033569336 119.04000091552734 100.04000091552734 C113.91999816894531 105.19999694824219 107.95999908447266 109.44000244140625 101.72000122070312 113.08000183105469 C95.44000244140625 116.72000122070312 88.87999725341797 119.76000213623047 82.12000274658203 122.31999969482422 C75.44000244140625 124.83999633789062 68.5199966430664 127.0 61.47999954223633 128.52000427246094 Z""></path></svg>"
18113bee-6436-4d3c-b435-235d2438af56,"<svg height=""128"" viewBox=""0 0 36 36"" width=""128"" xmlns=""http://www.w3.org/2000/svg""><path d=""m36 36v-4c0-3.31-2.69-6-6-6h-16c-3.31 0-6 2.69-6 6v4z"" fill=""#ccd6dd""/><path d=""m18 27 4 4 4-4v-5h-8z"" fill=""#af7e57""/><path d=""m18 24c1.22 1.37 2.36 1.72 4 1.72s2.79-.35 4-1.72v-4h-8z"" fill=""#9b6a49""/><path d=""m25.6 1.07c-1.93-.62-6.46-.45-7.59 1.02-2.94.06-6.4 2.72-6.85 6.23-.45 3.48.55 5.09.91 7.7.4 2.96 2.07 3.91 3.4 4.3 1.91 2.53 3.95 2.42 7.37 2.42 6.67 0 9.85-4.46 10.13-12.05.17-4.59-2.52-8.06-7.36-9.63z"" fill=""#60352a""/><path d=""m29.41 11.02c-.65-.89-1.47-1.61-3.28-1.87.68.31 1.33 1.39 1.42 1.98.09.6.17 1.08-.37.48-2.15-2.38-4.5-1.44-6.83-2.9-1.63-1.02-2.12-2.14-2.12-2.14s-.2 1.5-2.66 3.03c-.71.44-1.57 1.43-2.04 2.89-.34 1.05-.23 1.98-.23 3.58 0 4.66 3.84 8.58 8.58 8.58s8.58-3.95 8.58-8.58c0-2.9-.3-4.03-1.04-5.05z"" fill=""#af7e57""/><path d=""m22.83 18.45h-1.91c-.26 0-.48-.21-.48-.48s.21-.48.48-.48h1.91c.26 0 .48.21.48.48s-.21.48-.48.48z"" fill=""#915a34""/><path d=""m18.06 15.12c-.53 0-.95-.43-.95-.95v-.95c0-.53.43-.95.95-.95s.95.43.95.95v.95c0 .53-.43.95-.95.95zm7.63 0c-.53 0-.95-.43-.95-.95v-.95c0-.53.43-.95.95-.95s.95.43.95.95v.95c0 .53-.43.95-.95.95z"" fill=""#662113""/><path d=""m22 22.43c-2.75 0-3.6-.71-3.74-.85-.26-.26-.26-.67 0-.93.25-.25.65-.26.9-.02.05.04.72.49 2.84.49 2.2 0 2.84-.49 2.84-.49.26-.26.66-.24.91.02.26.26.24.68-.01.94-.14.14-.99.85-3.74.85"" fill=""#915a34""/><path d=""m19.06 36-1.06-9.22s1.41 1.65 4 1.65 4.22-1.65 4.22-1.65l-1.22 9.22z"" fill=""#66757f""/><path d=""m18.08 25.25c.57.57 2.92 10.75 2.92 10.75h-3.16l-1.7-2.56 1.7-2.84-2.02-.63.25-3.96s1.73-1.03 2-.76m7.84 0c-.56.57-2.91 10.75-2.91 10.75h3.16l1.7-2.56-1.7-2.84 2.02-.63-.25-3.96s-1.73-1.03-2-.76"" fill=""#f5f8fa""/><path d=""m14.75 10.75h14.5v5.25h-14.5z"" fill=""#ffffff"" opacity="".4""/><path d=""m29 10h-14c-1 0-1 1-1 1v4c0 1.46 2.33 2 4 2s2.6-1 4-1 2.33 1 4 1 4-.54 4-2v-4c0-1-1-1-1-1zm0 4c0 1.33-.85 2-3 2-1.54 0-2.8-1-4-1s-2.46 1-4 1c-2.15 0-3-.68-3-2v-3h14z"" fill=""#f5f8fa""/><g fill=""#9266cc""><circle cx=""7"" cy=""11"" r=""1""/><circle cx=""9"" cy=""16"" r=""1""/><circle cx=""5.5"" cy=""14.5"" r=""1.5""/></g><path d=""m10 18h-5s-2 0-2 2 2 2 2 2v5l-4 5c-.88 1.1-1 1.82-1 2 0 2 2 2 2 2h11s2 0 2-2c0-.13.15-.56-1-2l-4-5v-5s2 0 2-2-2-2-2-2z"" fill=""#a8bccc""/><path d=""m9 27.35v-6.35h1c.45-.01 1-.19 1-1 0-.8-.55-.99-1.01-1h-4.99c-.45.01-1 .19-1 1s.55.99 1.01 1l.98.02.01 6.33-1.89 2.37 3.39 3.5 3.39-3.5z"" fill=""#e1e8ed""/><path d=""m1 34.03c0 .77.55.95 1.01.97h10.99c.45-.01 1-.19 1-1v-.04l.01-.08s-.06-.34-.79-1.25l-2.33-2.91h-6.78l-2.33 2.91c-.72.9-.78 1.4-.78 1.41z"" fill=""#9266cc""/></svg>"
0ecbf55a55ffc02de28b1480e1417713,"<svg xmlns=""http://www.w3.org/2000/svg"" viewBox=""0.0 0.0 200.0 200.0"" height=""200.0px"" width=""200.0px""><path fill=""#000000"" fill-opacity=""1.0""  filling=""0"" d=""M100.0 12.5 C148.3249969482422 12.5 187.5 51.67499923706055 187.5 100.0 C187.5 148.3249969482422 148.3249969482422 187.5 100.0 187.5 C51.67499923706055 187.5 12.5 148.3249969482422 12.5 100.0 C12.5 51.67499923706055 51.67499923706055 12.5 100.0 12.5 Z M73.48124694824219 64.64375305175781 A6.25 6.25 0.0 0 0 64.125 72.89375305175781 L64.64375305175781 73.48124694824219 L91.16250610351562 100.0 L64.64375305175781 126.51875305175781 A6.25 6.25 0.0 0 0 72.89375305175781 135.875 L73.48124694824219 135.3562469482422 L100.0 108.83749389648438 L126.51875305175781 135.3562469482422 A6.25 6.25 0.0 0 0 135.875 127.10624694824219 L135.3562469482422 126.51875305175781 L108.83749389648438 100.0 L135.3562469482422 73.48124694824219 A6.25 6.25 0.0 0 0 127.10624694824219 64.125 L126.51875305175781 64.64375305175781 L100.0 91.16250610351562 L73.48124694824219 64.64375305175781 Z""></path></svg>"
242fbb06deef395f761790e5c04e64f3,"<svg xmlns=""http://www.w3.org/2000/svg"" viewBox=""0.0 0.0 200.0 200.0"" height=""200.0px"" width=""200.0px""><path fill=""#040000"" fill-opacity=""1.0""  filling=""0"" d=""M100.0 191.66659545898438 C78.3333969116211 191.66659545898438 57.5 183.33340454101562 40.83340072631836 167.5 C8.333396911621094 135.0 8.333396911621094 82.5 40.83340072631836 50.0 C44.16659927368164 46.66659927368164 49.166603088378906 46.66659927368164 52.499996185302734 50.0 C55.83340072631836 53.333396911621094 55.83340072631836 58.333396911621094 52.499996185302734 61.666603088378906 C26.666603088378906 87.5 26.666603088378906 130.0 52.499996185302734 155.83340454101562 C78.3333969116211 181.66659545898438 120.8333969116211 181.66659545898438 146.66659545898438 155.83340454101562 C172.5 130.0 172.5 87.5 146.66659545898438 61.666603088378906 C143.33340454101562 58.333396911621094 143.33340454101562 53.333396911621094 146.66659545898438 50.0 C150.0 46.66659927368164 155.0 46.66659927368164 158.33340454101562 50.0 C190.83340454101562 82.5 190.83340454101562 135.0 158.33340454101562 167.5 C142.5 183.33340454101562 120.8333969116211 191.66659545898438 99.1666030883789 191.66659545898438 L100.0 191.66659545898438 Z""></path>
<path fill=""#040000"" fill-opacity=""1.0""  filling=""0"" d=""M100.0 108.3333969116211 C95.0 108.3333969116211 91.6666030883789 104.99999237060547 91.6666030883789 100.0 L91.6666030883789 16.666603088378906 C91.6666030883789 11.666603088378906 95.0 8.333396911621094 100.0 8.333396911621094 C104.99999237060547 8.333396911621094 108.3333969116211 11.666603088378906 108.3333969116211 16.666603088378906 L108.3333969116211 100.0 C108.3333969116211 104.99999237060547 104.99999237060547 108.3333969116211 100.0 108.3333969116211 Z""></path></svg>"
d645058c-a13b-4037-b678-4f552dda7902,"<svg clip-rule=""evenodd"" fill-rule=""evenodd"" height=""128"" image-rendering=""optimizeQuality"" shape-rendering=""geometricPrecision"" text-rendering=""geometricPrecision"" viewBox=""0 -2 1023 1023"" width=""128"" xmlns=""http://www.w3.org/2000/svg""><path d=""m958 61v130h-63v65h-128v190h191v65h65v317h-65v65h65v126h-321v-65h-191v65h-446v-61h-65v-321h65v-65h65v-61h61v-65h-61v-190h-65v-65h-65v-126h65v-65h61v65h260v-65h251v65h191v-65h67v61z"" fill=""#fefefe""/><path d=""m130 65h256v-65h190 61v65h191 65v-65h-65v65 61h-191v65h65v65h65 128v-65-130h63v130h-63-128v65 190h191v65h65v317h-65-191v-126h126v-65h-126v-126h191v317 65h65v61 65h-65-256v-61h-191v61h-446v-61h-65v-130-65-126h65 65v126 65h-65v130h126v-65h65 65v-65h61v65h69 251v-65-65h-65-446v-61h381v-65h65v-316h-65v61h-126-64v-126h64v-65h-125v65h-65-63v-65-65h-63zm442 446h-61v-65h61zm-126-65h-253v-64h63v-126-65h-63-2-61-65v-126-65h61v65h-61-65v126h65v65h65v190h61v65h-61v61h-65v65 126h65 61v65h65v65 65h195v-65-65h186v-65-61h65v-446h-65v-65h-61v-65h-130v65h65v130h-65v61zm-255 191v-65h65v65zm195-65h-69v65h69zm125 0h-65v65h65zm191 382h256v-61h-191-65z"" fill=""#1d1819""/></svg>"
c00a84ca-5a06-4196-b9c9-568e07171b7b,"<svg xmlns=""http://www.w3.org/2000/svg"" viewBox=""0.0 0.0 200.0 200.0"" height=""200.0px"" width=""200.0px""><path fill=""#020288"" fill-opacity=""1.0""  filling=""0"" d=""M100.0 59.22200012207031 C97.84300231933594 59.22200012207031 96.09400177001953 57.472999572753906 96.09400177001953 55.316001892089844 L96.09400177001953 3.9059982299804688 C96.09400177001953 1.7490005493164062 97.84300231933594 0.0 100.0 0.0 C102.15699768066406 0.0 103.90599822998047 1.7490005493164062 103.90599822998047 3.9059982299804688 L103.90599822998047 55.316001892089844 C103.90599822998047 57.472999572753906 102.15699768066406 59.22200012207031 100.0 59.22200012207031 Z""></path>
<path fill=""#b2f0fb"" fill-opacity=""1.0""  filling=""0"" d=""M74.08000183105469 167.6999969482422 C73.66000366210938 169.57000732421875 73.43900299072266 171.51600646972656 73.43900299072266 173.51300048828125 C73.43900299072266 188.14100646972656 85.33000183105469 200.0 100.0 200.0 C114.66999816894531 200.0 126.56099700927734 188.14100646972656 126.56099700927734 173.51300048828125 C126.56099700927734 171.51600646972656 126.33999633789062 169.57000732421875 125.91999816894531 167.6999969482422 L74.08000183105469 167.6999969482422 Z""></path>
<path fill=""#b2f0fb"" fill-opacity=""1.0""  filling=""0"" d=""M100.0 64.48200225830078 C104.65599822998047 64.48200225830078 109.20099639892578 64.95700073242188 113.58799743652344 65.86299896240234 L113.58799743652344 44.768001556396484 L86.41100311279297 44.768001556396484 L86.41100311279297 65.86299896240234 C90.79900360107422 64.95800018310547 95.34400177001953 64.48200225830078 100.0 64.48200225830078 Z""></path>
<path fill=""#020288"" fill-opacity=""1.0""  filling=""0"" d=""M175.2220001220703 144.2429962158203 L170.625 144.2429962158203 L170.625 131.10800170898438 C170.625 92.21600341796875 138.98500061035156 60.57500076293945 100.09300231933594 60.57500076293945 L99.90599822998047 60.57500076293945 C61.013999938964844 60.57500076293945 29.373001098632812 92.21600341796875 29.373001098632812 131.10800170898438 L29.373001098632812 144.2429962158203 L24.777999877929688 144.2429962158203 C22.621002197265625 144.2429962158203 20.87200164794922 145.99200439453125 20.87200164794922 148.14999389648438 L20.87200164794922 167.6999969482422 C20.87200164794922 169.85699462890625 22.621002197265625 171.6060028076172 24.777999877929688 171.6060028076172 L175.2220001220703 171.6060028076172 C177.37899780273438 171.6060028076172 179.12899780273438 169.85699462890625 179.12899780273438 167.6999969482422 L179.12899780273438 148.14999389648438 C179.1280059814453 145.99200439453125 177.37899780273438 144.2429962158203 175.2220001220703 144.2429962158203 Z M37.1870002746582 131.10800170898438 C37.1870002746582 96.52400207519531 65.322998046875 68.38800048828125 99.90699768066406 68.38800048828125 L100.09400177001953 68.38800048828125 C134.677001953125 68.38800048828125 162.81399536132812 96.52400207519531 162.81399536132812 131.10800170898438 L162.81399536132812 144.2429962158203 L37.1870002746582 144.2429962158203 L37.1870002746582 131.10800170898438 Z M171.3159942626953 163.79299926757812 L28.683998107910156 163.79299926757812 L28.683998107910156 152.05599975585938 L171.3159942626953 152.05599975585938 L171.3159942626953 163.79299926757812 L171.3159942626953 163.79299926757812 Z""></path></svg>"
98c113c8b9dcc3d3e8489ee4f819ba68,"<svg xmlns=""http://www.w3.org/2000/svg"" viewBox=""0.0 0.0 200.0 200.0"" height=""200.0px"" width=""200.0px""><path fill=""#717071"" fill-opacity=""1.0""  filling=""0"" d=""M63.202999114990234 165.9770050048828 C50.15599822998047 165.9770050048828 39.53099822998047 155.3520050048828 39.53099822998047 142.30499267578125 C39.53099822998047 135.99600219726562 41.992000579833984 130.0590057373047 46.44499969482422 125.58599853515625 C46.60200119018555 125.43000030517578 46.816001892089844 125.35199737548828 47.03099822998047 125.35199737548828 C47.24599838256836 125.35199737548828 47.46099853515625 125.43000030517578 47.617000579833984 125.58599853515625 L79.94100189208984 157.87100219726562 C80.0979995727539 158.02699279785156 80.1760025024414 158.24200439453125 80.1760025024414 158.45700073242188 C80.1760025024414 158.6719970703125 80.0979995727539 158.88699340820312 79.94100189208984 159.04299926757812 C75.46900177001953 163.49600219726562 69.51200103759766 165.9770050048828 63.202999114990234 165.9770050048828 Z M47.05099868774414 127.34400177001953 C43.262001037597656 131.42599487304688 41.191001892089844 136.69900512695312 41.191001892089844 142.28500366210938 C41.191001892089844 154.41400146484375 51.07400131225586 164.2969970703125 63.202999114990234 164.2969970703125 C68.80899810791016 164.2969970703125 74.08200073242188 162.2270050048828 78.16400146484375 158.41799926757812 L47.05099868774414 127.34400177001953 Z M83.55500030517578 155.19500732421875 C83.33999633789062 155.19500732421875 83.125 155.09800720214844 82.9489974975586 154.9409942626953 L50.85900115966797 121.64099884033203 C50.625 121.38700103759766 50.566001892089844 121.01599884033203 50.702999114990234 120.7030029296875 L88.98400115966797 43.31999969482422 C91.6989974975586 37.832000732421875 96.81600189208984 34.121002197265625 102.69499969482422 33.378997802734375 C107.85199737548828 32.73400115966797 112.5 34.4530029296875 116.54299926757812 38.47700119018555 C121.36699676513672 43.30099868774414 122.71499633789062 49.433998107910156 120.43000030517578 56.21099853515625 C119.9020004272461 57.75400161743164 119.25800323486328 59.15999984741211 118.59400177001953 60.37099838256836 C121.93399810791016 58.262001037597656 125.58599853515625 57.207000732421875 129.218994140625 57.30500030517578 C134.23800659179688 57.441001892089844 138.86700439453125 59.707000732421875 142.5780029296875 63.847999572753906 C146.5229949951172 68.24199676513672 147.52000427246094 74.25800323486328 145.48800659179688 81.28900146484375 C144.76600646972656 83.80899810791016 143.77000427246094 86.03500366210938 142.92999267578125 87.65599822998047 C146.54299926757812 85.66400146484375 153.08599853515625 82.85199737548828 159.4340057373047 84.00399780273438 C163.55499267578125 84.74600219726562 166.9340057373047 87.06999969482422 169.49200439453125 90.89800262451172 C172.968994140625 96.0739974975586 174.1020050048828 101.0739974975586 172.87100219726562 105.74199676513672 C171.48399353027344 111.0739974975586 166.9340057373047 115.81999969482422 159.74600219726562 119.4729995727539 C159.74600219726562 119.4729995727539 159.7270050048828 119.4729995727539 159.7270050048828 119.49199676513672 L83.9260025024414 155.11700439453125 C83.80899810791016 155.17599487304688 83.69100189208984 155.19500732421875 83.55500030517578 155.19500732421875 Z M52.46099853515625 120.91799926757812 L83.75 153.37899780273438 L159.00399780273438 117.96900177001953 C165.76199340820312 114.53099822998047 170.0 110.15599822998047 171.27000427246094 105.29299926757812 C172.36300659179688 101.09400177001953 171.3090057373047 96.56199645996094 168.10499572753906 91.7969970703125 C165.80099487304688 88.35900115966797 162.79299926757812 86.28900146484375 159.14100646972656 85.625 C154.68800354003906 84.80500030517578 150.02000427246094 86.25 146.875 87.5780029296875 C143.45700073242188 89.04299926757812 141.093994140625 90.7229995727539 141.05499267578125 90.74199676513672 C140.72300720214844 90.97699737548828 140.2729949951172 90.93800354003906 140.0 90.66400146484375 C139.70700073242188 90.39099884033203 139.66799926757812 89.94100189208984 139.90199279785156 89.60900115966797 C139.9219970703125 89.56999969482422 142.5 85.76200103759766 143.92599487304688 80.78099822998047 C145.80099487304688 74.25800323486328 144.9409942626953 68.94499969482422 141.36700439453125 64.96099853515625 C137.968994140625 61.172000885009766 133.75 59.10200119018555 129.19900512695312 58.96500015258789 C124.3949966430664 58.827999114990234 119.53099822998047 60.97700119018555 115.50800323486328 64.9800033569336 C115.19499969482422 65.29299926757812 114.68800354003906 65.31199645996094 114.3550033569336 65.0 C114.02300262451172 64.68800354003906 114.00399780273438 64.18000030517578 114.2969970703125 63.847999572753906 C114.33599853515625 63.808998107910156 117.30500030517578 60.35200119018555 118.88700103759766 55.625 C120.95700073242188 49.433998107910156 119.78500366210938 44.042999267578125 115.37100219726562 39.64799880981445 C111.71900177001953 35.996002197265625 107.5199966430664 34.433998107910156 102.91000366210938 35.02000427246094 C97.5979995727539 35.683998107910156 92.9489974975586 39.0620002746582 90.48799896240234 44.042999267578125 L52.46099853515625 120.91799926757812 Z""></path>
<path fill=""#717071"" fill-opacity=""1.0""  filling=""0"" d=""M61.933998107910156 132.7729949951172 C61.757999420166016 132.7729949951172 61.582000732421875 132.71499633789062 61.42599868774414 132.59800720214844 C61.07400131225586 132.32400512695312 60.99599838256836 131.7969970703125 61.28900146484375 131.42599487304688 L114.25800323486328 63.887001037597656 C114.53099822998047 63.53499984741211 115.05899810791016 63.457000732421875 115.43000030517578 63.75 C115.78099822998047 64.02300262451172 115.85900115966797 64.5510025024414 115.56600189208984 64.9219970703125 L62.597999572753906 132.46099853515625 C62.441001892089844 132.67599487304688 62.1879997253418 132.7729949951172 61.933998107910156 132.7729949951172 Z M72.83200073242188 144.08200073242188 C72.5780029296875 144.08200073242188 72.34400177001953 143.96499633789062 72.18800354003906 143.77000427246094 C71.91400146484375 143.41799926757812 71.9729995727539 142.89100646972656 72.3239974975586 142.59800720214844 L140.0780029296875 89.43399810791016 C140.42999267578125 89.14099884033203 140.95700073242188 89.21900177001953 141.25 89.56999969482422 C141.54299926757812 89.9219970703125 141.46499633789062 90.4489974975586 141.11300659179688 90.74199676513672 L73.33999633789062 143.88699340820312 C73.18399810791016 144.0229949951172 73.00800323486328 144.08200073242188 72.83200073242188 144.08200073242188 Z""></path></svg>"
10cdf28ec274bddb77dec50daca69f24,"<svg height=""128"" viewBox=""-10 -5 1034 1034"" width=""128"" xmlns=""http://www.w3.org/2000/svg""><path d=""m477 175-184 107-127 73 86 50 84-49 141-81 141 81 140 82-281 161-368-211v262l85 49 283 163 184-107 98-56v66l-282 162-368-211v97l184 107 184 105 368-212v-261l-368 210-283-161v-66l283 163 368-213v-97l-184-106z""/></svg>"
12121859d4a58fc20ceae1f88657c55a,"<svg fill=""none"" height=""128"" viewBox=""0 0 16 16"" width=""128"" xmlns=""http://www.w3.org/2000/svg""><path clip-rule=""evenodd"" d=""m8 2h3.75l.9 3.13c.55-.69 1.4-1.13 2.35-1.13h1v3h-2.82l.6 2.1c1.28.35 2.22 1.51 2.22 2.9 0 1.66-1.34 3-3 3-1.31 0-2.42-.83-2.83-2h-4.34c-.41 1.17-1.52 2-2.83 2-1.66 0-3-1.34-3-3v-3c0-1.66 1.34-3 3-3h3v5h4v-7h-2zm5 11c-.55 0-1-.45-1-1s.45-1 1-1 1 .45 1 1-.45 1-1 1z"" fill=""#030708"" fill-rule=""evenodd""/></svg>"
b297a98b4fec85cf14ebd7c76650692f,"<svg xmlns=""http://www.w3.org/2000/svg"" viewBox=""0.0 0.0 200.0 200.0"" height=""200.0px"" width=""200.0px""><path fill=""#31B6FF"" fill-opacity=""1.0""  filling=""0"" d=""M147.49609375 37.45703125 L52.505855560302734 37.45703125 A15.0390625 15.0390625 0.0 0 0 37.5 52.457027435302734 L37.5 147.447265625 A15.0390625 15.0390625 0.0 0 0 52.498046875 162.4453125 L147.49609375 162.4453125 A15.0390625 15.0390625 0.0 0 0 162.5 147.447265625 L162.5 52.457027435302734 A15.0390625 15.0390625 0.0 0 0 147.49609375 37.45703125 Z M154.99609375 139.947265625 A15.0390625 15.0390625 0.0 0 1 139.998046875 154.9453125 L60.005863189697266 154.9453125 A15.0390625 15.0390625 0.0 0 1 45.0078125 139.947265625 L45.0078125 59.9609375 A15.0390625 15.0390625 0.0 0 1 60.005863189697266 44.962894439697266 L139.998046875 44.962894439697266 A15.0390625 15.0390625 0.0 0 1 154.99609375 59.9609375 L154.99609375 139.947265625 Z""></path></svg>"
ce65b6073bc13c7c49a3de3f8d4147ba,"<svg xmlns=""http://www.w3.org/2000/svg"" viewBox=""0.0 0.0 200.0 200.0"" height=""200.0px"" width=""200.0px""><path fill=""#231815"" fill-opacity=""1.0""  filling=""0"" d=""M103.30699920654297 5.697998046875 L97.05400085449219 5.697998046875 A97.05400085449219 97.05400085449219 0.0 1 0 194.10699462890625 102.7509994506836 L194.10699462890625 96.49800109863281 L103.30699920654297 96.49800109863281 L103.30699920654297 5.697998046875 Z M181.35000610351562 109.00499725341797 A84.5469970703125 84.5469970703125 0.0 1 1 90.80000305175781 18.330001831054688 L90.80000305175781 109.00499725341797 L181.35000610351562 109.00499725341797 Z""></path>
<path fill=""#231815"" fill-opacity=""1.0""  filling=""0"" d=""M120.81700134277344 0.19499969482421875 L114.56300354003906 0.19499969482421875 L114.56300354003906 85.74199676513672 L200.11000061035156 85.74199676513672 L200.11000061035156 79.48899841308594 A79.41899871826172 79.41899871826172 0.0 0 0 120.81700134277344 0.19499969482421875 Z M127.44499969482422 73.23500061035156 L127.44499969482422 12.951995849609375 A66.78700256347656 66.78700256347656 0.0 0 1 187.60400390625 73.23500061035156 L127.44499969482422 73.23500061035156 Z""></path></svg>"
5f5052fc86f7283c6e0f4b021df0913d,"<svg xmlns=""http://www.w3.org/2000/svg"" viewBox=""0.0 0.0 200.0 200.0"" height=""200.0px"" width=""200.0px""><path fill=""#323233"" fill-opacity=""1.0""  filling=""0"" d=""M144.0019989013672 111.22000122070312 C164.8280029296875 111.22000122070312 181.71099853515625 128.10299682617188 181.71099853515625 148.9290008544922 C181.71099853515625 169.7550048828125 164.8280029296875 186.63900756835938 144.0019989013672 186.63900756835938 C123.17500305175781 186.63900756835938 106.29199981689453 169.75599670410156 106.29199981689453 148.9290008544922 C106.28600311279297 128.10000610351562 123.1729965209961 111.21299743652344 144.0019989013672 111.22000122070312 L144.0019989013672 111.22000122070312 Z M162.46099853515625 167.59100341796875 C164.9029998779297 165.13099670410156 164.9029998779297 161.16200256347656 162.46099853515625 158.70199584960938 L150.28900146484375 146.5070037841797 L150.28900146484375 130.4029998779297 C150.28900146484375 126.92900085449219 147.47300720214844 124.11299896240234 143.99899291992188 124.11299896240234 C140.5260009765625 124.11299896240234 137.7100067138672 126.92900085449219 137.7100067138672 130.4029998779297 L137.71099853515625 146.5070037841797 A12.604999542236328 12.604999542236328 0.0 0 0 141.4010009765625 155.39599609375 L153.57000732421875 167.58700561523438 C156.02999877929688 170.031005859375 160.00100708007812 170.031005859375 162.46099853515625 167.58700561523438 L162.46099853515625 167.59100341796875 Z""></path>
<path fill=""#323233"" fill-opacity=""1.0""  filling=""0"" d=""M94.90399932861328 133.64999389648438 L48.78799819946289 133.64999389648438 C44.84000015258789 133.64999389648438 42.20800018310547 131.0290069580078 42.20800018310547 127.10600280761719 C42.20800018310547 123.18199920654297 44.84000015258789 120.56099700927734 48.78799819946289 120.56099700927734 L101.3489990234375 120.56099700927734 C116.51899719238281 98.53199768066406 146.3070068359375 92.28500366210938 169.0500030517578 106.36299896240234 L169.0500030517578 19.87999725341797 C169.0500030517578 14.863998413085938 165.63600158691406 11.199996948242188 160.51100158691406 11.199996948242188 L24.514999389648438 11.199996948242188 C19.176002502441406 11.199996948242188 15.800003051757812 14.497001647949219 15.970001220703125 19.87999725341797 L15.970001220703125 179.09100341796875 C15.970001220703125 181.79200744628906 17.257003784179688 183.8159942626953 19.176002502441406 185.16600036621094 A5.580999851226807 5.580999851226807 0.0 0 0 25.582000732421875 185.16600036621094 C31.986000061035156 181.1230010986328 38.95000076293945 175.09800720214844 42.224998474121094 173.09300231933594 C46.152000427246094 175.76600646972656 56.39400100708008 180.23399353027344 64.4739990234375 184.98599243164062 A5.5229997634887695 5.5229997634887695 0.0 0 0 67.83999633789062 186.17100524902344 C69.18800354003906 186.17100524902344 70.53500366210938 186.17100524902344 71.88300323486328 185.5800018310547 C80.64199829101562 180.8280029296875 90.14900207519531 175.76600646972656 94.7249984741211 173.093994140625 C96.15599822998047 173.822998046875 98.25399780273438 175.02699279785156 100.71499633789062 176.49400329589844 A49.900001525878906 49.900001525878906 0.0 0 1 92.51000213623047 148.99200439453125 A50.14099884033203 50.14099884033203 0.0 0 1 94.90499877929688 133.64999389648438 L94.90399932861328 133.64999389648438 Z M48.604000091552734 50.57400131225586 L92.75299835205078 50.57400131225586 C96.58000183105469 50.57400131225586 99.13099670410156 53.18600082397461 99.13099670410156 57.11000061035156 C99.13099670410156 61.034000396728516 96.58000183105469 63.66600036621094 92.73600006103516 63.66600036621094 L48.59600067138672 63.66600036621094 C44.76300048828125 63.66600036621094 42.202999114990234 61.042999267578125 42.202999114990234 57.11899948120117 C42.202999114990234 53.19499969482422 44.76300048828125 50.58300018310547 48.59600067138672 50.58300018310547 L48.604000091552734 50.57400131225586 L48.604000091552734 50.57400131225586 Z M48.803001403808594 85.57099914550781 L118.81199645996094 85.57099914550781 C122.76000213623047 85.57099914550781 125.3949966430664 88.19200134277344 125.39199829101562 92.11599731445312 C125.38899993896484 96.03900146484375 122.75900268554688 98.66400146484375 118.80699920654297 98.66400146484375 L48.79499816894531 98.66400146484375 C44.84600067138672 98.66400146484375 42.2140007019043 96.04000091552734 42.2140007019043 92.11599731445312 C42.2140007019043 88.19200134277344 44.84600067138672 85.58000183105469 48.79499816894531 85.58000183105469 L48.803001403808594 85.57099914550781 L48.803001403808594 85.57099914550781 Z""></path></svg>"
118b61970a1cb032773f7e19f319dc13,"<svg xmlns=""http://www.w3.org/2000/svg"" viewBox=""0.0 0.0 200.0 200.0"" height=""200.0px"" width=""200.0px""><path fill=""#5F27CD"" fill-opacity=""1.0""  filling=""0"" d=""M80.0 181.25 C75.0 181.25 70.625 179.375 66.875 175.625 L25.0 133.75 C17.5 126.25 17.5 115.0 24.375 108.125 L108.125 23.75 C111.25 20.625 116.25 18.75 121.25 18.75 L172.5 22.5 C175.0 22.5 176.875 24.375 176.875 26.875 L180.625 78.125 C181.25 83.125 179.375 88.125 175.625 91.875 L91.875 176.25 C88.75 179.375 84.375 181.25 80.0 181.25 Z M120.0 28.125 C118.125 28.125 115.625 28.75 114.375 30.625 L30.625 114.375 C27.5 117.5 27.5 123.125 31.25 126.875 L73.125 168.75 C76.875 172.5 82.5 172.5 85.625 169.375 L170.0 85.0 C171.875 83.125 172.5 81.25 172.5 78.75 L168.75 31.25 L121.25 27.5 C120.625 28.125 120.625 28.125 120.0 28.125 Z""></path>
<path fill=""#FF9F43"" fill-opacity=""1.0""  filling=""0"" d=""M110.625 81.25 C106.875 81.25 103.125 80.0 100.625 76.875 C95.0 71.25 95.0 62.5 100.625 56.875 C105.625 51.875 115.0 51.25 120.625 56.875 C126.25 62.5 126.25 71.25 120.625 76.875 C118.125 80.0 114.375 81.25 110.625 81.25 Z M110.625 62.5 C109.375 62.5 108.125 63.125 107.5 63.75 C105.625 65.625 105.625 68.75 107.5 70.625 C109.375 72.5 112.5 72.5 114.375 70.625 C116.25 68.75 116.25 65.625 114.375 63.75 C113.125 63.125 111.875 62.5 110.625 62.5 Z M97.5 138.75 C93.75 138.75 90.0 137.5 87.5 134.375 C81.875 128.75 81.875 120.0 87.5 114.375 C93.125 108.75 101.875 108.75 107.5 114.375 C113.125 120.0 113.125 128.75 107.5 134.375 C104.375 137.5 101.25 138.75 97.5 138.75 Z M97.5 120.0 C96.25 120.0 95.0 120.625 94.375 121.25 C92.5 123.125 92.5 126.25 94.375 128.125 C96.25 130.0 99.375 130.0 101.25 128.125 C103.125 126.25 103.125 123.125 101.25 121.25 C100.0 120.625 98.75 120.0 97.5 120.0 Z M75.625 103.125 C73.125 103.125 71.25 101.25 71.25 98.75 C71.25 96.25 73.125 93.75 75.625 93.75 L133.125 89.375 C135.625 89.375 138.125 91.25 138.125 93.75 C138.125 96.25 136.25 98.75 133.75 98.75 L75.625 103.125 Z""></path></svg>"
c56754e889be2796fc7341186a213e00,"<svg xmlns=""http://www.w3.org/2000/svg"" viewBox=""0.0 0.0 200.0 200.0"" height=""200.0px"" width=""200.0px""><path fill=""#000000"" fill-opacity=""1.0""  filling=""0"" d=""M58.339847564697266 41.660152435302734 C56.03515625 41.660152435302734 54.1796875 43.53515625 54.1796875 45.8203125 L54.1796875 127.3046875 C54.1796875 128.3984375 54.609375 129.453125 55.390625 130.234375 L75.0 150.0 L94.62890625 130.25390625 C95.41015625 129.47265625 95.83984375 128.41796875 95.83984375 127.32421875 L95.83984375 45.839847564697266 C95.83984375 43.53515625 93.96484375 41.6796875 91.6796875 41.6796875 L58.339847564697266 41.6796875 L58.339847564697266 41.660152435302734 Z M87.5 124.82421875 L75.0 137.5 L62.5 124.82421875 L62.5 79.16015625 L87.5 79.16015625 L87.5 124.82421875 Z M87.5 70.83984375 L62.5 70.83984375 L62.5 50.0 L87.5 50.0 L87.5 70.83984375 Z M175.0 91.66015625 C177.3046875 91.66015625 179.16015625 89.78515625 179.16015625 87.5 L179.16015625 60.05859375 C179.16015625 58.945308685302734 178.73046875 57.890625 177.94921875 57.109375 L134.55078125 13.7109375 C133.76953125 12.9296875 132.71484375 12.5 131.6015625 12.5 L29.16015625 12.5 C24.5703125 12.5 20.8203125 16.25 20.8203125 20.83984375 L20.8203125 179.1796875 C20.8203125 183.76953125 24.5703125 187.51953125 29.16015625 187.51953125 L170.8203125 187.51953125 C175.41015625 187.51953125 179.16015625 183.76953125 179.16015625 179.1796875 L179.16015625 120.83984375 C179.16015625 118.53515625 177.28515625 116.6796875 175.0 116.6796875 C172.71484375 116.6796875 170.83984375 118.5546875 170.83984375 120.83984375 L170.83984375 175.0 C170.83984375 177.3046875 168.96484375 179.16015625 166.6796875 179.16015625 L33.33984375 179.16015625 C31.03515625 179.16015625 29.1796875 177.28515625 29.1796875 175.0 L29.1796875 25.0 C29.1796875 22.6953125 31.0546875 20.83984375 33.33984375 20.83984375 L125.0 20.83984375 L125.0 62.5 C125.0 64.8046875 126.875 66.66015625 129.16015625 66.66015625 L170.8203125 66.66015625 L170.8203125 87.5 C170.83984375 89.8046875 172.6953125 91.66015625 175.0 91.66015625 Z M133.33984375 58.339847564697266 L133.33984375 25.0 L166.6796875 58.339847564697266 L133.33984375 58.339847564697266 Z""></path></svg>"
5b5004a5cb02b8dfc0976455dd150ec3,"<svg height=""128"" viewBox=""0 0 512 512"" width=""128"" xmlns=""http://www.w3.org/2000/svg""><path d=""m502.64 303.81-36.36-30.12c-6.42-3.58-10.41-10.34-10.41-17.68s3.99-14.13 10.41-17.69l36.36-30.1c7.29-4.07 10.9-12.57 8.74-20.65-2.17-8.06-9.52-13.62-17.89-13.49l-46.56-7.89c-7.33.11-14.18-3.75-17.85-10.11-3.66-6.37-3.6-14.23.18-20.53l16.42-44.26c4.3-7.17 3.17-16.34-2.73-22.24-5.91-5.91-15.08-7.05-22.23-2.75l-44.29 16.45c-6.28 3.78-14.14 3.84-20.5.16-6.37-3.67-10.24-10.5-10.13-17.85l-7.89-46.57c.13-8.34-5.44-15.71-13.51-17.88-8.06-2.16-16.56 1.44-20.62 8.74l-30.1 36.37c-3.58 6.42-10.36 10.41-17.69 10.41-7.35 0-14.14-3.99-17.71-10.41l-30.07-36.36c-4.04-7.31-12.55-10.9-20.64-8.74-8.06 2.17-13.63 9.54-13.49 17.88l-7.9 46.57c.13 7.34-3.74 14.18-10.11 17.85-6.36 3.68-14.23 3.62-20.52-.16l-44.27-16.46c-7.17-4.29-16.32-3.16-22.24 2.75-5.9 5.9-7.03 15.06-2.74 22.24l16.43 44.26c3.78 6.3 3.86 14.16.18 20.53-3.68 6.36-10.51 10.22-17.86 10.11l-46.56 7.89c-8.33-.13-15.72 5.43-17.89 13.49-2.14 8.09 1.44 16.59 8.74 20.65l36.36 30.1c6.45 3.57 10.42 10.35 10.42 17.69s-3.97 14.1-10.42 17.68l-36.34 30.12c-7.31 4.05-10.89 12.57-8.74 20.62 2.17 8.07 9.56 13.64 17.89 13.5l46.56 7.9c7.35-.13 14.18 3.73 17.86 10.11s3.59 14.22-.18 20.53l-16.44 44.25c-4.29 7.16-3.16 16.32 2.74 22.24 5.92 5.9 15.07 7.03 22.24 2.74l44.27-16.44c6.3-3.79 14.16-3.85 20.52-.18 6.37 3.68 10.24 10.53 10.11 17.86l7.9 46.56c-.14 8.35 5.44 15.73 13.49 17.87 8.08 2.18 16.59-1.43 20.64-8.74l30.1-36.37c3.57-6.42 10.35-10.4 17.71-10.4 7.33 0 14.12 3.98 17.69 10.4l30.1 36.37c4.06 7.31 12.57 10.91 20.62 8.74 8.07-2.14 13.64-9.52 13.51-17.87l7.89-46.56c-.11-7.34 3.76-14.18 10.13-17.86 6.36-3.67 14.22-3.62 20.5.18l44.29 16.44c7.15 4.29 16.32 3.16 22.23-2.74 5.9-5.91 7.03-15.08 2.73-22.24l-16.42-44.26c-3.79-6.31-3.85-14.15-.18-20.53 3.67-6.37 10.52-10.24 17.85-10.11l46.56-7.9c8.37.14 15.72-5.43 17.89-13.5 2.12-8.05-1.49-16.56-8.78-20.61zm-174.3-102.6c13.94 0 25.28 11.33 25.28 25.26s-11.34 25.28-25.28 25.28-25.28-11.34-25.28-25.28c0-13.93 11.34-25.26 25.28-25.26zm-146.94 0c13.93 0 25.26 11.33 25.26 25.26s-11.34 25.28-25.26 25.28c-13.94 0-25.28-11.34-25.28-25.28 0-13.93 11.34-25.26 25.28-25.26zm173.13 140.01c-4.27 0-8.32-.91-11.81-2.64-3.6-1.77-6.27-4.18-7.96-5.82-1.4-1.41-2.59-2.74-3.7-3.96-1.81-2.01-3.38-3.74-4.74-4.62-1.35-.88-2.45-1.32-4.71-1.35-1.79.02-2.82.38-3.65.77-.93.45-1.92 1.22-3.09 2.38-.89.86-1.72 1.8-2.63 2.83-2.11 2.39-4.75 5.36-8.51 7.95-3 2.04-7.97 4.46-14.73 4.46h-.26c-4.23 0-8.29-.91-11.78-2.64-2.8-1.38-5.33-3.24-7.97-5.86-1.37-1.38-2.57-2.71-3.68-3.93-1.82-2-3.39-3.73-4.74-4.61-1.34-.87-2.42-1.31-4.7-1.34-1.79.02-2.8.38-3.63.77-.91.46-1.91 1.22-3.08 2.39-.89.86-1.73 1.81-2.64 2.84-2.11 2.39-4.74 5.35-8.48 7.94-2.99 2.04-7.96 4.46-14.72 4.46-4.48 0-8.53-.91-12.02-2.64-2.8-1.39-5.33-3.24-7.97-5.86-1.36-1.38-2.55-2.69-3.64-3.9-1.83-2.02-3.4-3.77-4.77-4.65-1.34-.88-2.42-1.32-4.67-1.35-1.69.02-2.7.32-3.67.77-.89.43-1.85 1.19-3.05 2.38-.9.86-1.74 1.82-2.66 2.86-2.11 2.38-4.73 5.34-8.46 7.91-2.99 2.05-7.96 4.46-14.73 4.46-5.32 0-9.47-4.15-9.47-9.25s4.15-9.24 9.24-9.24c1.84-.01 2.86-.37 3.68-.76.94-.46 1.93-1.23 3.1-2.38.87-.84 1.71-1.79 2.61-2.81 2.11-2.4 4.75-5.38 8.51-7.98 2.98-2.03 7.95-4.45 14.75-4.45 4.46 0 8.5.91 11.99 2.65 3.64 1.78 6.29 4.18 7.97 5.83 1.39 1.41 2.59 2.74 3.69 3.96 1.8 2 3.36 3.73 4.71 4.6 1.35.88 2.43 1.32 4.68 1.34 1.8-.01 2.82-.37 3.64-.76.9-.45 1.9-1.22 3.11-2.39.83-.8 1.65-1.73 2.53-2.74 2.13-2.42 4.78-5.42 8.55-8.03 3.01-2.04 7.98-4.46 14.75-4.46 4.44 0 8.5.91 12.01 2.64 3.62 1.77 6.28 4.17 7.97 5.81 1.39 1.41 2.59 2.74 3.69 3.96 1.82 2.02 3.38 3.76 4.73 4.63s2.44 1.31 4.7 1.33c1.7-.01 2.69-.31 3.66-.76.93-.47 1.93-1.24 3.09-2.39.89-.85 1.72-1.8 2.63-2.83 2.12-2.39 4.76-5.36 8.5-7.95 3.01-2.04 7.98-4.46 14.77-4.46 4.46 0 8.52.91 12.01 2.64 2.77 1.36 5.31 3.2 7.97 5.83 1.38 1.4 2.58 2.73 3.69 3.95 1.81 2.02 3.38 3.75 4.74 4.63 1.34.87 2.43 1.31 4.69 1.33 5.06 0 9.21 4.15 9.21 9.24s-4.15 9.27-9.25 9.27z""/></svg>"
3a425825410bd9bbb663e0a93ae29bed,"<svg xmlns=""http://www.w3.org/2000/svg"" viewBox=""0.0 0.0 200.0 200.0"" height=""200.0px"" width=""200.0px""><path fill=""#191919"" fill-opacity=""1.0""  filling=""0"" d=""M94.0 197.0 L4.0 106.6666030883789 L106.3333969116211 4.0 L175.66659545898438 25.0 L196.66659545898438 94.3333969116211 L94.0 197.0 Z M22.666603088378906 106.6666030883789 L94.0 178.0 L181.66659545898438 90.3333969116211 L165.0 35.666603088378906 L110.3333969116211 19.0 L22.666603088378906 106.6666030883789 Z""></path>
<path fill=""#191919"" fill-opacity=""1.0""  filling=""0"" d=""M137.66661071777344 85.6666030883789 C131.66659545898438 85.6666030883789 126.0 83.3333969116211 121.66659545898438 79.0 C113.0 70.3333969116211 113.0 56.0 121.66659545898438 47.000003814697266 C130.33340454101562 38.333396911621094 144.66659545898438 38.333396911621094 153.66659545898438 47.000003814697266 C162.33338928222656 55.666603088378906 162.33338928222656 70.0 153.66659545898438 79.0 C149.33338928222656 83.0 143.66659545898438 85.6666030883789 137.66661071777344 85.6666030883789 Z M137.66661071777344 53.666603088378906 C135.33340454101562 53.666603088378906 133.0 54.666603088378906 131.0 56.333396911621094 C127.33340454101562 60.000003814697266 127.33340454101562 65.6666030883789 131.0 69.3333969116211 C134.33340454101562 72.6666030883789 140.66659545898438 72.6666030883789 144.0 69.3333969116211 C147.66659545898438 65.6666030883789 147.66659545898438 60.000003814697266 144.0 56.333396911621094 C142.33340454101562 54.666603088378906 140.0 53.666603088378906 137.66661071777344 53.666603088378906 Z""></path>
<path fill=""#00C97C"" fill-opacity=""1.0""  filling=""0"" d=""M63.5 92.3499984741211 L72.93008422851562 82.919921875 L117.71328735351562 127.70332336425781 L108.28340148925781 137.13339233398438 L63.5 92.3499984741211 Z""></path></svg>"
674e45b3f38b3fae78966faa1993b7a1,"<svg xmlns=""http://www.w3.org/2000/svg"" viewBox=""0.0 0.0 200.0 200.0"" height=""200.0px"" width=""200.0px""><path fill="""" fill-opacity=""1.0""  filling=""0"" d=""M145.83340454101562 50.0 L33.333396911621094 50.0 C26.25 50.0 20.833396911621094 55.416603088378906 20.833396911621094 62.5 L20.833396911621094 158.33340454101562 C20.833396911621094 165.41659545898438 26.25 170.83340454101562 33.333396911621094 170.83340454101562 L145.83340454101562 170.83340454101562 C152.91659545898438 170.83340454101562 158.33340454101562 165.41659545898438 158.33340454101562 158.33340454101562 L158.33340454101562 62.5 C158.33340454101562 55.416603088378906 152.91659545898438 50.0 145.83340454101562 50.0 Z M33.333396911621094 58.333396911621094 L145.83340454101562 58.333396911621094 C148.33338928222656 58.333396911621094 150.0 60.000003814697266 150.0 62.5 L150.0 83.3333969116211 L29.166603088378906 83.3333969116211 L29.166603088378906 62.5 C29.166603088378906 60.000003814697266 30.833396911621094 58.333396911621094 33.333396911621094 58.333396911621094 Z M145.83340454101562 162.5 L33.333396911621094 162.5 C30.833396911621094 162.5 29.166603088378906 160.83338928222656 29.166603088378906 158.33340454101562 L29.166603088378906 91.6666030883789 L150.0 91.6666030883789 L150.0 158.33340454101562 C150.0 160.83338928222656 148.33338928222656 162.5 145.83340454101562 162.5 Z M166.66659545898438 29.166603088378906 L62.5 29.166603088378906 C60.000003814697266 29.166603088378906 58.333396911621094 30.833396911621094 58.333396911621094 33.333396911621094 C58.333396911621094 35.833396911621094 60.000003814697266 37.5 62.5 37.5 L166.66659545898438 37.5 C169.16659545898438 37.5 170.83340454101562 39.16660690307617 170.83340454101562 41.666603088378906 L170.83340454101562 145.83340454101562 C170.83340454101562 148.33338928222656 172.5 150.0 175.0 150.0 C177.5 150.0 179.16659545898438 148.33338928222656 179.16659545898438 145.83340454101562 L179.16659545898438 41.666603088378906 C179.16659545898438 34.583404541015625 173.75 29.166603088378906 166.66659545898438 29.166603088378906 Z M45.833396911621094 75.0 L112.5 75.0 C115.0 75.0 116.6666030883789 73.33340454101562 116.6666030883789 70.8333969116211 C116.6666030883789 68.3333969116211 115.0 66.6666030883789 112.5 66.6666030883789 L45.833396911621094 66.6666030883789 C43.33340072631836 66.6666030883789 41.666603088378906 68.3333969116211 41.666603088378906 70.8333969116211 C41.666603088378906 73.33340454101562 43.33340072631836 75.0 45.833396911621094 75.0 Z M129.16659545898438 70.8333969116211 A4.166601657867432 4.166601657867432 0.0 1 0 137.5 70.8333969116211 A4.166601657867432 4.166601657867432 0.0 1 0 129.16659545898438 70.8333969116211 Z""></path></svg>"
ed20e4cd7376531538942d2c48d3e4c8,"<svg xmlns=""http://www.w3.org/2000/svg"" viewBox=""0.0 0.0 200.0 200.0"" height=""200.0px"" width=""200.0px""><path fill=""#FACC31"" fill-opacity=""1.0""  filling=""0"" d=""M174.7900390625 79.5999984741211 L174.7900390625 119.59004211425781 C174.7900390625 120.669921875 174.0099639892578 121.69999694824219 172.64999389648438 122.39004516601562 C165.1300811767578 126.19999694824219 145.3400421142578 147.7599639892578 103.919921875 124.11992645263672 C80.330078125 113.830078125 62.99003982543945 103.71992492675781 27.2099609375 125.6900405883789 L27.2099609375 74.96992492675781 C27.2099609375 74.96992492675781 63.75996017456055 51.25996017456055 108.90996551513672 75.59004211425781 C126.919921875 82.0599594116211 140.75 83.4400405883789 166.25994873046875 76.2900390625 C170.25 75.169921875 174.7900390625 76.9300765991211 174.7900390625 79.5999984741211 Z""></path>
<path fill=""#191919"" fill-opacity=""1.0""  filling=""0"" d=""M174.4900360107422 28.440040588378906 C171.31991577148438 26.4599609375 167.43008422851562 26.25 164.080078125 27.880081176757812 C139.8000030517578 39.70000076293945 127.80996704101562 37.03007507324219 111.69004821777344 27.0 C94.46992492675781 14.759956359863281 73.9400405883789 10.680076599121094 52.29999923706055 15.200004577636719 A95.1070327758789 95.1070327758789 0.0 0 0 32.21992492675781 21.830078125 L32.21992492675781 19.75 C32.21992492675781 16.99004364013672 29.980072021484375 14.75 27.219924926757812 14.75 C24.4599609375 14.75 22.21991729736328 16.99004364013672 22.21991729736328 19.75 L22.21991729736328 182.23007202148438 C22.21991729736328 184.9900360107422 24.4599609375 187.23007202148438 27.219924926757812 187.23007202148438 C29.980072021484375 187.23007202148438 32.21992492675781 184.9900360107422 32.21992492675781 182.23007202148438 L32.21992492675781 128.3000030517578 C53.419921875 114.06993103027344 77.8099594116211 113.60995483398438 99.5199203491211 127.15996551513672 C114.13008117675781 137.43008422851562 127.3599624633789 140.94003295898438 138.6300811767578 140.94003295898438 C157.53009033203125 140.94003295898438 170.90997314453125 131.05995178222656 175.9599609375 126.63008117675781 C178.39999389648438 124.4800796508789 179.79998779296875 121.35000610351562 179.79998779296875 118.01992797851562 L179.79998779296875 38.13008117675781 C179.7900390625 34.140037536621094 177.80996704101562 30.509963989257812 174.4900360107422 28.440040588378906 Z M106.00996398925781 35.230079650878906 C106.09004211425781 35.2900390625 106.18008422851562 35.349998474121094 106.2699203491211 35.399993896484375 C124.80995178222656 46.9599609375 140.2099609375 50.61992263793945 168.4599609375 36.85996627807617 C168.580078125 36.80000305175781 168.8400421142578 36.680076599121094 169.19003295898438 36.899993896484375 C169.36993408203125 37.00996017456055 169.7900390625 37.35996627807617 169.7900390625 38.11992263793945 L169.7900390625 71.169921875 C169.55995178222656 71.2900390625 169.330078125 71.419921875 169.1199188232422 71.580078125 C149.2599639892578 86.6900405883789 125.60995483398438 76.86991882324219 115.50996398925781 72.68008422851562 C114.86991882324219 72.40996551513672 114.2900390625 72.169921875 113.78008270263672 71.96992492675781 C112.10000610351562 71.2900390625 110.34003448486328 70.46992492675781 108.48008728027344 69.5999984741211 C100.6400375366211 65.93008422851562 90.88008117675781 61.35995864868164 71.75 59.61992263793945 C55.75 58.169918060302734 40.81991958618164 63.169921875 32.21992492675781 66.90995788574219 L32.21992492675781 32.99003601074219 C41.2099609375 28.180076599121094 74.86992645263672 12.990036010742188 106.00996398925781 35.230079650878906 Z M169.3400421142578 119.1099624633789 C160.7900390625 126.63008117675781 137.43008422851562 141.6599578857422 105.14999389648438 118.9000015258789 C105.0699234008789 118.85000610351562 104.99999237060547 118.79999542236328 104.919921875 118.75 C92.8199234008789 111.1800765991211 79.74004364013672 107.40996551513672 66.6900405883789 107.40996551513672 C54.919921875 107.40996551513672 43.169921875 110.4800796508789 32.20000457763672 116.59003448486328 L32.20000457763672 77.96992492675781 C38.14003372192383 74.99003601074219 54.0400390625 68.05996704101562 70.830078125 69.59004211425781 C88.2099609375 71.169921875 97.09004211425781 75.330078125 104.21992492675781 78.669921875 C106.2099609375 79.5999984741211 108.09004211425781 80.4800796508789 110.0199203491211 81.25996398925781 C110.5 81.44999694824219 111.04999542236328 81.6800765991211 111.6500015258789 81.9300765991211 C117.94004821777344 84.5400390625 130.3800811767578 89.70000457763672 144.53009033203125 89.70000457763672 C152.65997314453125 89.70000457763672 161.35000610351562 87.99003601074219 169.76992797851562 83.13008117675781 L169.76992797851562 118.00996398925781 C169.7900390625 118.4599609375 169.6199188232422 118.86992645263672 169.3400421142578 119.1099624633789 Z""></path></svg>"
aa53daf311b2ed5818346c1a8d77dd0a,"<svg xmlns=""http://www.w3.org/2000/svg"" viewBox=""0.0 0.0 200.0 200.0"" height=""200.0px"" width=""200.0px""><path fill="""" fill-opacity=""1.0""  filling=""0"" d=""M175.0 41.66699981689453 C165.79200744628906 38.75 155.58299255371094 37.5 145.83299255371094 37.5 C129.58299255371094 37.5 112.08300018310547 40.83300018310547 100.0 50.0 C87.91699981689453 40.83300018310547 70.41699981689453 37.5 54.16699981689453 37.5 C37.91699981689453 37.5 20.41699981689453 40.83300018310547 8.333000183105469 50.0 L8.333000183105469 172.08299255371094 C8.333000183105469 174.16700744628906 10.416999816894531 176.25 12.5 176.25 C13.333000183105469 176.25 13.75 175.83299255371094 14.583000183105469 175.83299255371094 C25.83300018310547 170.41700744628906 42.08300018310547 166.66700744628906 54.16699981689453 166.66700744628906 C70.41699981689453 166.66700744628906 87.91699981689453 170.0 100.0 179.16700744628906 C111.25 172.08299255371094 131.66700744628906 166.66700744628906 145.83299255371094 166.66700744628906 C159.58299255371094 166.66700744628906 173.75 169.16700744628906 185.41700744628906 175.41700744628906 C186.25 175.83299255371094 186.66700744628906 175.83299255371094 187.5 175.83299255371094 C189.58299255371094 175.83299255371094 191.66700744628906 173.75 191.66700744628906 171.66700744628906 L191.66700744628906 50.0 C186.66700744628906 46.25 181.25 43.75 175.0 41.66699981689453 Z M175.0 154.16700744628906 C165.83299255371094 151.25 155.83299255371094 150.0 145.83299255371094 150.0 C131.66700744628906 150.0 111.25 155.41700744628906 100.0 162.5 L100.0 66.66699981689453 C111.25 59.58300018310547 131.66700744628906 54.16699981689453 145.83299255371094 54.16699981689453 C155.83299255371094 54.16699981689453 165.83299255371094 55.41699981689453 175.0 58.33300018310547 L175.0 154.16700744628906 Z""></path></svg>"
7dfad4292120247d624b6c854606c3ed,"<svg height=""128"" viewBox=""0 -.5 17 17"" width=""128"" xmlns=""http://www.w3.org/2000/svg""><path d=""m14.31 3-5.28 1.13-5.4-1.13c-1.45 0-2.63 1.33-2.63 2.97v5.02c0 1.64 1.18 2.97 2.63 2.97l5.4-1.02 5.28 1.02c1.45 0 2.63-1.33 2.63-2.97v-5.02c0-1.64-1.18-2.97-2.63-2.97zm-3.48 6.12-2.51 1.91c-.41.32-.99.32-1.41 0l.03-5.1c.41-.32.94-.23 1.36.1l2.52 1.93c.43.32.43.84.01 1.16z"" fill=""#434343"" fill-rule=""evenodd""/></svg>"
f29bedbca87ea81a32b7792bfb63bf70,"<svg xmlns=""http://www.w3.org/2000/svg"" viewBox=""0.0 0.0 200.0 200.0"" height=""200.0px"" width=""200.0px""><path fill=""currentColor"" fill-opacity=""1.0""  filling=""0"" d=""M134.83299255371094 183.33299255371094 L65.08300018310547 183.33299255371094 C34.766998291015625 183.33299255371094 16.66699981689453 165.1999969482422 16.66699981689453 134.83299255371094 L16.66699981689453 65.08300018310547 C16.66699981689453 34.766998291015625 34.766998291015625 16.66699981689453 65.08300018310547 16.66699981689453 L134.91700744628906 16.66699981689453 A48.875 48.875 0.0 0 1 170.50799560546875 29.516998291015625 A48.79999923706055 48.79999923706055 0.0 0 1 183.25 65.08300018310547 L183.25 134.91700744628906 C183.25 165.23300170898438 165.14999389648438 183.33299255371094 134.83299255371094 183.33299255371094 Z M68.75 118.75 A6.25 6.25 0.0 0 0 68.75 131.25 L131.25 131.25 A6.25 6.25 0.0 0 0 131.25 118.75 L68.75 118.75 Z M68.75 68.75 A6.25 6.25 0.0 0 0 68.75 81.25 L131.25 81.25 A6.25 6.25 0.0 0 0 131.25 68.75 L68.75 68.75 Z""></path></svg>"
2ef74dcb56fec9cdb65f886d48e907aa,"<svg xmlns=""http://www.w3.org/2000/svg"" viewBox=""0.0 0.0 200.0 200.0"" height=""200.0px"" width=""200.0px""><path fill=""currentColor"" fill-opacity=""1.0""  filling=""0"" d=""M178.8280029296875 0.0 L21.1719970703125 0.0 C9.491996765136719 0.0 0.0 9.491996765136719 0.0 21.1719970703125 L0.0 182.343994140625 C0.0 192.10899353027344 7.910003662109375 200.0 17.65599822998047 200.0 L182.32400512695312 200.0 C192.08999633789062 200.0 199.97999572753906 192.08999633789062 199.97999572753906 182.343994140625 L199.97999572753906 21.1719970703125 C200.0 9.491996765136719 190.50799560546875 0.0 178.8280029296875 0.0 Z M13.6719970703125 21.1719970703125 C13.6719970703125 17.03099822998047 17.03099822998047 13.6719970703125 21.1719970703125 13.6719970703125 L178.8090057373047 13.6719970703125 C182.94900512695312 13.6719970703125 186.3090057373047 17.03099822998047 186.3090057373047 21.1719970703125 L186.3090057373047 50.87900161743164 C186.3090057373047 55.02000045776367 182.94900512695312 58.37900161743164 178.8090057373047 58.37900161743164 L21.1719970703125 58.37900161743164 C17.03099822998047 58.39799880981445 13.6719970703125 55.03900146484375 13.6719970703125 50.89799880981445 L13.6719970703125 21.1719970703125 Z M62.012001037597656 186.3280029296875 L17.65599822998047 186.3280029296875 C15.448997497558594 186.3280029296875 13.6719970703125 184.531005859375 13.6719970703125 182.343994140625 L13.6719970703125 157.46099853515625 L62.012001037597656 157.46099853515625 L62.012001037597656 186.3280029296875 Z M62.012001037597656 143.78900146484375 L13.6719970703125 143.78900146484375 L13.6719970703125 114.72699737548828 L62.012001037597656 114.72699737548828 L62.012001037597656 143.78900146484375 Z M123.86699676513672 186.3280029296875 L75.68399810791016 186.3280029296875 L75.68399810791016 157.46099853515625 L123.86699676513672 157.46099853515625 L123.86699676513672 186.3280029296875 Z M123.86699676513672 143.78900146484375 L75.68399810791016 143.78900146484375 L75.68399810791016 114.72699737548828 L123.86699676513672 114.72699737548828 L123.86699676513672 143.78900146484375 Z M123.86699676513672 101.05500030517578 L75.68399810791016 101.05500030517578 L75.68399810791016 72.08999633789062 L62.012001037597656 72.08999633789062 L62.012001037597656 101.05500030517578 L13.6719970703125 101.05500030517578 L13.6719970703125 79.56999969482422 C13.6719970703125 75.43000030517578 17.03099822998047 72.06999969482422 21.1719970703125 72.06999969482422 L178.8090057373047 72.06999969482422 C182.94900512695312 72.06999969482422 186.3090057373047 75.43000030517578 186.3090057373047 79.56999969482422 L186.3090057373047 101.05500030517578 L137.53900146484375 101.05500030517578 L137.53900146484375 72.08999633789062 L123.86699676513672 72.08999633789062 L123.86699676513672 101.05500030517578 Z M186.3090057373047 114.72699737548828 L186.3090057373047 143.78900146484375 L137.53900146484375 143.78900146484375 L137.53900146484375 114.72699737548828 L186.3090057373047 114.72699737548828 Z M182.343994140625 186.3280029296875 L137.53900146484375 186.3280029296875 L137.53900146484375 157.46099853515625 L186.3090057373047 157.46099853515625 L186.3090057373047 182.343994140625 L186.3280029296875 182.343994140625 C186.3280029296875 184.55099487304688 184.531005859375 186.3280029296875 182.343994140625 186.3280029296875 Z""></path></svg>"
3c0f236ac5bccccd8931a2a193c0af9d,"<svg xmlns=""http://www.w3.org/2000/svg"" viewBox=""0.0 0.0 200.0 200.0"" height=""200.0px"" width=""200.0px""><path fill=""#DCEDFF"" fill-opacity=""1.0""  filling=""0"" d=""M17.188003540039062 100.0 A83.00800323486328 83.00800323486328 0.0 1 0 183.2030029296875 100.0 A83.00800323486328 83.00800323486328 0.0 1 0 17.188003540039062 100.0 Z""></path>
<path fill=""#468EF7"" fill-opacity=""1.0""  filling=""0"" d=""M148.5290069580078 89.66600036621094 A10.39799976348877 10.39799976348877 0.0 0 0 150.5679931640625 78.87899780273438 A70.55899810791016 70.55899810791016 0.0 0 0 143.24400329589844 65.65799713134766 A9.902000427246094 9.902000427246094 0.0 0 0 135.23599243164062 61.76599884033203 A10.42199993133545 10.42199993133545 0.0 0 0 133.06399536132812 61.992000579833984 A14.609000205993652 14.609000205993652 0.0 0 1 129.88299560546875 62.34600067138672 A14.930000305175781 14.930000305175781 0.0 0 1 122.49400329589844 60.361000061035156 A14.34000015258789 14.34000015258789 0.0 0 1 115.78099822998047 52.027000427246094 A10.369000434875488 10.369000434875488 0.0 0 0 107.4469985961914 44.90800094604492 A63.375 63.375 0.0 0 0 99.84600067138672 44.44900131225586 A59.97100067138672 59.97100067138672 0.0 0 0 92.40599822998047 44.90800094604492 A10.369000434875488 10.369000434875488 0.0 0 0 84.0719985961914 52.027000427246094 A14.753999710083008 14.753999710083008 0.0 0 1 66.77899932861328 62.0 A10.406000137329102 10.406000137329102 0.0 0 0 64.60700225830078 61.775001525878906 A10.571999549865723 10.571999549865723 0.0 0 0 56.40399932861328 65.66799926757812 A52.06100082397461 52.06100082397461 0.0 0 0 48.87900161743164 78.68599700927734 A10.395999908447266 10.395999908447266 0.0 0 0 50.91600036621094 89.4729995727539 A14.939000129699707 14.939000129699707 0.0 0 1 50.91600036621094 109.41400146484375 A10.395000457763672 10.395000457763672 0.0 0 0 48.87900161743164 120.1989974975586 A55.827999114990234 55.827999114990234 0.0 0 0 56.40399932861328 133.218994140625 A10.241999626159668 10.241999626159668 0.0 0 0 64.41200256347656 137.11099243164062 A10.446999549865723 10.446999549865723 0.0 0 0 66.5739974975586 136.88499450683594 A15.126999855041504 15.126999855041504 0.0 0 1 69.78099822998047 136.53900146484375 A14.604000091552734 14.604000091552734 0.0 0 1 83.86499786376953 146.85899353027344 A10.385000228881836 10.385000228881836 0.0 0 0 92.1989974975586 153.97999572753906 A47.625 47.625 0.0 0 0 99.72699737548828 154.5919952392578 C102.18800354003906 154.5919952392578 104.79499816894531 154.39599609375 107.23799896240234 154.1739959716797 A10.378999710083008 10.378999710083008 0.0 0 0 115.5719985961914 147.05299377441406 A14.843999862670898 14.843999862670898 0.0 0 1 129.6739959716797 136.718994140625 A14.609000205993652 14.609000205993652 0.0 0 1 132.86500549316406 137.07200622558594 A9.461000442504883 9.461000442504883 0.0 0 0 134.94900512695312 137.30499267578125 A10.45300006866455 10.45300006866455 0.0 0 0 143.04100036621094 133.41200256347656 A51.678001403808594 51.678001403808594 0.0 0 0 150.5679931640625 120.39299774169922 A10.39799976348877 10.39799976348877 0.0 0 0 148.5290069580078 109.60700225830078 A14.939000129699707 14.939000129699707 0.0 0 1 148.5290069580078 89.66600036621094 Z M99.71900177001953 129.19700622558594 A29.687999725341797 29.687999725341797 0.0 1 1 129.406005859375 99.5199966430664 A29.67799949645996 29.67799949645996 0.0 0 1 99.71900177001953 129.19700622558594 Z""></path>
<path fill=""#88C4FF"" fill-opacity=""1.0""  filling=""0"" d=""M82.11900329589844 99.5199966430664 A17.600000381469727 17.600000381469727 0.0 1 0 117.31800079345703 99.5199966430664 A17.600000381469727 17.600000381469727 0.0 1 0 82.11900329589844 99.5199966430664 Z""></path></svg>"
68b4b20c00b54b8ce674f9a0d3d33e47,"<svg xmlns=""http://www.w3.org/2000/svg"" viewBox=""0.0 0.0 200.0 200.0"" height=""200.0px"" width=""200.0px""><path fill=""#35D9E7"" fill-opacity=""1.0""  filling=""0"" d=""M92.65499877929688 76.83499908447266 C92.44599914550781 87.87300109863281 84.5260009765625 96.63600158691406 74.98799896240234 96.37300109863281 C65.4489974975586 96.13200378417969 57.87699890136719 86.96700286865234 58.104000091552734 75.9280014038086 C58.3129997253418 65.03099822998047 66.02400207519531 56.32899856567383 75.44100189208984 56.36899948120117 C85.06600189208984 56.54999923706055 92.75900268554688 65.69499969482422 92.65499877929688 76.83499908447266 Z M165.75999450683594 140.0850067138672 L135.21299743652344 91.74099731445312 C135.21299743652344 91.74099731445312 133.45399475097656 87.83300018310547 127.15399932861328 87.83300018310547 C120.85299682617188 87.83300018310547 117.9280014038086 91.66000366210938 117.9280014038086 91.66000366210938 L91.15799713134766 140.68899536132812 C90.11299896240234 142.74400329589844 88.21600341796875 144.01300048828125 86.16200256347656 143.9929962158203 C83.91699981689453 144.093994140625 81.7760009765625 142.84500122070312 80.50499725341797 140.68899536132812 L66.52899932861328 121.59300231933594 C64.56199645996094 118.4520034790039 61.55099868774414 116.37699890136719 58.20800018310547 115.87300109863281 C53.5260009765625 115.87300109863281 49.62799835205078 122.197998046875 49.62799835205078 122.197998046875 L34.24000549316406 145.12100219726562 L34.24000549316406 45.25 C34.20500183105469 42.0880012512207 36.38100051879883 39.50899887084961 39.11399841308594 39.46900177001953 L160.88699340820312 39.46900177001953 C163.61900329589844 39.50899887084961 165.7949981689453 42.108001708984375 165.75999450683594 45.25 L165.75999450683594 140.0850067138672 L165.75999450683594 140.0850067138672 Z M163.35800170898438 24.80500030517578 L36.643001556396484 24.80500030517578 C28.46099853515625 24.926002502441406 21.91699981689453 32.70100402832031 22.02099609375 42.16899871826172 L22.02099609375 157.83099365234375 C21.91699981689453 167.2989959716797 28.46099853515625 175.07400512695312 36.643001556396484 175.19500732421875 L163.35800170898438 175.19500732421875 C171.53900146484375 175.07400512695312 178.08399963378906 167.2989959716797 177.97900390625 157.83099365234375 L177.97900390625 42.16899871826172 C178.08399963378906 32.70100402832031 171.53900146484375 24.926002502441406 163.35800170898438 24.80500030517578 Z""></path></svg>"
bd97a63779b80a0d8418639482888d17,"<svg height=""128"" viewBox=""0 0 24 24"" width=""128"" xmlns=""http://www.w3.org/2000/svg""><g fill=""none"" fill-rule=""evenodd""><path d=""m24 0v24h-24v-24zm-11.41 23.26h-.01l-.07.04h-.02-.01l-.07-.04c-.01 0-.02 0-.03 0v.02l-.02.42.01.02.01.02.1.07h.02.01l.1-.07.01-.02.01-.02-.02-.42c0-.01-.01-.02-.02-.02zm.27-.11h-.02l-.18.09-.01.01v.01l.02.43v.01l.01.01.2.09c.01.01.02 0 .03 0v-.02l-.03-.61c0-.02-.01-.02-.02-.02zm-.72 0c-.01-.01-.02 0-.02 0l-.01.02-.03.61c0 .01 0 .02.01.02h.02l.2-.09.01-.01v-.01l.02-.43v-.01l-.01-.01z"" fill-rule=""nonzero""/><path d=""m20 13v5c0 1.66-1.34 3-3 3h-4v-8zm-9 0v8h-4c-1.66 0-3-1.34-3-3v-5zm-2-11c1.19 0 2.27.52 3 1.35.73-.83 1.81-1.35 3-1.35h.5c.83 0 1.5.67 1.5 1.5v.5c0 .73-.19 1.41-.54 2h2.54c1.1 0 2 .9 2 2v2c0 .36-.1.71-.27 1h-7.73v-3c0-.55-.45-1-1-1s-1 .45-1 1v3h-7.73c-.17-.29-.27-.64-.27-1v-2c0-1.1.9-2 2-2h2.54c-.35-.59-.54-1.27-.54-2v-.5c0-.83.67-1.5 1.5-1.5zm0 2c0 1.1.9 2 2 2 0-1.1-.9-2-2-2zm6 0c-1.1 0-2 .9-2 2 1.1 0 2-.9 2-2z"" fill=""#09244b""/></g></svg>"
f74e826e3a3c79ae0a8b98618cd5be8e,"<svg xmlns=""http://www.w3.org/2000/svg"" viewBox=""0.0 0.0 200.0 200.0"" height=""200.0px"" width=""200.0px""><path fill=""currentColor"" fill-opacity=""1.0""  filling=""0"" d=""M166.66700744628906 150.41700744628906 L146.25 130.0 C155.41700744628906 118.33300018310547 160.83299255371094 103.75 160.83299255371094 87.5 C160.83299255371094 49.58300018310547 130.0 18.75 92.08300018310547 18.75 C54.16699981689453 18.75 23.33300018310547 49.58300018310547 23.33300018310547 87.5 C23.33300018310547 125.41699981689453 54.16699981689453 156.25 92.08300018310547 156.25 C107.91699981689453 156.25 122.91699981689453 150.83299255371094 134.58299255371094 141.66700744628906 L155.0 162.08299255371094 C156.66700744628906 163.75 158.75 164.58299255371094 160.83299255371094 164.58299255371094 C162.91700744628906 164.58299255371094 165.0 163.75 166.66700744628906 162.08299255371094 C170.0 159.16700744628906 170.0 153.75 166.66700744628906 150.41700744628906 Z M40.0 87.5 C40.0 58.75 63.33300018310547 35.41699981689453 92.08300018310547 35.41699981689453 C120.83300018310547 35.41699981689453 144.16700744628906 58.75 144.16700744628906 87.5 C144.16700744628906 116.25 120.83300018310547 139.58299255371094 92.08300018310547 139.58299255371094 C63.33300018310547 139.58299255371094 40.0 116.25 40.0 87.5 Z""></path>
<path fill=""currentColor"" fill-opacity=""1.0""  filling=""0"" d=""M117.08300018310547 79.16699981689453 L100.41699981689453 79.16699981689453 L100.41699981689453 62.5 C100.41699981689453 57.91699981689453 96.66699981689453 54.16699981689453 92.08300018310547 54.16699981689453 C87.5 54.16699981689453 83.75 57.91699981689453 83.75 62.5 L83.75 79.16699981689453 L67.08300018310547 79.16699981689453 C62.5 79.16699981689453 58.75 82.91699981689453 58.75 87.5 C58.75 92.08300018310547 62.5 95.83300018310547 67.08300018310547 95.83300018310547 L83.75 95.83300018310547 L83.75 112.5 C83.75 117.08300018310547 87.5 120.83300018310547 92.08300018310547 120.83300018310547 C96.66699981689453 120.83300018310547 100.41699981689453 117.08300018310547 100.41699981689453 112.5 L100.41699981689453 95.83300018310547 L117.08300018310547 95.83300018310547 C121.66699981689453 95.83300018310547 125.41699981689453 92.08300018310547 125.41699981689453 87.5 C125.41699981689453 82.91699981689453 121.66699981689453 79.16699981689453 117.08300018310547 79.16699981689453 Z""></path></svg>"
905bf352882bf4051f047c7f34f80e06,"<svg xmlns=""http://www.w3.org/2000/svg"" viewBox=""0.0 0.0 200.0 200.0"" height=""200.0px"" width=""200.0px""><path fill="""" fill-opacity=""1.0""  filling=""0"" d=""M100.0 200.0 L100.0 133.33340454101562 L42.5 166.66659545898438 L42.5 33.333396911621094 L100.0 0.0 L100.0 66.6666030883789 L42.5 100.0 L100.0 133.33340454101562 L100.0 66.6666030883789 L157.5 33.333396911621094 L157.5 166.66659545898438 L100.0 200.0 Z""></path></svg>"
b1df9406fc801aedf807c6b3dd282aed,"<svg xmlns=""http://www.w3.org/2000/svg"" viewBox=""0.0 0.0 200.0 200.0"" height=""200.0px"" width=""200.0px""><path fill=""#595BB3"" fill-opacity=""1.0""  filling=""0"" d=""M100.41014862060547 30.8984375 C109.74610137939453 30.8984375 118.7890625 32.71484375 127.3046875 36.328125 C135.52734375 39.804683685302734 142.9296875 44.8046875 149.27734375 51.15234375 C155.625 57.5 160.625 64.90234375 164.1015625 73.125 C167.6953125 81.640625 169.53125 90.68359375 169.53125 100.01952362060547 C169.53125 109.35547637939453 167.71484375 118.3984375 164.1015625 126.9140625 C160.625 135.13671875 155.625 142.5390625 149.27734375 148.88671875 C142.9296875 155.234375 135.52734375 160.234375 127.3046875 163.7109375 C118.7890625 167.3046875 109.74610137939453 169.140625 100.41014862060547 169.140625 C91.07421875 169.140625 82.03125 167.32421875 73.515625 163.7109375 C65.29296875 160.234375 57.890625 155.25390625 51.54296875 148.88671875 C45.1953125 142.51953125 40.195308685302734 135.13671875 36.71875 126.9140625 C33.125 118.3984375 31.2890625 109.35547637939453 31.2890625 100.01952362060547 C31.2890625 90.68359375 33.10546875 81.640625 36.71875 73.125 C40.195308685302734 64.90234375 45.1953125 57.5 51.54296875 51.15234375 C57.890625 44.8046875 65.29296875 39.804683685302734 73.515625 36.328125 C82.01171875 32.71484375 91.07421875 30.8984375 100.41014862060547 30.8984375 M100.41014862060547 19.1796875 C55.76171875 19.1796875 19.5703125 55.37109375 19.5703125 100.01952362060547 C19.5703125 144.66796875 55.76171875 180.859375 100.41014862060547 180.859375 C145.05859375 180.859375 181.25 144.66796875 181.25 100.01952362060547 C181.25 55.37109375 145.05859375 19.1796875 100.41014862060547 19.1796875 Z""></path>
<path fill=""#595BB3"" fill-opacity=""1.0""  filling=""0"" d=""M39.34062576293945 152.7998046875 L153.18106079101562 38.95957565307617 L161.46737670898438 47.24589538574219 L47.626953125 161.0859375 L39.34062576293945 152.7998046875 Z""></path></svg>"
ede6185e98b9c61569d2bb4c2d613a59,"<svg xmlns=""http://www.w3.org/2000/svg"" viewBox=""0.0 0.0 200.0 200.0"" height=""200.0px"" width=""200.0px""><path fill=""#FFFFFF"" fill-opacity=""1.0""  filling=""0"" d=""M44.0 109.80000305175781 L156.0 109.80000305175781 C158.1999969482422 109.80000305175781 160.0 111.5999984741211 160.0 113.80000305175781 L160.0 121.80000305175781 C160.0 124.0 158.1999969482422 125.80000305175781 156.0 125.80000305175781 L44.0 125.80000305175781 C41.79999923706055 125.80000305175781 40.0 124.0 40.0 121.80000305175781 L40.0 113.80000305175781 C40.0 111.5999984741211 41.79999923706055 109.80000305175781 44.0 109.80000305175781 Z M44.0 74.19999694824219 L156.0 74.19999694824219 C158.1999969482422 74.19999694824219 160.0 76.0 160.0 78.19999694824219 L160.0 86.19999694824219 C160.0 88.4000015258789 158.1999969482422 90.19999694824219 156.0 90.19999694824219 L44.0 90.19999694824219 C41.79999923706055 90.19999694824219 40.0 88.4000015258789 40.0 86.19999694824219 L40.0 78.19999694824219 C40.0 76.0 41.79999923706055 74.19999694824219 44.0 74.19999694824219 Z""></path></svg>"
01e2bc534c3fe6195e9cdcbebc49e990,"<svg xmlns=""http://www.w3.org/2000/svg"" viewBox=""0.0 0.0 200.0 200.0"" height=""200.0px"" width=""200.0px""><path fill=""#EA602A"" fill-opacity=""1.0""  filling=""0"" d=""M149.6439971923828 50.29399871826172 C118.11900329589844 69.61900329589844 95.24400329589844 94.00599670410156 84.96299743652344 106.23699951171875 L59.79999923706055 86.5250015258789 L48.6879997253418 95.48100280761719 L92.17500305175781 139.70599365234375 C99.66200256347656 120.54399871826172 123.36900329589844 83.06199645996094 152.31199645996094 56.45000076293945 L149.6439971923828 50.29399871826172 Z""></path>
<path fill=""#EA602A"" fill-opacity=""1.0""  filling=""0"" d=""M126.56199645996094 180.31900024414062 L73.43099975585938 180.31900024414062 C42.83100128173828 180.31900024414062 17.938003540039062 155.43099975585938 17.938003540039062 124.82499694824219 L17.938003540039062 71.69999694824219 C17.938003540039062 41.099998474121094 42.83100128173828 16.212997436523438 73.43099975585938 16.212997436523438 L126.56199645996094 16.212997436523438 C157.156005859375 16.212997436523438 182.0500030517578 41.099998474121094 182.0500030517578 71.69999694824219 L182.0500030517578 124.82499694824219 C182.0500030517578 155.43099975585938 157.156005859375 180.31900024414062 126.56199645996094 180.31900024414062 Z M73.43099975585938 20.194000244140625 C45.03099822998047 20.194000244140625 21.925003051757812 43.29999923706055 21.925003051757812 71.69999694824219 L21.925003051757812 124.82499694824219 C21.925003051757812 153.22500610351562 45.03099822998047 176.33099365234375 73.43099975585938 176.33099365234375 L126.56199645996094 176.33099365234375 C154.96299743652344 176.33099365234375 178.06199645996094 153.22500610351562 178.06199645996094 124.82499694824219 L178.06199645996094 71.69999694824219 C178.06199645996094 43.29999923706055 154.96299743652344 20.194000244140625 126.56199645996094 20.194000244140625 L73.43099975585938 20.194000244140625 Z""></path></svg>"
450b77375f9b76102316f1f085524230,"<svg xmlns=""http://www.w3.org/2000/svg"" viewBox=""0.0 0.0 200.0 200.0"" height=""200.0px"" width=""200.0px""><path fill=""#1F1402"" fill-opacity=""1.0""  filling=""0"" d=""M60.9375 142.96875 L139.0625 142.96875 L139.0625 135.15625 L60.9375 135.15625 L60.9375 142.96875 Z M109.765625 57.03125 L60.9375 57.03125 L60.9375 64.84375 L109.765625 64.84375 L109.765625 57.03125 Z M60.9375 123.4375 L139.0625 123.4375 L139.0625 115.625 L60.9375 115.625 L60.9375 123.4375 Z M125.390625 16.015625 L31.640625 16.015625 L31.640625 183.984375 L168.359375 183.984375 L168.359375 58.984375 L125.390625 16.015625 Z M129.296875 30.9765625 L153.3984375 55.078125 L129.296875 55.078125 L129.296875 30.9765625 Z M160.546875 176.171875 L39.453125 176.171875 L39.453125 23.828125 L121.484375 23.828125 L121.484375 62.890625 L160.546875 62.890625 L160.546875 176.171875 Z M60.9375 84.375 L139.0625 84.375 L139.0625 76.5625 L60.9375 76.5625 L60.9375 84.375 Z M60.9375 103.90625 L139.0625 103.90625 L139.0625 96.09375 L60.9375 96.09375 L60.9375 103.90625 Z""></path></svg>"
6a2de049d0e5858fc8d4ac06c2e11f41,"<svg xmlns=""http://www.w3.org/2000/svg"" viewBox=""0.0 0.0 200.0 200.0"" height=""200.0px"" width=""200.0px""><path fill="""" fill-opacity=""1.0""  filling=""0"" d=""M80.0 53.333396911621094 L53.333396911621094 53.333396911621094 L53.333396911621094 106.6666030883789 L0.0 106.6666030883789 L0.0 133.33340454101562 L53.333396911621094 133.33340454101562 L53.333396911621094 186.66659545898438 L80.0 186.66659545898438 L80.0 133.33340454101562 L133.33340454101562 133.33340454101562 L133.33340454101562 106.6666030883789 L80.0 106.6666030883789 L80.0 53.333396911621094 Z M140.0 28.0 L140.0 52.0 L173.33340454101562 45.333396911621094 L173.33340454101562 186.66659545898438 L200.0 186.66659545898438 L200.0 13.333396911621094 L140.0 28.0 Z""></path></svg>"
c94c91661e9e7cf9d51a2ef866f747d9,"<svg height=""128"" viewBox=""0 0 32 32"" width=""128"" xmlns=""http://www.w3.org/2000/svg""><path d=""m16.77 12.81-.75-.75-6.04 6.04.75.75 5.28-5.28 5.26 5.26.75-.75-3.01-3.01z""/></svg>"
7fb9597990bb4b1297ce0f53f1f4cc90,"<svg xmlns=""http://www.w3.org/2000/svg"" viewBox=""0.0 0.0 200.0 200.0"" height=""200.0px"" width=""200.0px""><path fill=""#FF6B08"" fill-opacity=""1.0""  filling=""0"" d=""M126.7119140625 0.0 C131.47891235351562 0.0 136.0519561767578 1.891998291015625 139.4259796142578 5.2599639892578125 L176.06993103027344 41.82597351074219 A18.0 18.0 0.0 0 1 181.35391235351562 54.56601333618164 L181.35391235351562 78.1259765625 C189.9939422607422 78.1259765625 196.998046875 85.12890625 197.0 93.76797485351562 L197.0 156.22793579101562 C197.0 164.67498779296875 190.294921875 171.59803771972656 181.85194396972656 171.8660125732422 L181.35391235351562 171.8720703125 L181.35391235351562 181.248046875 C181.35391235351562 191.60391235351562 172.95001220703125 199.998046875 162.580078125 199.998046875 L37.419921875 199.998046875 C27.050003051757812 199.998046875 18.646095275878906 191.60391235351562 18.646095275878906 181.248046875 L18.646095275878906 171.8720703125 C10.006050109863281 171.8720703125 3.001953125 164.86895751953125 3.0 156.23007202148438 L3.0 93.7699203491211 C3.0 85.32304382324219 9.705078125 78.39999389648438 18.148048400878906 78.13203430175781 L18.646095275878906 78.1240234375 L18.646095275878906 18.75 C18.646095275878906 8.393943786621094 27.050003051757812 0.0 37.419921875 0.0 L126.7119140625 0.0 Z M162.580078125 171.8740234375 L37.419921875 171.8740234375 L37.419921875 175.25 A6.0 6.0 0.0 0 0 43.419921875 181.25 L156.580078125 181.25 A6.0 6.0 0.0 0 0 162.580078125 175.25 L162.580078125 171.8740234375 Z M85.19999694824219 105.99999237060547 C78.2880859375 105.99999237060547 71.32792663574219 109.2640609741211 70.1279296875 115.9359359741211 C68.88007354736328 123.71192169189453 74.83203125 125.919921875 81.5999984741211 126.6880874633789 C85.63203430175781 127.16796875 87.6480484008789 128.080078125 87.6480484008789 130.38397216796875 C87.6480484008789 133.31192016601562 84.4800796508789 135.0400390625 80.15995788574219 135.0400390625 C76.80000305175781 135.0400390625 72.86405944824219 133.6960906982422 70.80000305175781 130.52792358398438 L66.0 136.14395141601562 C68.4000015258789 140.080078125 73.583984375 141.9519500732422 78.91191101074219 141.90390014648438 C87.35995483398438 141.85604858398438 95.13594055175781 138.5439453125 95.13594055175781 129.51992797851562 C95.13594055175781 123.13594055175781 89.8080062866211 120.73594665527344 83.95195770263672 120.20801544189453 C80.0640640258789 119.8720703125 77.3759765625 119.29609680175781 77.3759765625 116.751953125 C77.3759765625 114.0640640258789 80.5439453125 112.4800796508789 84.0960922241211 112.4800796508789 C86.68807983398438 112.4800796508789 89.7119140625 113.29608917236328 91.248046875 115.16796112060547 L96.2880859375 110.65605926513672 C93.3599624633789 107.05606079101562 90.1439437866211 105.99999237060547 85.19999694824219 105.99999237060547 Z M111.7919921875 107.248046875 L104.30390930175781 107.248046875 L98.4000015258789 140.84805297851562 L105.88807678222656 140.84805297851562 L108.24004364013672 127.55194854736328 L123.2640609741211 127.55194854736328 L120.91191101074219 140.84805297851562 L128.3039093017578 140.84805297851562 L134.2080078125 107.248046875 L126.81600952148438 107.248046875 L124.46405792236328 120.68807983398438 L109.4400405883789 120.68807983398438 L111.7919921875 107.248046875 Z M117.8160171508789 17.25 L43.419921875 17.25 A6.0 6.0 0.0 0 0 37.419921875 23.25 L37.419921875 78.1240234375 L162.580078125 78.1240234375 L162.580078125 62.193946838378906 L135.8220672607422 62.193946838378906 C125.88203430175781 62.191993713378906 117.82402038574219 54.13397979736328 117.82207489013672 44.193946838378906 L117.8160171508789 17.25 Z""></path></svg>"
caf76979d46dd7fe835fe919c62dff0d,"<svg xmlns=""http://www.w3.org/2000/svg"" viewBox=""0.0 0.0 200.0 200.0"" height=""200.0px"" width=""200.0px""><path fill=""#1F1E49"" fill-opacity=""1.0""  filling=""0"" d=""M26.91400146484375 52.792999267578125 C26.91400146484375 52.792999267578125 29.60900115966797 54.55099868774414 41.69900131225586 73.3010025024414 C42.637001037597656 74.64800262451172 55.37099838256836 94.21900177001953 71.48400115966797 103.49600219726562 C63.96500015258789 99.78500366210938 29.80500030517578 95.23400115966797 26.91400146484375 52.792999267578125 Z""></path>
<path fill=""#EC0F0A"" fill-opacity=""1.0""  filling=""0"" d=""M136.85499572753906 106.44499969482422 L136.75799560546875 106.46499633789062 L136.69900512695312 106.48400115966797 L117.85199737548828 111.38700103759766 C117.85199737548828 111.38700103759766 110.97699737548828 112.75399780273438 107.44100189208984 112.16799926757812 C84.2770004272461 108.8280029296875 38.92599868774414 98.0270004272461 30.487998962402344 63.28099822998047 C20.46900177001953 21.68000030517578 20.46900177001953 81.75800323486328 20.66400146484375 96.09400177001953 L20.66400146484375 99.04299926757812 C20.85900115966797 105.33200073242188 21.05500030517578 113.37899780273438 21.05500030517578 122.4020004272461 C21.05500030517578 131.03500366210938 20.85900115966797 139.08200073242188 20.66400146484375 145.17599487304688 L23.808998107910156 145.17599487304688 C23.612998962402344 138.88699340820312 23.417999267578125 131.03500366210938 23.417999267578125 122.4020004272461 C23.417999267578125 114.16000366210938 23.612998962402344 106.6989974975586 23.808998107910156 100.8010025024414 L109.21900177001953 146.34800720214844 L186.9530029296875 146.34800720214844 L186.9530029296875 142.4219970703125 C186.75799560546875 123.98400115966797 177.1479949951172 115.5469970703125 164.76600646972656 113.96499633789062 C163.593994140625 113.7699966430664 162.53900146484375 113.5739974975586 161.03500366210938 113.18399810791016 L137.08999633789062 106.50399780273438""></path>
<path fill=""#1F1E49"" fill-opacity=""1.0""  filling=""0"" d=""M25.176002502441406 152.05099487304688 L18.104995727539062 152.05099487304688 C15.155998229980469 152.05099487304688 12.811996459960938 149.68800354003906 12.811996459960938 146.75799560546875 C12.811996459960938 143.8090057373047 15.176002502441406 141.46499633789062 18.104995727539062 141.46499633789062 L25.176002502441406 141.46499633789062 C28.125 141.46499633789062 30.46900177001953 143.8280029296875 30.46900177001953 146.75799560546875 C30.292999267578125 149.70700073242188 27.93000030517578 152.05099487304688 25.176002502441406 152.05099487304688 Z M109.41400146484375 146.34800720214844 C109.41400146484375 146.34800720214844 117.06999969482422 150.66400146484375 121.58200073242188 152.63699340820312 L182.83200073242188 152.63699340820312 C185.19500732421875 152.63699340820312 186.9530029296875 150.0780029296875 186.9530029296875 146.73800659179688 L186.9530029296875 146.34800720214844 L109.41400146484375 146.34800720214844 Z""></path></svg>"
89f63eb098a6634e05b2cf9e06926735,"<svg xmlns=""http://www.w3.org/2000/svg"" viewBox=""0.0 0.0 200.0 200.0"" height=""200.0px"" width=""200.0px""><path fill=""#3C1410"" fill-opacity=""1.0""  filling=""0"" d=""M130.72265625 127.36328125 C130.625 126.89453125 130.41015625 126.484375 130.1171875 126.1328125 C135.703125 119.04296875 139.0625 109.94141387939453 139.0625 100.01952362060547 C139.0625 90.0 135.64453125 80.8203125 129.9609375 73.69140625 C130.17578125 73.37890625 130.33203125 73.02734375 130.4296875 72.65625 L138.828125 36.289058685302734 C139.2578125 34.43359375 137.87109375 32.67578125 135.9765625 32.6171875 C135.5859375 32.578125 135.1953125 32.59765625 134.78515625 32.71484375 C132.94921875 33.203125 131.66015625 33.984375 130.546875 34.66796875 C129.0625 35.56640625 128.0859375 36.15234375 125.78125 36.15234375 C123.4765625 36.15234375 122.5 35.56640625 121.015625 34.66796875 C119.23828125 33.59375 117.03125 32.24609375 112.890625 32.24609375 C108.75 32.24609375 106.54296875 33.59375 104.76563262939453 34.66796875 C103.28125 35.56640625 102.3046875 36.15234375 100.0 36.15234375 C97.6953125 36.15234375 96.71875 35.56640625 95.234375 34.66796875 C93.45703125 33.59375 91.25 32.24609375 87.109375 32.24609375 C82.96875 32.24609375 80.76171875 33.59375 78.984375 34.66796875 C77.5 35.56640625 76.5234375 36.15234375 74.21875 36.15234375 C71.9140625 36.15234375 70.9375 35.56640625 69.453125 34.66796875 C68.33984375 33.984375 67.05078125 33.203125 65.21484375 32.71484375 C64.78515625 32.59765625 64.35546875 32.578125 63.9453125 32.63671875 C62.12890625 32.75390625 60.8203125 34.47265625 61.2109375 36.269535064697266 L69.35546875 72.63671875 C69.453125 73.0859375 69.66796875 73.49609375 69.921875 73.828125 C64.296875 80.9375 60.9375 90.05859375 60.9375 100.01952362060547 C60.9375 110.05859375 64.375 119.23828125 70.05859375 126.3671875 C69.86328125 126.66015625 69.7265625 126.97265625 69.6484375 127.32421875 L61.269535064697266 163.57421875 C61.074222564697266 164.4140625 61.25 165.234375 61.679683685302734 165.87890625 C62.32421875 167.03125 63.76953125 167.67578125 65.21484375 167.28515625 C67.05078125 166.796875 68.33984375 166.015625 69.453125 165.33203125 C70.9375 164.43359375 71.9140625 163.84765625 74.21875 163.84765625 C76.5234375 163.84765625 77.5 164.43359375 78.984375 165.33203125 C80.76171875 166.40625 82.96875 167.75390625 87.109375 167.75390625 C91.25 167.75390625 93.45703125 166.40625 95.234375 165.33203125 C96.71875 164.43359375 97.6953125 163.84765625 100.0 163.84765625 C102.3046875 163.84765625 103.28125 164.43359375 104.76563262939453 165.33203125 C106.54296875 166.40625 108.75 167.75390625 112.890625 167.75390625 C117.03125 167.75390625 119.23828125 166.40625 121.015625 165.33203125 C122.5 164.43359375 123.4765625 163.84765625 125.78125 163.84765625 C128.0859375 163.84765625 129.0625 164.43359375 130.546875 165.33203125 C131.66015625 166.015625 132.94921875 166.796875 134.78515625 167.28515625 C135.859375 167.578125 136.93359375 167.28515625 137.67578125 166.640625 C138.57421875 165.95703125 139.08203125 164.78515625 138.80859375 163.59375 L130.72265625 127.36328125 Z M68.41796875 40.859378814697266 C69.86328125 41.50390625 71.6796875 42.01171875 74.21875 42.01171875 C78.359375 42.01171875 80.56640625 40.664066314697266 82.34375 39.589847564697266 C83.828125 38.69140625 84.8046875 38.10546875 87.109375 38.10546875 C89.4140625 38.10546875 90.390625 38.69140625 91.875 39.589847564697266 C93.65234375 40.664066314697266 95.859375 42.01171875 100.0 42.01171875 C104.140625 42.01171875 106.34765625 40.664066314697266 108.12499237060547 39.589847564697266 C109.609375 38.69140625 110.5859375 38.10546875 112.890625 38.10546875 C115.1953125 38.10546875 116.171875 38.69140625 117.65625 39.589847564697266 C119.43359375 40.664066314697266 121.640625 42.01171875 125.78125 42.01171875 C128.33984375 42.01171875 130.17578125 41.50390625 131.6015625 40.83984375 L125.17578125 68.65234375 C118.37890625 62.636722564697266 109.58983612060547 59.00390625 100.0 59.00390625 C90.33203125 59.00390625 81.484375 62.6953125 74.66796875 68.7890625 L68.41796875 40.859378814697266 Z M94.5703125 136.6796875 C92.96875 136.953125 91.4453125 135.8984375 91.171875 134.296875 L82.01171875 82.36328125 C81.73828125 80.76171875 82.79296875 79.23828125 84.39453125 78.96484375 C85.99609375 78.671875 87.51953125 79.74609375 87.79296875 81.328125 L96.953125 133.28125 C97.2265625 134.8828125 96.171875 136.40625 94.5703125 136.6796875 Z M105.078125 128.8671875 C103.4765625 129.140625 101.953125 128.0859375 101.67967987060547 126.484375 L92.51953125 74.55078125 C92.24609375 72.94921875 93.30078125 71.42578125 94.90234375 71.15234375 C96.50390625 70.87890625 98.0078125 71.93359375 98.30078125 73.53515625 L107.4609375 125.46875 C107.73436737060547 127.0703125 106.69921875 128.59375 105.078125 128.8671875 Z M103.06640625 66.7578125 C102.79296875 65.15625 103.84765625 63.632808685302734 105.44922637939453 63.359375 C107.03125 63.06640625 108.5546875 64.140625 108.84765625 65.7421875 L118.0078125 117.67578125 C118.26171875 119.27734375 117.2265625 120.80078125 115.625 121.07421875 C114.0234375 121.34765625 112.5 120.29296875 112.22655487060547 118.69140625 L103.06640625 66.7578125 Z M125.78125 157.98828125 C121.640625 157.98828125 119.43359375 159.3359375 117.65625 160.41015625 C116.171875 161.30859375 115.1953125 161.89453125 112.890625 161.89453125 C110.5859375 161.89453125 109.609375 161.30859375 108.12499237060547 160.41015625 C106.34765625 159.3359375 104.140625 157.98828125 100.0 157.98828125 C95.859375 157.98828125 93.65234375 159.3359375 91.875 160.41015625 C90.390625 161.30859375 89.4140625 161.89453125 87.109375 161.89453125 C84.8046875 161.89453125 83.828125 161.30859375 82.34375 160.41015625 C80.56640625 159.3359375 78.359375 157.98828125 74.21875 157.98828125 C71.69921875 157.98828125 69.90234375 158.49609375 68.4765625 159.12109375 L74.8828125 131.42578125 C81.66015625 137.421875 90.4296875 141.03515625 100.0 141.03515625 C109.70703125 141.03515625 118.57421875 137.32421875 125.41015625 131.171875 L131.66015625 159.16015625 C130.1953125 158.515625 128.37890625 157.98828125 125.78125 157.98828125 Z""></path></svg>"
74df26d8107b847d2d40bdab62730e0b,"<svg xmlns=""http://www.w3.org/2000/svg"" viewBox=""0.0 0.0 200.0 200.0"" height=""200.0px"" width=""200.0px""><path fill=""#364C69"" fill-opacity=""1.0""  filling=""0"" d=""M73.125 110.62500762939453 C71.25 110.62500762939453 70.0 110.0 68.75 108.75 L55.0 95.625 L23.75 125.625 C21.25 128.125 17.5 128.125 15.0 125.625 C12.5 123.125 12.5 119.375 15.0 116.875 L51.25 82.5 C51.875 81.875 53.125 81.25 55.0 81.25 C56.875003814697266 81.25 58.125 81.875 59.375 83.125 L73.125 96.25 L104.37500762939453 66.25 C105.625 65.0 107.50000762939453 64.375 108.75 64.375 C110.62500762939453 64.375 111.875 65.0 113.125 66.25 L126.875 79.375 L158.125 49.374996185302734 C159.375 48.125 161.25 47.500003814697266 162.5 47.500003814697266 C164.375 47.500003814697266 165.625 48.125 166.875 49.374996185302734 L185.0 66.875 C187.5 69.375 187.5 73.125 185.0 75.625 C182.5 78.125 178.75 78.125 176.25 75.625 L162.5 62.5 L131.25 92.5 C130.0 93.75 128.125 94.375 126.875 94.375 C125.625 94.375 123.75 93.75 122.5 92.5 L108.75 79.375 L77.5 109.375 C76.25 110.0 74.375 110.62500762939453 73.125 110.62500762939453 Z M18.75 150.0 L181.25 150.0 C185.0 150.0 187.5 152.5 187.5 156.25 C187.5 160.0 185.0 162.5 181.25 162.5 L18.75 162.5 C15.0 162.5 12.5 160.0 12.5 156.25 C12.5 152.5 15.0 150.0 18.75 150.0 Z""></path></svg>"
72be2b271c0eacd5690697aea2cb1571,"<svg xmlns=""http://www.w3.org/2000/svg"" viewBox=""0.0 0.0 200.0 200.0"" height=""200.0px"" width=""200.0px""><path fill=""#B7CCE2"" fill-opacity=""1.0""  filling=""0"" d=""M104.5833969116211 18.75 L186.66659545898438 96.25 C190.0 99.5833969116211 190.0 104.5833969116211 187.08340454101562 107.9166030883789 C185.41659545898438 109.58340454101562 183.33340454101562 110.4166030883789 180.83340454101562 110.4166030883789 L165.41659545898438 110.4166030883789 L165.41659545898438 172.91659545898438 C165.41659545898438 177.5 161.66659545898438 181.25 157.08340454101562 181.25 L127.91659545898438 181.25 C123.3333969116211 181.25 119.58340454101562 177.5 119.58340454101562 172.91659545898438 L119.58340454101562 135.83338928222656 C119.58340454101562 131.25 115.83340454101562 127.5 111.24999237060547 127.5 L86.25 127.5 C81.6666030883789 127.5 77.9166030883789 131.25 77.9166030883789 135.83338928222656 L77.9166030883789 172.91659545898438 C77.9166030883789 177.5 74.1666030883789 181.25 69.5833969116211 181.25 L40.41659927368164 181.25 C35.833396911621094 181.25 32.083396911621094 177.5 32.083396911621094 172.91659545898438 L32.083396911621094 110.4166030883789 L16.666603088378906 110.4166030883789 C12.083396911621094 110.4166030883789 8.333396911621094 106.6666030883789 8.333396911621094 102.0833969116211 C8.333396911621094 99.5833969116211 9.166595458984375 97.5 10.833396911621094 95.8333969116211 L93.3333969116211 18.75 C96.25 15.833404541015625 101.25000762939453 15.833404541015625 104.5833969116211 18.75 Z M98.75 25.0 L16.666603088378906 102.5 L40.41659927368164 102.5 L40.41659927368164 173.33340454101562 L69.5833969116211 173.33340454101562 L69.5833969116211 136.25 C69.5833969116211 127.5 76.66659545898438 120.0 85.4166030883789 119.58340454101562 L111.24999237060547 119.58340454101562 C120.0 119.58340454101562 127.5 126.6666030883789 127.91659545898438 135.41659545898438 L127.91659545898438 173.33340454101562 L157.08340454101562 173.33340454101562 L157.08340454101562 102.5 L180.83340454101562 102.5 L98.75 25.0 Z M112.5 87.5 C115.0 87.5 116.6666030883789 89.16659545898438 116.6666030883789 91.6666030883789 C116.6666030883789 94.1666030883789 115.0 95.8333969116211 112.5 95.8333969116211 L87.5 95.8333969116211 C85.0 95.8333969116211 83.3333969116211 94.1666030883789 83.3333969116211 91.6666030883789 C83.3333969116211 89.16659545898438 85.0 87.5 87.5 87.5 L112.5 87.5 Z""></path></svg>"
8bdd124616030aafdaeb9aa0c4decfb5,"<svg xmlns=""http://www.w3.org/2000/svg"" viewBox=""0.0 0.0 200.0 200.0"" height=""200.0px"" width=""200.0px""><path fill=""#333333"" fill-opacity=""1.0"" filling=""0"" d=""M18.75 175.0 C15.300003051757812 175.0 12.5 172.20599365234375 12.5 168.75 L12.5 81.25 C12.5 77.80000305175781 15.300003051757812 75.0 18.75 75.0 C22.199996948242188 75.0 25.0 77.80000305175781 25.0 81.25 L25.0 168.75 C25.0 172.20599365234375 22.199996948242188 175.0 18.75 175.0 Z M168.81199645996094 75.0 L131.8249969482422 75.0 C134.5189971923828 68.75 137.6060028076172 52.59400177001953 135.8000030517578 37.900001525878906 C134.36900329589844 26.175003051757812 127.5250015258789 17.180999755859375 117.49400329589844 13.787002563476562 C110.05599975585938 11.268997192382812 102.21900177001953 12.494003295898438 97.99400329589844 16.805999755859375 C92.95600128173828 21.944000244140625 90.59400177001953 31.630996704101562 88.09400177001953 41.875 C86.45600128173828 48.58100128173828 84.76300048828125 55.525001525878906 82.65599822998047 59.09400177001953 C76.58100128173828 69.42500305175781 63.85599899291992 74.13800048828125 61.29399871826172 75.0 L43.75 75.0 C40.29999923706055 75.0 37.5 77.80000305175781 37.5 81.25 L37.5 168.75 C37.5 172.20599365234375 40.29999923706055 175.0 43.75 175.0 L60.66299819946289 175.0 C65.88700103759766 177.83099365234375 85.3499984741211 187.5 107.88099670410156 187.5 L150.05599975585938 187.5 C157.0 187.5 168.96200561523438 184.81199645996094 173.43800354003906 177.39999389648438 C177.95599365234375 169.88699340820312 187.48699951171875 101.48799896240234 187.48699951171875 93.90599822998047 C187.48699951171875 83.46299743652344 177.2689971923828 75.0 168.81199645996094 75.0 Z M162.72500610351562 170.95599365234375 C161.78799438476562 172.5189971923828 155.60000610351562 175.0 150.05599975585938 175.0 L107.88099670410156 175.0 C85.55000305175781 175.0 65.85600280761719 162.5 65.66200256347656 162.5 L50.0 162.5 L50.0 87.5 L62.5 87.5 C63.012001037597656 87.5 63.46900177001953 87.32499694824219 63.944000244140625 87.20600128173828 C64.04399871826172 87.18099975585938 64.13700103759766 87.21299743652344 64.23799896240234 87.18099975585938 C64.28099822998047 87.16899871826172 64.40599822998047 87.13099670410156 64.56900024414062 87.08100128173828 C64.73100280761719 87.0250015258789 64.90599822998047 86.99400329589844 65.06199645996094 86.91899871826172 C68.86199951171875 85.66300201416016 85.08799743652344 79.625 93.42500305175781 65.43099975585938 C96.45600128173828 60.275001525878906 98.29399871826172 52.775001525878906 100.23100280761719 44.84400177001953 C102.03700256347656 37.45000076293945 104.28099822998047 28.255996704101562 106.89399719238281 25.587997436523438 C107.49400329589844 25.074996948242188 110.41300201416016 24.425003051757812 114.08100128173828 25.869003295898438 C117.07499694824219 27.050003051757812 122.2750015258789 30.387001037597656 123.38800048828125 39.474998474121094 C125.8499984741211 59.49399948120117 117.25599670410156 78.55599975585938 117.16899871826172 78.75 C116.2750015258789 80.68800354003906 116.43699645996094 82.88099670410156 117.58699798583984 84.67500305175781 C118.73699951171875 86.46199798583984 120.71199798583984 87.49400329589844 122.84400177001953 87.49400329589844 L168.80599975585938 87.49400329589844 C170.5 87.49400329589844 174.9810028076172 90.43099975585938 174.9810028076172 93.89399719238281 C174.98699951171875 102.23100280761719 165.33700561523438 165.03799438476562 162.72500610351562 170.95599365234375 Z""></path></svg>"
469010d65001bd0134ab971ebed57e19,"<svg xmlns=""http://www.w3.org/2000/svg"" viewBox=""0.0 0.0 200.0 200.0"" height=""200.0px"" width=""200.0px""><path fill=""currentColor"" fill-opacity=""1.0""  filling=""0"" d=""M157.08999633789062 13.066001892089844 L43.59400177001953 13.066001892089844 C38.827999114990234 13.066001892089844 34.97999572753906 16.91400146484375 34.97999572753906 21.68000030517578 L34.97999572753906 187.30499267578125 L165.468994140625 187.30499267578125 L165.468994140625 21.44499969482422 C165.468994140625 16.816001892089844 161.718994140625 13.066001892089844 157.08999633789062 13.066001892089844 Z M158.51600646972656 42.597999572753906 L158.51600646972656 65.93800354003906 L41.91400146484375 65.93800354003906 L41.91400146484375 42.597999572753906 L158.51600646972656 42.597999572753906 Z M41.91400146484375 103.37899780273438 L41.91400146484375 84.66799926757812 L158.51600646972656 84.66799926757812 L158.51600646972656 103.37899780273438 L41.91400146484375 103.37899780273438 Z M158.51600646972656 122.10900115966797 L158.51600646972656 140.82000732421875 L41.91400146484375 140.82000732421875 L41.91400146484375 122.10900115966797 L158.51600646972656 122.10900115966797 Z M41.91400146484375 180.58599853515625 L41.91400146484375 159.57000732421875 L158.51600646972656 159.57000732421875 L158.51600646972656 180.58599853515625 L41.91400146484375 180.58599853515625 Z""></path></svg>"
337ef2a9-d933-4e5e-9f79-785fc00a6a2d,"<svg fill=""none"" height=""128"" viewBox=""0 0 128 128"" width=""128"" xmlns=""http://www.w3.org/2000/svg"" xmlns:xlink=""http://www.w3.org/1999/xlink""><clipPath id=""a""><path d=""m0 0h128v128h-128z""/></clipPath><path d=""m0 0h128v128h-128z"" fill=""none""/><g clip-path=""url(#a)""><path d=""m37.91 77.63c.69.82 3.03 2.34 6.87 2.34 3.83 0 6.18-1.52 6.87-2.34 3.21-3.71 6.9-5.65 10.7-5.65h3.24c3.8 0 7.5 1.94 10.71 5.65.72.82 3.07 2.34 6.87 2.34 3.83 0 6.18-1.52 6.9-2.34 2.97-3.45 6.35-5.3 9.88-5.56l-22.58-20.16 3.59-3.19c.72-.65 1.65-.86 2.52-.65l20.09 5.4c5.18 1.38 10.29-2.76 11.39-9.24 1.11-6.47-2.17-12.86-7.38-14.24l-20.06-5.39c-6.15-1.64-12.6.04-17.71 4.57l-16.02 14.33c-2.07 1.81-3.87 4.1-5.32 6.73l-13.74 24.51c1.11.78 2.18 1.73 3.18 2.89m86.86 10.36h-3.18c-5.21 0-9.18-2.11-11.22-4.49-1.79-2.07-3.93-3.53-6.35-3.53h-3.28c-2.42 0-4.56 1.46-6.35 3.53-2.04 2.38-6.01 4.49-11.22 4.49-5.18 0-9.15-2.11-11.19-4.49-1.79-2.07-3.93-3.53-6.39-3.53h-3.24c-2.42 0-4.56 1.46-6.35 3.53-2.07 2.38-6.01 4.49-11.22 4.49-5.22 0-9.15-2.11-11.22-4.49-1.76-2.07-3.94-3.53-6.36-3.53h-3.24c-2.42 0-4.59 1.46-6.35 3.53-2.07 2.38-6.01 4.49-11.22 4.49h-3.21c-1.76 0-3.18 1.77-3.18 3.97v8.03c0 2.2 1.42 3.97 3.18 3.97h3.21c7.73 0 14.53-3.02 19.19-7.94 4.66 4.92 11.46 7.94 19.2 7.94 7.73 0 14.53-3.02 19.19-7.94 4.66 4.92 11.5 7.94 19.2 7.94 7.73 0 14.57-3.02 19.23-7.94 4.62 4.92 11.46 7.94 19.19 7.94h3.18c1.79 0 3.21-1.77 3.21-3.97v-8.03c0-2.2-1.42-3.97-3.21-3.97m-102.4-23.99c8.84 0 16.02-8.98 16.02-20.03 0-11.04-7.18-19.98-16.02-19.98s-15.98 8.94-15.98 19.98c0 11.05 7.14 20.03 15.98 20.03"" fill=""#000000""/></g></svg>"
8c0d9e8e491b1d24d254c51082f98191,"<svg xmlns=""http://www.w3.org/2000/svg"" viewBox=""0.0 0.0 200.0 200.0"" height=""200.0px"" width=""200.0px""><path fill=""#080808"" fill-opacity=""1.0""  filling=""0"" d=""M47.08340072631836 50.0 L47.08340072631836 41.666603088378906 C47.08340072631836 39.16660690307617 45.41660690307617 37.5 42.916603088378906 37.5 C40.41659927368164 37.5 38.75 39.16660690307617 38.75 41.666603088378906 L38.75 52.499996185302734 L45.833396911621094 62.91659927368164 C46.66659927368164 64.16659545898438 47.916603088378906 64.5833969116211 49.166603088378906 64.5833969116211 C50.0 64.5833969116211 50.833396911621094 64.16659545898438 51.66659927368164 63.75 C53.750003814697266 62.5 54.166603088378906 60.000003814697266 52.916603088378906 57.91659927368164 L47.08340072631836 50.0 Z""></path>
<path fill=""#080808"" fill-opacity=""1.0""  filling=""0"" d=""M158.75 110.4166030883789 C157.08340454101562 102.5 152.91659545898438 97.9166030883789 146.66659545898438 97.5 C144.58340454101562 97.5 142.5 97.5 140.41659545898438 98.3333969116211 C138.75 92.5 133.75 88.3333969116211 127.5 88.3333969116211 C124.5833969116211 88.3333969116211 121.66659545898438 89.16659545898438 119.58340454101562 90.8333969116211 C117.0833969116211 87.5 112.9166030883789 85.0 108.75 85.0 C107.08340454101562 85.0 104.99999237060547 85.4166030883789 103.33340454101562 86.25 L103.33340454101562 70.8333969116211 C112.9166030883789 65.8333969116211 118.75 55.83340072631836 118.75 45.0 C118.75 28.75 105.8333969116211 15.833404541015625 89.5833969116211 15.833404541015625 C77.0833969116211 15.833404541015625 66.6666030883789 23.75 62.5 34.583404541015625 C57.91659927368164 28.75 50.833396911621094 25.0 42.916603088378906 25.0 C28.75 25.0 16.666603088378906 36.666603088378906 16.666603088378906 51.25 C16.666603088378906 65.8333969116211 28.333404541015625 77.5 42.916603088378906 77.5 C53.333396911621094 77.5 62.5 71.25 66.6666030883789 62.5 C69.1666030883789 65.8333969116211 72.5 68.75 76.66659545898438 70.8333969116211 L76.66659545898438 104.99999237060547 L66.6666030883789 107.9166030883789 C58.749996185302734 110.0 52.916603088378906 117.5 52.916603088378906 125.83340454101562 C52.916603088378906 133.33340454101562 52.916603088378906 138.75 53.333396911621094 142.5 C55.0 157.5 63.333396911621094 168.75 69.5833969116211 177.5 C73.33340454101562 182.5 76.66659545898438 187.08340454101562 76.66659545898438 190.0 L85.0 190.0 C85.0 184.58340454101562 81.25 179.16659545898438 76.25 172.91659545898438 C70.41659545898438 165.0 62.91659927368164 154.58338928222656 61.666603088378906 142.08338928222656 C61.25 138.75 61.25 133.33340454101562 61.25 126.25 C61.25 121.66659545898438 64.5833969116211 117.5 68.75 116.25 L76.66659545898438 114.1666030883789 L76.66659545898438 139.58340454101562 L85.0 139.58340454101562 L85.0 48.33339309692383 C85.0 45.41660690307617 87.5 42.916603088378906 90.4166030883789 42.916603088378906 C93.3333969116211 42.916603088378906 95.8333969116211 45.41660690307617 95.8333969116211 48.33339309692383 L95.8333969116211 117.91659545898438 L104.1666030883789 117.91659545898438 L104.1666030883789 98.75 C104.1666030883789 95.8333969116211 106.6666030883789 93.3333969116211 109.58340454101562 93.3333969116211 C112.5 93.3333969116211 115.0 95.8333969116211 115.0 98.75 L115.0 117.91659545898438 L123.3333969116211 117.91659545898438 L123.3333969116211 102.0833969116211 C123.3333969116211 99.1666030883789 125.83340454101562 96.6666030883789 128.75 96.6666030883789 C131.66659545898438 96.6666030883789 134.16659545898438 99.1666030883789 134.16659545898438 102.0833969116211 L134.16659545898438 120.8333969116211 L142.5 120.8333969116211 L142.5 107.50000762939453 C143.75 106.6666030883789 145.41661071777344 106.25 147.5 106.25 C148.75 106.25 150.83340454101562 106.6666030883789 152.08340454101562 112.5 C157.91661071777344 140.83340454101562 150.41659545898438 165.41659545898438 146.25 178.75 C144.58340454101562 184.16659545898438 143.75 187.5 143.75 190.0 L152.08340454101562 190.0 C152.08340454101562 188.75 153.33340454101562 185.0 154.16659545898438 181.25 C157.08340454101562 166.66659545898438 165.0 140.41659545898438 158.75 110.4166030883789 Z M42.916603088378906 69.1666030883789 C33.333396911621094 69.1666030883789 25.0 61.25 25.0 51.25 C25.0 41.250003814697266 33.333396911621094 33.333396911621094 42.916603088378906 33.333396911621094 C52.499996185302734 33.333396911621094 60.83340072631836 41.250003814697266 60.83340072631836 51.25 C60.83340072631836 61.25 52.916603088378906 69.1666030883789 42.916603088378906 69.1666030883789 Z M90.0 34.583404541015625 C82.5 34.583404541015625 76.25 40.83340072631836 76.25 48.33339309692383 L76.25 60.83340072631836 C71.6666030883789 57.083396911621094 69.1666030883789 51.25 69.1666030883789 45.0 C69.1666030883789 33.333396911621094 78.3333969116211 24.166603088378906 90.0 24.166603088378906 C101.6666030883789 24.166603088378906 110.8333969116211 33.333396911621094 110.8333969116211 45.0 C110.8333969116211 51.25 107.9166030883789 57.083396911621094 103.75 60.83340072631836 L103.75 48.33339309692383 C103.75 40.83340072631836 97.5 34.583404541015625 90.0 34.583404541015625 Z""></path></svg>"
d52c96d48100ec4c181562ed38706c06,"<svg xmlns=""http://www.w3.org/2000/svg"" viewBox=""0.0 0.0 200.0 200.0"" height=""200.0px"" width=""200.0px""><path fill=""#000000"" fill-opacity=""1.0""  filling=""0"" d=""M47.83574295043945 175.71426391601562 L149.3572235107422 175.71426391601562 C166.9357452392578 175.71426391601562 175.6427764892578 167.01425170898438 175.6427764892578 149.771484375 L175.6427764892578 47.56425476074219 C175.6427764892578 30.321487426757812 166.9357452392578 21.6142578125 149.3572235107422 21.6142578125 L47.83574295043945 21.6142578125 C30.335739135742188 21.6142578125 21.550003051757812 30.235740661621094 21.550003051757812 47.56425476074219 L21.550003051757812 149.771484375 C21.550003051757812 167.0927734375 30.335739135742188 175.7214813232422 47.83574295043945 175.7214813232422 L47.83574295043945 175.71426391601562 Z M48.0 162.24276733398438 C39.628517150878906 162.24276733398438 35.02851867675781 157.80723571777344 35.02851867675781 149.10000610351562 L35.02851867675781 48.23573684692383 C35.02851867675781 39.52851104736328 39.628517150878906 35.0927734375 48.0 35.0927734375 L149.1999969482422 35.0927734375 C157.48574829101562 35.0927734375 162.17147827148438 39.52851104736328 162.17147827148438 48.23573684692383 L162.17147827148438 149.10000610351562 C162.17147827148438 157.80723571777344 157.48574829101562 162.24276733398438 149.1999969482422 162.24276733398438 L48.0 162.24276733398438 Z""></path>
<path fill=""#000000"" fill-opacity=""1.0""  filling=""0"" d=""M59.464256286621094 132.3572235107422 L88.5142593383789 132.3572235107422 C91.52851867675781 132.3572235107422 93.28573608398438 130.4285125732422 93.28573608398438 127.5 C93.28573608398438 124.32148742675781 91.44277954101562 122.57147979736328 88.5142593383789 122.57147979736328 L68.67851257324219 122.57147979736328 L68.67851257324219 121.89277648925781 L80.89276885986328 106.4072265625 C89.26425170898438 96.02851104736328 92.02851867675781 89.83574676513672 92.02851867675781 82.47148132324219 C92.02851867675781 71.1714859008789 84.3285140991211 62.97148513793945 72.77851867675781 62.97148513793945 C62.06425857543945 62.97148513793945 53.94277572631836 71.8427734375 53.94277572631836 80.54277038574219 C53.94277572631836 83.64277648925781 55.78573989868164 85.82148742675781 58.96426010131836 85.82148742675781 C61.728511810302734 85.82148742675781 63.400001525878906 84.56425476074219 64.32148742675781 81.80000305175781 C65.8285140991211 76.1927719116211 67.92147827148438 72.67852020263672 72.69277954101562 72.67852020263672 C77.80000305175781 72.67852020263672 80.56426239013672 77.10722351074219 80.56426239013672 83.05722045898438 C80.56426239013672 89.75 75.95722961425781 96.5357437133789 71.521484375 102.22850799560547 L56.95000457763672 120.8072280883789 C55.3642578125 122.81426239013672 53.85722351074219 124.9072265625 53.85722351074219 127.50721740722656 C53.85722351074219 130.35000610351562 55.69999694824219 132.3642578125 59.464256286621094 132.3642578125 L59.464256286621094 132.3572235107422 Z M123.75 134.1142578125 C140.4072265625 134.1142578125 145.35000610351562 115.3642578125 145.35000610351562 98.54277038574219 C145.35000610351562 81.71426391601562 140.4072265625 62.97148513793945 123.75 62.97148513793945 C107.0142593383789 62.97148513793945 102.07148742675781 81.71426391601562 102.07148742675781 98.54277038574219 C102.07148742675781 115.3642578125 107.0142593383789 134.1142578125 123.75 134.1142578125 Z M123.75 124.1572265625 C116.89277648925781 124.1572265625 114.29277801513672 113.021484375 114.29277801513672 98.54277038574219 C114.29277801513672 83.97148132324219 116.8857421875 72.8427734375 123.75 72.8427734375 C130.6142578125 72.8427734375 133.12850952148438 83.978515625 133.12850952148438 98.54277038574219 C133.12850952148438 113.021484375 130.6142578125 124.1572265625 123.75 124.1572265625 Z""></path></svg>"
2e8f72965f63940764ff38841b0a9270,"<svg xmlns=""http://www.w3.org/2000/svg"" viewBox=""0.0 0.0 200.0 200.0"" height=""200.0px"" width=""200.0px""><path fill="""" fill-opacity=""1.0""  filling=""0"" d=""M170.79998779296875 200.0 L29.199996948242188 200.0 C13.0 200.0 0.0 187.0 0.0 170.79998779296875 L0.0 29.199996948242188 C0.0 13.0 13.0 0.0 29.199996948242188 0.0 L170.79998779296875 0.0 C187.0 0.0 200.0 13.0 200.0 29.199996948242188 L200.0 170.79998779296875 C200.0 187.0 187.0 200.0 170.79998779296875 200.0 Z M29.199996948242188 16.599998474121094 C22.199996948242188 16.599998474121094 16.599998474121094 22.0 16.599998474121094 29.199996948242188 L16.599998474121094 170.79998779296875 C16.599998474121094 177.8000030517578 22.0 183.39999389648438 29.199996948242188 183.39999389648438 L170.79998779296875 183.39999389648438 C177.8000030517578 183.39999389648438 183.39999389648438 178.0 183.39999389648438 170.79998779296875 L183.39999389648438 29.199996948242188 C183.39999389648438 22.199996948242188 178.0 16.599998474121094 170.79998779296875 16.599998474121094 L29.199996948242188 16.599998474121094 Z M150.39999389648438 60.79999923706055 L142.0 60.79999923706055 C138.60000610351562 53.20000076293945 131.60000610351562 48.20000076293945 122.80000305175781 48.20000076293945 C114.0 48.20000076293945 107.00000762939453 53.20000076293945 103.5999984741211 60.79999923706055 L49.599998474121094 60.79999923706055 C45.0 60.79999923706055 41.60000228881836 64.60000610351562 41.60000228881836 68.80000305175781 L41.60000228881836 69.19999694824219 C41.60000228881836 73.79999542236328 45.400001525878906 77.19999694824219 49.599998474121094 77.19999694824219 L103.79999542236328 77.19999694824219 C107.20000457763672 84.80000305175781 114.19999694824219 89.80000305175781 123.0 89.80000305175781 C131.79998779296875 89.80000305175781 138.8000030517578 84.80000305175781 142.20001220703125 77.19999694824219 L150.60000610351562 77.19999694824219 C155.20001220703125 77.19999694824219 158.60000610351562 73.4000015258789 158.60000610351562 69.19999694824219 L158.60000610351562 68.80000305175781 C158.39999389648438 64.60000610351562 154.60000610351562 60.79999923706055 150.39999389648438 60.79999923706055 Z M150.39999389648438 123.39999389648438 L96.20000457763672 123.39999389648438 C92.79999542236328 115.80000305175781 85.79999542236328 110.80000305175781 77.0 110.80000305175781 C68.19999694824219 110.80000305175781 61.19999694824219 115.80000305175781 57.79999923706055 123.39999389648438 L49.399993896484375 123.39999389648438 C44.80000305175781 123.39999389648438 41.400001525878906 127.19999694824219 41.400001525878906 131.39999389648438 L41.400001525878906 131.79998779296875 C41.400001525878906 136.39999389648438 45.20000076293945 139.8000030517578 49.399993896484375 139.8000030517578 L58.0 139.8000030517578 C61.400001525878906 147.39999389648438 68.4000015258789 152.40000915527344 77.19999694824219 152.40000915527344 C86.0 152.40000915527344 93.0 147.39999389648438 96.4000015258789 139.8000030517578 L150.60000610351562 139.8000030517578 C155.20001220703125 139.8000030517578 158.60000610351562 136.0 158.60000610351562 131.79998779296875 L158.60000610351562 131.39999389648438 C158.39999389648438 127.0 154.60000610351562 123.39999389648438 150.39999389648438 123.39999389648438 Z""></path></svg>"
657cf4495538a4c5734128bd415b1256,"<svg height=""128"" viewBox=""0 0 64 64"" width=""128"" xmlns=""http://www.w3.org/2000/svg""><circle cx=""32"" cy=""32"" fill=""#e0995e"" r=""32""/><path d=""m47 49c0 2.2-1.8 4-4 4h-22c-2.2 0-4-1.8-4-4v-32c0-2.2 1.8-4 4-4h22c2.2 0 4 1.8 4 4z"" fill=""#231f20"" opacity="".2""/><path d=""m21 49.5c-1.4 0-2.5-1.1-2.5-2.5v-32c0-1.4 1.1-2.5 2.5-2.5h22c1.4 0 2.5 1.1 2.5 2.5v32c0 1.4-1.1 2.5-2.5 2.5z"" fill=""#4f5d73""/><g fill=""#ffffff""><path d=""m43 14c.6 0 1 .4 1 1v32c0 .6-.4 1-1 1h-22c-.6 0-1-.4-1-1v-32c0-.6.4-1 1-1zm0-3h-22c-2.2 0-4 1.8-4 4v32c0 2.2 1.8 4 4 4h22c2.2 0 4-1.8 4-4v-32c0-2.2-1.8-4-4-4z""/><path d=""m45 48.5v-36h-20.3l15.3 37c1.6-.4 3.3-.7 5-1z"" opacity="".2""/><path d=""m45 50h-25l-1-7h26z""/></g><circle cx=""32"" cy=""47"" fill=""#e0e0d1"" r=""2""/></svg>"
d31eddc34316ae6f635e74dc1f04feb2,"<svg xmlns=""http://www.w3.org/2000/svg"" viewBox=""0.0 0.0 200.0 200.0"" height=""200.0px"" width=""200.0px""><path fill=""#000000"" fill-opacity=""1.0""  filling=""0"" d=""M125.0 33.333396911621094 L41.666603088378906 33.333396911621094 L41.666603088378906 166.66659545898438 L158.33340454101562 166.66659545898438 L158.33340454101562 66.6666030883789 L125.0 66.6666030883789 L125.0 33.333396911621094 Z M25.0 24.933395385742188 C25.0 20.366600036621094 28.725006103515625 16.666603088378906 33.31659698486328 16.666603088378906 L133.33340454101562 16.666603088378906 L175.0 58.333396911621094 L175.0 174.9333953857422 A8.333398818969727 8.333398818969727 0.0 0 1 166.72500610351562 183.33340454101562 L33.274993896484375 183.33340454101562 A8.333398818969727 8.333398818969727 0.0 0 1 25.0 175.0666046142578 L25.0 24.933395385742188 Z M147.1416015625 100.0 L117.67499542236328 129.46661376953125 L105.89159393310547 117.67499542236328 L123.56660461425781 100.0 L105.9000015258789 82.32499694824219 L117.67499542236328 70.53340148925781 L147.1416015625 100.0 Z M52.8583984375 100.0 L82.3333969116211 70.53340148925781 L94.11660766601562 82.32499694824219 L76.43339538574219 100.0 L94.0999984741211 117.67499542236328 L82.32499694824219 129.46661376953125 L52.8583984375 100.0 Z""></path></svg>"
6b127567fec1707f59ee0e4def0683e7,"<svg xmlns=""http://www.w3.org/2000/svg"" viewBox=""0.0 0.0 200.0 200.0"" height=""200.0px"" width=""200.0px""><path fill="""" fill-opacity=""1.0""  filling=""0"" d=""M169.59588623046875 65.39999389648438 L163.7041015625 59.508399963378906 L189.625 33.5791015625 L163.7041015625 7.6584014892578125 L169.59588623046875 1.7666015625 L198.46249389648438 30.633399963378906 A4.162499904632568 4.162499904632568 0.0 0 1 198.46249389648438 36.52499771118164 L169.59588623046875 65.39999389648438 Z M195.58749389648438 199.4541015625 L27.67499542236328 199.4541015625 A27.700000762939453 27.700000762939453 0.0 0 1 0.0 171.78750610351562 L0.0 57.09159851074219 A27.7041015625 27.7041015625 0.0 0 1 27.67499542236328 29.4208984375 L195.83340454101562 29.4208984375 L195.83340454101562 37.75410079956055 L27.67499542236328 37.75410079956055 A19.36250114440918 19.36250114440918 0.0 0 0 8.333396911621094 57.09159851074219 L8.333396911621094 171.7834014892578 A19.36250114440918 19.36250114440918 0.0 0 0 27.67499542236328 191.1208953857422 L195.58749389648438 191.1208953857422 L195.58749389648438 199.4541015625 Z""></path></svg>"
9808ce0a0eae297abea282c15eaeb657,"<svg xmlns=""http://www.w3.org/2000/svg"" viewBox=""0.0 0.0 200.0 200.0"" height=""200.0px"" width=""200.0px""><path fill=""#3E2AD1"" fill-opacity=""1.0""  filling=""0"" d=""M144.66659545898438 160.0 L91.33340454101562 160.0 C87.3333969116211 160.0 84.6666030883789 157.33340454101562 84.6666030883789 153.33340454101562 C84.6666030883789 149.33338928222656 87.3333969116211 146.66659545898438 91.33340454101562 146.66659545898438 L144.66659545898438 146.66659545898438 C156.0 146.66659545898438 164.66659545898438 138.0 164.66659545898438 126.6666030883789 C164.66659545898438 117.33340454101562 158.0 109.3333969116211 149.33338928222656 107.3333969116211 C146.0 106.6666030883789 144.0 103.33340454101562 144.0 100.0 C144.66659545898438 97.3333969116211 144.66659545898438 95.3333969116211 144.66659545898438 93.3333969116211 C144.66659545898438 71.3333969116211 126.6666030883789 53.333396911621094 104.6666030883789 53.333396911621094 C87.3333969116211 53.333396911621094 71.3333969116211 65.3333969116211 66.0 82.0 C66.0 84.6666030883789 63.333396911621094 86.6666030883789 60.666603088378906 86.6666030883789 C44.66659927368164 87.3333969116211 32.0 100.6666030883789 32.0 116.6666030883789 C32.0 133.33340454101562 45.333396911621094 146.66659545898438 62.0 146.66659545898438 C66.0 146.66659545898438 68.6666030883789 149.33338928222656 68.6666030883789 153.33340454101562 C68.6666030883789 157.33340454101562 66.0 160.0 62.0 160.0 C38.0 160.0 18.666603088378906 140.66659545898438 18.666603088378906 116.6666030883789 C18.666603088378906 94.6666030883789 34.666595458984375 76.66659545898438 56.0 74.0 C64.0 54.000003814697266 84.0 39.999996185302734 105.3333969116211 39.999996185302734 C134.66659545898438 39.999996185302734 158.66659545898438 64.0 158.66659545898438 93.3333969116211 L158.66659545898438 96.0 C170.66659545898438 101.33340454101562 178.66659545898438 113.33340454101562 178.66659545898438 126.6666030883789 C178.0 145.33340454101562 163.33340454101562 160.0 144.66659545898438 160.0 Z""></path></svg>"
d72fbbaa676efc3bbf4acd6755764b2b,"<svg xmlns=""http://www.w3.org/2000/svg"" viewBox=""0.0 0.0 200.0 200.0"" height=""200.0px"" width=""200.0px""><path fill=""#2E343D"" fill-opacity=""1.0""  filling=""0"" d=""M53.150001525878906 92.14399719238281 L53.125 90.625 A3.125 3.125 0.0 0 1 56.25 87.5 L62.5 87.5 A3.125 3.125 0.0 0 1 65.57499694824219 90.06199645996094 L65.625 90.625 A34.375 34.375 0.0 0 0 134.35000610351562 92.00599670410156 L134.375 90.625 A3.125 3.125 0.0 0 1 137.5 87.5 L143.75 87.5 A3.125 3.125 0.0 0 1 146.8249969482422 90.06199645996094 L146.875 90.625 A46.88100051879883 46.88100051879883 0.0 0 1 106.25599670410156 137.08700561523438 L106.25 143.75 L115.625 143.75 A3.125 3.125 0.0 0 1 118.75 146.875 L118.75 153.125 A3.125 3.125 0.0 0 1 115.625 156.25 L84.375 156.25 A3.125 3.125 0.0 0 1 81.25 153.125 L81.25 146.875 A3.125 3.125 0.0 0 1 84.375 143.75 L93.75 143.75 L93.75 137.08700561523438 A46.88800048828125 46.88800048828125 0.0 0 1 53.150001525878906 92.14399719238281 Z M100.0 43.75 A25.0 25.0 0.0 0 1 124.96900177001953 67.5 L125.0 68.75 L125.0 100.0 A6.25 6.25 0.0 0 1 112.5 100.0 L112.5 68.75 A12.5 12.5 0.0 0 0 87.53099822998047 67.81199645996094 L87.5 68.75 L87.5 100.0 A6.25 6.25 0.0 0 1 75.0 100.0 L75.0 68.75 A25.0 25.0 0.0 0 1 100.0 43.75 Z""></path></svg>"
a49b3a98c180316bcd85a897c4c2d332,"<svg xmlns=""http://www.w3.org/2000/svg"" viewBox=""0.0 0.0 200.0 200.0"" height=""200.0px"" width=""200.0px""><path fill=""#666666"" fill-opacity=""1.0""  filling=""0"" d=""M146.093994140625 100.0 C149.54600524902344 100.0 152.343994140625 102.7979965209961 152.343994140625 106.25 L152.343994140625 125.78099822998047 C152.343994140625 129.23300170898438 149.54600524902344 132.031005859375 146.093994140625 132.031005859375 L142.5780029296875 132.031005859375 L142.5780029296875 137.5 L168.35899353027344 137.5 L168.35899353027344 155.468994140625 L171.875 155.468994140625 C175.32699584960938 155.468994140625 178.125 158.26699829101562 178.125 161.718994140625 L178.125 181.25 C178.125 184.70199584960938 175.32699584960938 187.5 171.875 187.5 L152.343994140625 187.5 C148.89199829101562 187.5 146.093994140625 184.70199584960938 146.093994140625 181.25 L146.093994140625 161.718994140625 C146.093994140625 158.26699829101562 148.89199829101562 155.468994140625 152.343994140625 155.468994140625 L155.85899353027344 155.468994140625 L155.85899353027344 150.0 L116.7969970703125 150.0 L116.7969970703125 155.468994140625 L120.31199645996094 155.468994140625 C123.76399993896484 155.468994140625 126.56199645996094 158.26699829101562 126.56199645996094 161.718994140625 L126.56199645996094 181.25 C126.56199645996094 184.70199584960938 123.76399993896484 187.5 120.31199645996094 187.5 L100.78099822998047 187.5 C97.3290023803711 187.5 94.53099822998047 184.70199584960938 94.53099822998047 181.25 L94.53099822998047 161.718994140625 C94.53099822998047 158.26699829101562 97.3290023803711 155.468994140625 100.78099822998047 155.468994140625 L104.2969970703125 155.468994140625 L104.2969970703125 137.5 L130.0780029296875 137.5 L130.0780029296875 132.031005859375 L126.56199645996094 132.031005859375 C123.11100006103516 132.031005859375 120.31199645996094 129.23300170898438 120.31199645996094 125.78099822998047 L120.31199645996094 106.25 C120.31199645996094 102.7979965209961 123.11100006103516 100.0 126.56199645996094 100.0 L146.093994140625 100.0 Z M172.26600646972656 21.875 C175.5019989013672 21.875 178.125 24.498001098632812 178.125 27.73400115966797 L178.125 98.0469970703125 C171.2209930419922 98.0469970703125 165.625 92.44999694824219 165.625 85.5469970703125 L165.625 34.375 L34.375 34.375 L34.375 165.625 L56.64099884033203 165.625 C63.474998474121094 165.625 69.02899932861328 171.11000061035156 69.13899993896484 177.91799926757812 L69.14099884033203 178.125 L27.73400115966797 178.125 C24.498001098632812 178.125 21.875 175.5019989013672 21.875 172.26600646972656 L21.875 27.73400115966797 C21.875 24.498001098632812 24.498001098632812 21.875 27.73400115966797 21.875 L172.26600646972656 21.875 Z M114.06199645996094 167.968994140625 L107.03099822998047 167.968994140625 L107.03099822998047 175.0 L114.06199645996094 175.0 L114.06199645996094 167.968994140625 Z M165.625 167.968994140625 L158.593994140625 167.968994140625 L158.593994140625 175.0 L165.625 175.0 L165.625 167.968994140625 Z M139.843994140625 112.5 L132.81199645996094 112.5 L132.81199645996094 119.53099822998047 L139.843994140625 119.53099822998047 L139.843994140625 112.5 Z M122.26599884033203 79.10199737548828 C122.26599884033203 86.00499725341797 116.66899871826172 91.60199737548828 109.76599884033203 91.60199737548828 L51.172000885009766 91.60199737548828 C51.172000885009766 84.697998046875 56.768001556396484 79.10199737548828 63.672000885009766 79.10199737548828 L122.26599884033203 79.10199737548828 Z M148.8280029296875 50.58599853515625 C148.8280029296875 57.48899841308594 143.23199462890625 63.08599853515625 136.3280029296875 63.08599853515625 L51.172000885009766 63.08599853515625 C51.172000885009766 56.18199920654297 56.768001556396484 50.58599853515625 63.672000885009766 50.58599853515625 L148.8280029296875 50.58599853515625 Z""></path></svg>"
966cde599200ecd9eb6b13b1d79669f0,"<svg xmlns=""http://www.w3.org/2000/svg"" viewBox=""0.0 0.0 200.0 200.0"" height=""200.0px"" width=""200.0px""><path fill=""currentColor"" fill-opacity=""1.0""  filling=""0"" d=""M179.58999633789062 45.709999084472656 L107.55999755859375 95.19999694824219 C107.55999755859375 95.19999694824219 104.7699966430664 97.20999908447266 104.7699966430664 100.01000213623047 C104.7699966430664 102.80999755859375 107.55999755859375 104.80000305175781 107.55999755859375 104.80000305175781 L179.58999633789062 154.30999755859375 C185.30999755859375 158.11000061035156 190.0 155.3000030517578 190.0 148.0500030517578 L190.0 51.959999084472656 C190.0 44.689998626708984 185.30999755859375 41.880001068115234 179.58999633789062 45.709999084472656 Z M88.83000183105469 45.709999084472656 L16.800003051757812 95.19999694824219 C16.800003051757812 95.19999694824219 14.010002136230469 97.20999908447266 14.010002136230469 100.01000213623047 C14.010002136230469 102.80999755859375 16.800003051757812 104.80000305175781 16.800003051757812 104.80000305175781 L88.83000183105469 154.30999755859375 C94.55000305175781 158.1199951171875 99.23999786376953 155.30999755859375 99.23999786376953 148.05999755859375 L99.23999786376953 51.959999084472656 C99.23999786376953 44.689998626708984 94.55000305175781 41.880001068115234 88.83000183105469 45.709999084472656 Z""></path></svg>"
fbd82d1810836b13f7f4d4f9c2d3955f,"<svg xmlns=""http://www.w3.org/2000/svg"" viewBox=""0.0 0.0 200.0 200.0"" height=""200.0px"" width=""200.0px""><path fill=""#E2A437"" fill-opacity=""1.0""  filling=""0"" d=""M163.6479949951172 154.552001953125 L36.35200119018555 154.552001953125 C36.35200119018555 154.552001953125 3.1800003051757812 0.0019989013671875 99.9990005493164 0.0019989013671875 C196.81399536132812 0.0019989013671875 163.6479949951172 154.552001953125 163.6479949951172 154.552001953125 Z""></path>
<path fill=""#AC92EB"" fill-opacity=""1.0""  filling=""0"" d=""M171.43600463867188 150.92100524902344 L170.72799682617188 150.71299743652344 C160.38900756835938 147.94200134277344 156.8979949951172 145.2689971923828 152.29600524902344 143.5229949951172 C135.96299743652344 137.29800415039062 131.71400451660156 132.8179931640625 130.62899780273438 130.6999969482422 L130.5189971923828 130.46200561523438 L130.38400268554688 111.4990005493164 L99.99800109863281 111.05899810791016 L69.61000061035156 111.4990005493164 L69.4749984741211 130.46200561523438 C69.43900299072266 130.54100036621094 69.40799713134766 130.62100219726562 69.37100219726562 130.6999969482422 C68.28500366210938 132.8179931640625 64.03700256347656 137.29800415039062 47.71099853515625 143.5229949951172 C43.10900115966797 145.2689971923828 39.611000061035156 147.94200134277344 29.272003173828125 150.71299743652344 L28.563995361328125 150.92100524902344 C19.152000427246094 154.03399658203125 12.817001342773438 162.76100158691406 12.817001342773438 172.61199951171875 L12.817001342773438 199.9980010986328 L187.1820068359375 199.9980010986328 L187.1820068359375 172.61199951171875 C187.18299865722656 162.76100158691406 180.8470001220703 154.03399658203125 171.43600463867188 150.92100524902344 Z""></path>
<path fill=""#EAC6BB"" fill-opacity=""1.0""  filling=""0"" d=""M153.73599243164062 74.62799835205078 C153.73599243164062 109.53900146484375 120.447998046875 141.66799926757812 99.99800109863281 141.66799926757812 C79.552001953125 141.66799926757812 46.27000045776367 109.53900146484375 46.27000045776367 74.62799835205078 C46.27000045776367 39.715999603271484 70.3239974975586 16.68199920654297 99.99800109863281 16.68199920654297 C129.677001953125 16.68199920654297 153.73599243164062 39.715999603271484 153.73599243164062 74.62799835205078 Z""></path>
<path fill=""#F6BB42"" fill-opacity=""1.0""  filling=""0"" d=""M112.1719970703125 33.197998046875 L167.38299560546875 70.88700103759766 C162.46400451660156 34.49200439453125 145.74099731445312 0.0019989013671875 99.99800109863281 0.0019989013671875 L112.1719970703125 33.197998046875 Z""></path>
<path fill=""#FFCE54"" fill-opacity=""1.0""  filling=""0"" d=""M103.91699981689453 49.38999938964844 C121.75399780273438 36.56700134277344 137.11000061035156 23.951004028320312 145.00799560546875 17.279998779296875 C134.6439971923828 6.691001892089844 120.12999725341797 0.0019989013671875 99.99800109863281 0.0019989013671875 C46.5880012512207 0.0019989013671875 32.73899841308594 47.04100036621094 31.054000854492188 89.21499633789062 C49.577999114990234 84.23500061035156 74.01599884033203 70.87999725341797 103.91699981689453 49.38999938964844 Z""></path></svg>"
5a3dcd52e490e5355ae5b65c68bd6344,"<svg xmlns=""http://www.w3.org/2000/svg"" viewBox=""0.0 0.0 200.0 200.0"" height=""200.0px"" width=""200.0px""><path fill=""#CFCFCF"" fill-opacity=""1.0""  filling=""0"" d=""M70.48750305175781 198.0625 L18.831253051757812 198.0625 C9.337493896484375 198.0625 0.90625 189.96249389648438 0.90625 180.85000610351562 L0.90625 17.949996948242188 C0.90625 8.84375 9.337493896484375 0.7624969482421875 18.831253051757812 0.7624969482421875 L181.1687469482422 0.7624969482421875 C190.65625 0.7624969482421875 199.09375 8.850006103515625 199.09375 17.949996948242188 L199.09375 116.09375 L183.27499389648438 116.09375 L183.27499389648438 17.949996948242188 C183.27499389648438 16.9375 182.22500610351562 15.925003051757812 181.1687469482422 15.925003051757812 L18.831253051757812 15.925003051757812 C17.775001525878906 15.925003051757812 16.71875 16.943756103515625 16.71875 17.949996948242188 L16.71875 180.85626220703125 C16.71875 181.875 17.775001525878906 182.88125610351562 18.831253051757812 182.88125610351562 L70.48750305175781 182.88125610351562 L70.48750305175781 198.0625 Z M35.693756103515625 38.187503814697266 L139.00624084472656 38.187503814697266 L139.00624084472656 48.306251525878906 L35.693756103515625 48.306251525878906 L35.693756103515625 38.187503814697266 Z M35.693756103515625 69.55624389648438 L113.69999694824219 69.55624389648438 L113.69999694824219 79.66874694824219 L35.693756103515625 79.66874694824219 L35.693756103515625 69.55624389648438 Z M35.693756103515625 99.9124984741211 L79.96249389648438 99.9124984741211 L79.96249389648438 110.0250015258789 L35.693756103515625 110.0250015258789 L35.693756103515625 99.9124984741211 Z M162.1999969482422 101.94375610351562 C162.1999969482422 87.77499389648438 150.6062469482422 75.63749694824219 134.78750610351562 75.63749694824219 C120.03125 75.63749694824219 107.36875915527344 86.76249694824219 107.36875915527344 101.94375610351562 C107.36875915527344 116.09375 118.9625015258789 128.2375030517578 134.78750610351562 128.2375030517578 C149.54998779296875 127.23750305175781 162.1999969482422 116.08749389648438 162.1999969482422 101.94375610351562 M170.63125610351562 136.35000610351562 L165.35000610351562 136.35000610351562 L136.8937530517578 180.85000610351562 L147.4375 142.41249084472656 C147.4375 141.3874969482422 147.4375 140.3874969482422 146.38751220703125 139.375 L136.8937530517578 129.2624969482422 C135.84375 128.2375030517578 133.72500610351562 128.2375030517578 132.6750030517578 129.2624969482422 L123.19375610351562 139.375 C122.14374542236328 140.3874969482422 122.14374542236328 141.3874969482422 122.14374542236328 142.41249084472656 L132.68124389648438 180.85000610351562 L104.21874237060547 136.35000610351562 L98.9437484741211 136.35000610351562 C81.02499389648438 136.35000610351562 81.02499389648438 147.46249389648438 81.02499389648438 162.6437530517578 L81.02499389648438 196.03125 C81.02499389648438 198.0625 82.0687484741211 199.06875610351562 84.1812515258789 199.06875610351562 L185.3937530517578 199.06875610351562 C187.5 199.06875610351562 188.55624389648438 198.0625 188.55624389648438 196.03125 L188.55624389648438 162.6437530517578 C189.59375 147.46875 189.59375 136.35000610351562 170.63125610351562 136.35000610351562""></path></svg>"
248b80b877268e028e2a28237e6634d5,"<svg xmlns=""http://www.w3.org/2000/svg"" viewBox=""0.0 0.0 200.0 200.0"" height=""200.0px"" width=""200.0px""><path fill="""" fill-opacity=""1.0""  filling=""0"" d=""M103.24099731445312 148.2899932861328 C103.24099731445312 124.31199645996094 122.55699920654297 104.99600219726562 146.53500366210938 104.99600219726562 C150.53199768066406 104.99600219726562 154.19500732421875 105.66200256347656 157.85899353027344 106.66100311279297 C156.1929931640625 103.33000183105469 153.86199951171875 100.33300018310547 150.53199768066406 98.33499908447266 C155.52699279785156 98.00199890136719 159.5240020751953 93.6719970703125 159.5240020751953 88.34400177001953 C159.5240020751953 82.68199920654297 155.19400024414062 78.35299682617188 149.5330047607422 78.35299682617188 L138.54299926757812 78.35299682617188 L131.21600341796875 50.04499816894531 C129.88400268554688 45.38199996948242 126.5530014038086 41.71900177001953 121.89099884033203 40.387001037597656 A165.5189971923828 165.5189971923828 0.0 0 0 37.29999923706055 40.387001037597656 C32.97100067138672 41.71900177001953 29.30699920654297 45.38199996948242 27.974998474121094 50.04499816894531 L20.981002807617188 78.35299682617188 L13.320999145507812 78.35299682617188 C7.660003662109375 78.35299682617188 3.3300018310546875 82.68199920654297 3.3300018310546875 88.34400177001953 C3.3300018310546875 92.6729965209961 5.995002746582031 96.33699798583984 9.990997314453125 97.66899871826172 C3.996002197265625 100.9990005493164 0.0 107.66000366210938 0.0 114.98699951171875 L0.0 141.62899780273438 C0.0 147.95700073242188 4.329002380371094 152.9530029296875 9.990997314453125 154.6179962158203 L9.990997314453125 161.61099243164062 C9.990997314453125 165.27499389648438 12.987998962402344 168.27200317382812 16.652000427246094 168.27200317382812 L36.63399887084961 168.27200317382812 C40.297000885009766 168.27200317382812 43.29499816894531 165.27499389648438 43.29499816894531 161.61099243164062 L43.29499816894531 154.9510040283203 L103.90699768066406 154.9510040283203 C103.5739974975586 152.6199951171875 103.24099731445312 150.62100219726562 103.24099731445312 148.2899932861328 Z M26.64299774169922 138.2989959716797 C19.316001892089844 138.2989959716797 13.320999145507812 132.3040008544922 13.320999145507812 124.97799682617188 C13.320999145507812 117.6510009765625 19.316001892089844 111.65599822998047 26.64299774169922 111.65599822998047 C33.970001220703125 111.65599822998047 39.9640007019043 117.6510009765625 39.9640007019043 124.97799682617188 C39.9640007019043 132.3040008544922 33.970001220703125 138.2989959716797 26.64299774169922 138.2989959716797 Z M40.9630012512207 53.375 C53.61899948120117 50.04499816894531 66.60700225830078 48.380001068115234 79.9280014038086 48.380001068115234 C93.25 48.380001068115234 106.23799896240234 50.04499816894531 118.89399719238281 53.375 L126.22000122070312 88.34400177001953 L33.63600158691406 88.34400177001953 L40.9630012512207 53.375 Z M146.53500366210938 114.98699951171875 C128.21800231933594 114.98699951171875 113.23200225830078 129.97300720214844 113.23200225830078 148.2899932861328 C113.23200225830078 166.60699462890625 128.21800231933594 181.593994140625 146.53500366210938 181.593994140625 C164.8520050048828 181.593994140625 179.83900451660156 166.60699462890625 179.83900451660156 148.2899932861328 C179.83900451660156 129.97300720214844 164.8520050048828 114.98699951171875 146.53500366210938 114.98699951171875 Z M126.5530014038086 138.2989959716797 L156.52699279785156 138.2989959716797 L152.52999877929688 132.9709930419922 C150.86500549316406 130.63900756835938 151.197998046875 127.64199829101562 153.5290069580078 125.97699737548828 C155.86000061035156 124.31199645996094 158.85800170898438 124.6449966430664 160.5229949951172 126.97599792480469 L170.51400756835938 140.2969970703125 C171.51300048828125 141.96200561523438 171.8459930419922 143.96099853515625 170.8470001220703 145.62600708007812 C169.84800720214844 147.29100036621094 168.51600646972656 148.2899932861328 166.51800537109375 148.2899932861328 L126.5530014038086 148.2899932861328 C123.88899993896484 148.2899932861328 121.55799865722656 145.95899963378906 121.55799865722656 143.29400634765625 C121.55799865722656 140.6300048828125 123.88899993896484 138.2989959716797 126.5530014038086 138.2989959716797 Z M166.51800537109375 161.61099243164062 L136.54400634765625 161.61099243164062 L140.54100036621094 166.60699462890625 C141.8730010986328 168.60499572753906 142.20599365234375 171.2689971923828 140.54100036621094 172.93499755859375 C139.54200744628906 174.26699829101562 137.8769989013672 174.93299865722656 136.54400634765625 174.93299865722656 C134.87899780273438 174.93299865722656 133.5469970703125 174.26699829101562 132.54800415039062 172.93499755859375 L122.55699920654297 159.61300659179688 C121.55799865722656 157.947998046875 121.2249984741211 155.9499969482422 122.2239990234375 154.28500366210938 C123.2229995727539 152.6199951171875 124.55500030517578 151.6199951171875 126.5530014038086 151.6199951171875 L166.51800537109375 151.6199951171875 C169.1820068359375 151.6199951171875 171.51300048828125 153.95199584960938 171.51300048828125 156.61599731445312 C171.51300048828125 159.27999877929688 169.1820068359375 161.61099243164062 166.51800537109375 161.61099243164062 Z""></path></svg>"
e639072987044eb5206ab4fff71c93b0,"<svg xmlns=""http://www.w3.org/2000/svg"" viewBox=""0.0 0.0 200.0 200.0"" height=""200.0px"" width=""200.0px""><path fill="""" fill-opacity=""1.0""  filling=""0"" d=""M203.16250610351562 158.77090454101562 L44.38339614868164 158.77090454101562 L44.38339614868164 0.0 L203.1584014892578 0.0 L203.1584014892578 158.77090454101562 L203.16250610351562 158.77090454101562 Z M50.55410385131836 152.61248779296875 L196.99591064453125 152.61248779296875 L196.99591064453125 6.1584014892578125 L50.55410385131836 6.1584014892578125 L50.55410385131836 152.61248779296875 Z M158.77090454101562 200.0 L0.0 200.0 L0.0 41.22089767456055 L158.7666015625 41.22089767456055 L158.7666015625 200.0 L158.77090454101562 200.0 Z M6.162498474121094 193.83340454101562 L152.60409545898438 193.83340454101562 L152.60409545898438 47.37910079956055 L6.162498474121094 47.37910079956055 L6.162498474121094 193.83340454101562 Z M197.96249389648438 0.8084030151367188 L202.16250610351562 5.325004577636719 L157.7958984375 46.57499694824219 L153.5959014892578 42.05410385131836 L197.96249389648438 0.8084030151367188 Z M197.95840454101562 153.4208984375 L202.1584014892578 157.9375 L157.78750610351562 199.1875 L153.5915985107422 194.6708984375 L197.95840454101562 153.4208984375 Z M45.383399963378906 153.44158935546875 L49.57500076293945 157.95840454101562 L5.1750030517578125 199.16659545898438 L0.9833984375 194.64590454101562 L45.383399963378906 153.44158935546875 Z M45.375 0.8249969482421875 L49.570892333984375 5.3415985107421875 L5.1708984375 46.54999923706055 L0.9791030883789062 42.02910232543945 L45.375 0.8249969482421875 Z""></path></svg>"
71e844325ba2a61a19a0bbc2bbc1de9d,"<svg xmlns=""http://www.w3.org/2000/svg"" viewBox=""0.0 0.0 200.0 200.0"" height=""200.0px"" width=""200.0px""><path fill=""#00AAC1"" fill-opacity=""1.0""  filling=""0"" d=""M102.5 68.0 C80.5 68.0 62.5 86.0 62.5 108.0 C62.5 130.0 80.5 148.0 102.5 148.0 C124.5 148.0 142.5 130.0 142.5 108.0 C142.5 86.0 124.5 68.0 102.5 68.0 Z M102.5 138.0 C86.0 138.0 72.5 124.5 72.5 108.0 C72.5 91.5 86.0 78.0 102.5 78.0 C119.0 78.0 132.5 91.5 132.5 108.0 C132.5 124.5 119.0 138.0 102.5 138.0 Z M162.5 48.0 L147.5 48.0 L142.5 38.0 C139.5 32.0 138.0 28.0 132.5 28.0 L72.5 28.0 C67.0 28.0 65.0 33.0 62.5 38.0 L57.5 48.0 L42.5 48.0 C31.5 48.0 22.5 57.0 22.5 68.0 L22.5 148.0 C22.5 159.0 31.5 168.0 42.5 168.0 L162.5 168.0 C173.5 168.0 182.5 159.0 182.5 148.0 L182.5 68.0 C182.5 57.0 173.5 48.0 162.5 48.0 Z M172.5 148.0 C172.5 153.5 168.0 158.0 162.5 158.0 L42.5 158.0 C37.0 158.0 32.5 153.5 32.5 148.0 L32.5 68.0 C32.5 62.5 37.0 58.0 42.5 58.0 L62.5 58.0 L67.5 48.0 C71.0 42.0 72.0 38.0 77.5 38.0 L127.5 38.0 C133.0 38.0 134.0 42.0 137.5 48.0 L142.5 58.0 L162.5 58.0 C168.0 58.0 172.5 62.5 172.5 68.0 L172.5 148.0 Z""></path></svg>"
7da29fbc-75f8-4ed4-b41f-391e38c7a16d,"<svg height=""128"" viewBox=""0 0 32 32"" width=""128"" xmlns=""http://www.w3.org/2000/svg""><path d=""m5 22c-2.9 0-5-1.3-5-3v-2c0-1.7 2.1-3 5-3s5 1.3 5 3v2c0 1.7-2.1 3-5 3z""/><path d=""m21.8 10-6.2 13.5c-.1.3-.5.5-.8.5h-9.3c-1.9 0-3.6 1.2-4.2 3l-.4 1.1c-.3.9-.2 1.9.4 2.6.5.9 1.4 1.3 2.4 1.3h10.3c2.2 0 4.3-1.3 5.2-3.3l8.7-18.7z""/><path d=""m28.8 8 2.3-4.9c.4-.7.3-1.5-.1-2.1s-1.1-1-1.8-1h-1.4c-.8 0-1.6.5-2 1.3l-3.1 6.7z""/></svg>"
c5e9178928ddad31d6f93f8dbacce582,"<svg xmlns=""http://www.w3.org/2000/svg"" viewBox=""0.0 0.0 200.0 200.0"" height=""200.0px"" width=""200.0px""><path fill=""#020202"" fill-opacity=""1.0""  filling=""0"" d=""M170.66600036621094 46.25 L153.0 46.25 L153.0 34.58399963378906 L47.0 34.58399963378906 L47.0 46.25 L29.333999633789062 46.25 C23.811996459960938 46.25 19.333999633789062 50.72600173950195 19.333999633789062 56.25 L19.333999633789062 108.25 C19.333999633789062 113.77400207519531 23.811996459960938 118.25 29.333999633789062 118.25 L33.0 118.25 L33.0 94.91600036621094 L47.0 94.91600036621094 L47.0 165.41600036621094 L153.0 165.41600036621094 L153.0 94.91600036621094 L167.0 94.91600036621094 L167.0 118.25 L170.66600036621094 118.25 C176.18800354003906 118.25 180.66600036621094 113.77400207519531 180.66600036621094 108.25 L180.66600036621094 56.25 C180.66600036621094 50.72600173950195 176.18800354003906 46.25 170.66600036621094 46.25 Z M44.66600036621094 67.25 L31.332000732421875 67.25 L31.332000732421875 64.58200073242188 L44.66600036621094 64.58200073242188 L44.66600036621094 67.25 Z M147.0 159.41600036621094 L53.0 159.41600036621094 L53.0 94.91600036621094 L147.0 94.91600036621094 L147.0 159.41600036621094 Z M147.0 58.91600036621094 L53.0 58.91600036621094 L53.0 46.25 L53.0 40.58399963378906 L147.0 40.58399963378906 L147.0 58.91600036621094 Z M131.75 109.91600036621094 L68.25 109.91600036621094 L68.25 105.5 L131.75 105.5 L131.75 109.91600036621094 Z M131.75 125.41600036621094 L68.25 125.41600036621094 L68.25 121.0 L131.75 121.0 L131.75 125.41600036621094 Z M131.75 139.91600036621094 L68.25 139.91600036621094 L68.25 135.5 L131.75 135.5 L131.75 139.91600036621094 Z""></path></svg>"
2fbe1cb2bff400b3d898156570344496,"<svg xmlns=""http://www.w3.org/2000/svg"" viewBox=""0.0 0.0 200.0 200.0"" height=""200.0px"" width=""200.0px""><path fill=""#FFEAE4"" fill-opacity=""1.0""  filling=""0"" d=""M12.5 100.0 A87.5 87.5 0.0 1 0 187.5 100.0 A87.5 87.5 0.0 1 0 12.5 100.0 Z""></path>
<path fill=""#DB1307"" fill-opacity=""1.0""  filling=""0"" d=""M100.0 146.875 C100.0 146.875 50.0 113.5510025024414 50.0 85.93800354003906 C50.0 72.12999725341797 61.542999267578125 60.9379997253418 75.78099822998047 60.9379997253418 C86.90699768066406 60.9379997253418 96.38700103759766 67.77100372314453 100.0 77.34700012207031 C103.61299896240234 67.77100372314453 113.09300231933594 60.9379997253418 124.21900177001953 60.9379997253418 C138.45700073242188 60.9379997253418 150.0 72.12999725341797 150.0 85.93800354003906 C150.0 113.552001953125 100.0 146.875 100.0 146.875 Z""></path>
<path fill=""#FFFFFF"" fill-opacity=""1.0""  filling=""0"" d=""M64.58399963378906 115.93900299072266 A106.4219970703125 106.4219970703125 0.0 0 1 61.84199905395508 112.61900329589844 L75.05000305175781 112.61900329589844 L80.21199798583984 99.32599639892578 C80.77300262451172 97.87999725341797 82.83300018310547 97.92500305175781 83.33100128173828 99.39299774169922 L90.95800018310547 121.8740005493164 L103.33999633789062 86.75299835205078 C103.87899780273438 85.2249984741211 106.06199645996094 85.29399871826172 106.50299835205078 86.85299682617188 L113.79499816894531 112.61900329589844 L138.1580047607422 112.61900329589844 A106.41899871826172 106.41899871826172 0.0 0 1 135.41600036621094 115.93900299072266 L112.53900146484375 115.93900299072266 A1.659999966621399 1.659999966621399 0.0 0 1 110.94200134277344 114.73100280761719 L104.73200225830078 92.78900146484375 L92.49299621582031 127.50499725341797 C91.96900177001953 128.99200439453125 89.86199951171875 128.97900390625 89.3550033569336 127.48699951171875 L81.65399932861328 104.78399658203125 L77.73400115966797 114.87999725341797 A1.659999966621399 1.659999966621399 0.0 0 1 76.18599700927734 115.93900299072266 L64.58399963378906 115.93900299072266 Z""></path></svg>"
c154848399a4f841032152a8fd110853,"<svg xmlns=""http://www.w3.org/2000/svg"" viewBox=""0.0 0.0 200.0 200.0"" height=""200.0px"" width=""200.0px""><path fill=""#CBCBCB"" fill-opacity=""1.0""  filling=""0"" d=""M71.30899810791016 50.25400161743164 L71.30899810791016 152.53900146484375 C71.30899810791016 152.968994140625 71.66000366210938 153.32000732421875 72.08999633789062 153.32000732421875 L127.63700103759766 153.32000732421875 C128.0659942626953 153.32000732421875 128.41799926757812 152.968994140625 128.41799926757812 152.53900146484375 L128.41799926757812 50.25400161743164 C128.41799926757812 49.82400131225586 128.0659942626953 49.472999572753906 127.63700103759766 49.472999572753906 L72.08999633789062 49.472999572753906 C71.66000366210938 49.472999572753906 71.30899810791016 49.82400131225586 71.30899810791016 50.25400161743164 Z""></path>
<path fill=""#7D7D7D"" fill-opacity=""1.0""  filling=""0"" d=""M123.24199676513672 157.87100219726562 L76.50399780273438 157.87100219726562 C71.13300323486328 157.87100219726562 66.7770004272461 153.49600219726562 66.7770004272461 148.14500427246094 L66.7770004272461 54.667999267578125 C66.7770004272461 49.297000885009766 71.1520004272461 44.941001892089844 76.50399780273438 44.941001892089844 L123.24199676513672 44.941001892089844 C128.61300659179688 44.941001892089844 132.968994140625 49.316001892089844 132.968994140625 54.667999267578125 L132.968994140625 148.125 C132.968994140625 153.49600219726562 128.61300659179688 157.87100219726562 123.24199676513672 157.87100219726562 Z M76.50399780273438 54.02299880981445 C76.1520004272461 54.02299880981445 75.85900115966797 54.316001892089844 75.85900115966797 54.667999267578125 L75.85900115966797 148.125 C75.85900115966797 148.4770050048828 76.1520004272461 148.77000427246094 76.50399780273438 148.77000427246094 L123.24199676513672 148.77000427246094 C123.59400177001953 148.77000427246094 123.88700103759766 148.4770050048828 123.88700103759766 148.125 L123.88700103759766 54.667999267578125 C123.88700103759766 54.316001892089844 123.59400177001953 54.02299880981445 123.24199676513672 54.02299880981445 L76.50399780273438 54.02299880981445 Z M36.27000045776367 187.71499633789062 C33.77000427246094 187.71499633789062 31.71900177001953 185.6840057373047 31.71900177001953 183.16400146484375 L31.71900177001953 17.012001037597656 C31.71900177001953 14.512001037597656 33.75 12.46099853515625 36.27000045776367 12.46099853515625 C38.77000045776367 12.46099853515625 40.81999969482422 14.491996765136719 40.81999969482422 17.012001037597656 L40.81999969482422 183.16400146484375 C40.80099868774414 185.6840057373047 38.77000045776367 187.71499633789062 36.27000045776367 187.71499633789062 Z""></path>
<path fill=""#7D7D7D"" fill-opacity=""1.0""  filling=""0"" d=""M163.4770050048828 187.71499633789062 C160.9770050048828 187.71499633789062 158.92599487304688 185.6840057373047 158.92599487304688 183.16400146484375 L158.92599487304688 17.012001037597656 C158.92599487304688 14.512001037597656 160.95700073242188 12.46099853515625 163.4770050048828 12.46099853515625 C165.9770050048828 12.46099853515625 168.02699279785156 14.491996765136719 168.02699279785156 17.012001037597656 L168.02699279785156 183.16400146484375 C168.02699279785156 185.6840057373047 165.99600219726562 187.71499633789062 163.4770050048828 187.71499633789062 Z""></path></svg>"
thesantatitan_deepseek-svg-dataset_0001861,"<svg width=""100"" height=""100"" viewBox=""0 0 100 100"" xmlns=""http://www.w3.org/2000/svg""><rect width=""100"" height=""100"" fill=""#000000""/><defs><linearGradient id=""petalGradient"" x1=""0%"" y1=""0%"" x2=""100%"" y2=""100%""><stop offset=""0%"" style=""stop-color:#FFFFFF;stop-opacity:1""/><stop offset=""100%"" style=""stop-color:#FF0000;stop-opacity:1""/></linearGradient></defs><path d=""M50,50m-18,0a18,18 0 1,1 36,0a18,18 0 1,1-36,0"" fill=""url(#petalGradient)""/><path d=""M50,50m-25,0a25,25 0 1,1 50,0a25,25 0 1,1-50,0"" fill=""url(#petalGradient)""/><circle cx=""50"" cy=""50"" r=""18"" fill=""#FF0000""/><path d=""M50,50m-28,0a28,28 0 1,1 56,0a28,28 0 1,1-56,0"" fill=""url(#petalGradient)""/></svg>"
9dfcadfbe77e3a9d344fa097e4011604,"<svg xmlns=""http://www.w3.org/2000/svg"" viewBox=""0.0 0.0 200.0 200.0"" height=""200.0px"" width=""200.0px""><path fill=""#181818"" fill-opacity=""1.0""  filling=""0"" d=""M186.66900634765625 172.06199645996094 L186.74400329589844 172.0189971923828 L105.49400329589844 22.018997192382812 L105.41899871826172 22.061996459960938 A6.188000202178955 6.188000202178955 0.0 0 0 100.0 18.75 A6.188000202178955 6.188000202178955 0.0 0 0 94.58100128173828 22.061996459960938 L94.50599670410156 22.018997192382812 L13.255996704101562 172.0189971923828 L13.331001281738281 172.06199645996094 A6.11899995803833 6.11899995803833 0.0 0 0 12.5 175.0 A6.25 6.25 0.0 0 0 18.75 181.25 L181.25 181.25 A6.25 6.25 0.0 0 0 187.5 175.0 A6.11899995803833 6.11899995803833 0.0 0 0 186.66900634765625 172.06199645996094 Z""></path>
<path fill=""#FFFFFF"" fill-opacity=""1.0""  filling=""0"" d=""M100.0 156.25 A9.375 9.375 0.0 1 1 100.0 137.5 A9.375 9.375 0.0 0 1 100.0 156.25 Z M93.75 125.0 L106.25 125.0 L106.25 75.0 L93.75 75.0 L93.75 125.0 Z""></path></svg>"
460970e97a0b99580b580b281a8cdfec,"<svg xmlns=""http://www.w3.org/2000/svg"" viewBox=""0.0 0.0 200.0 200.0"" height=""200.0px"" width=""200.0px""><path fill=""currentColor"" fill-opacity=""1.0""  filling=""0"" d=""M68.68299865722656 82.8290023803711 C68.68299865722656 107.41500091552734 99.9020004272461 143.70700073242188 99.9020004272461 143.70700073242188 C99.9020004272461 143.70700073242188 131.1219940185547 107.41500091552734 131.1219940185547 82.8290023803711 C131.1219940185547 64.70600128173828 117.16300201416016 50.04899978637695 99.9020004272461 50.04899978637695 C82.64199829101562 50.04899978637695 68.68299865722656 64.70600128173828 68.68299865722656 82.8290023803711 Z M106.14600372314453 118.73200225830078 L93.65899658203125 118.73200225830078 L93.65899658203125 106.24400329589844 L106.14600372314453 106.24400329589844 L106.14600372314453 118.73200225830078 Z M106.14600372314453 93.75599670410156 L93.65899658203125 93.75599670410156 L93.65899658203125 62.5369987487793 L106.14600372314453 62.5369987487793 L106.14600372314453 93.75599670410156 Z""></path>
<path fill=""currentColor"" fill-opacity=""1.0""  filling=""0"" d=""M37.4630012512207 87.51200103759766 L32.352996826171875 87.51200103759766 C38.22600173950195 55.54100036621094 66.23400115966797 31.317001342773438 99.9020004272461 31.317001342773438 C133.5709991455078 31.317001342773438 161.57899475097656 55.54100036621094 167.45199584960938 87.51200103759766 L180.11700439453125 87.51200103759766 C174.11099243164062 48.611000061035156 140.48800659179688 18.829002380371094 99.9020004272461 18.829002380371094 C59.31700134277344 18.829002380371094 25.694000244140625 48.611000061035156 19.688003540039062 87.51200103759766 L12.487998962402344 87.51200103759766 L24.975997924804688 100.0 L37.4630012512207 87.51200103759766 Z M174.82899475097656 100.0 L162.34100341796875 112.48799896240234 L167.45199584960938 112.48799896240234 C161.57899475097656 144.45899963378906 133.5709991455078 168.68299865722656 99.9020004272461 168.68299865722656 C66.23400115966797 168.68299865722656 38.22600173950195 144.45899963378906 32.352996826171875 112.48799896240234 L19.688003540039062 112.48799896240234 C25.694000244140625 151.38900756835938 59.31700134277344 181.17100524902344 99.9020004272461 181.17100524902344 C140.48800659179688 181.17100524902344 174.11099243164062 151.38900756835938 180.11700439453125 112.48799896240234 L187.31700134277344 112.48799896240234 L174.82899475097656 100.0 Z""></path></svg>"
1c40e611bf221a4887d15aa63dfeab4a,"<svg xmlns=""http://www.w3.org/2000/svg"" viewBox=""0.0 0.0 200.0 200.0"" height=""200.0px"" width=""200.0px""><path fill=""#000000"" fill-opacity=""1.0""  filling=""0"" d=""M175.0 138.21249389648438 A38.125 38.125 0.0 0 1 168.52499389648438 160.21250915527344 L166.9499969482422 162.3000030517578 A25.312501907348633 25.312501907348633 0.0 0 1 154.70001220703125 171.6750030517578 C151.1999969482422 172.97500610351562 149.0 173.3625030517578 143.33749389648438 174.0124969482422 C118.98750305175781 176.28750610351562 92.375 164.91250610351562 66.0875015258789 141.53750610351562 C48.537498474121094 125.88749694824219 35.38750457763672 106.3125 29.0625 86.29999542236328 C26.37499237060547 77.8375015258789 25.0 69.7125015258789 25.0 62.349998474121094 C25.0 53.525001525878906 27.0 45.88750076293945 31.0 40.14999771118164 C34.79999542236328 34.92499542236328 42.025001525878906 30.587501525878906 52.875 26.487503051757812 A12.5 12.5 0.0 0 1 67.5 30.962501525878906 L88.32499694824219 60.4375 A12.5 12.5 0.0 0 1 87.19999694824219 76.23750305175781 L84.48749542236328 79.0 L81.2125015258789 82.17500305175781 A19.125 19.125 0.0 0 0 79.14999389648438 84.55000305175781 C78.86250305175781 88.375 82.95000457763672 96.26250457763672 94.8499984741211 108.44999694824219 L98.4000015258789 111.76249694824219 C109.375 121.88750457763672 112.32499694824219 122.69999694824219 115.69999694824219 120.36249542236328 L116.82499694824219 119.4375 C118.02500915527344 118.52500915527344 121.13749694824219 116.36250305175781 127.80000305175781 111.77500915527344 A12.5 12.5 0.0 0 1 140.6875 111.01249694824219 L143.72500610351562 112.61249542236328 C164.51251220703125 123.7125015258789 174.0 130.3874969482422 174.9250030517578 137.2375030517578 L175.0 138.21249389648438 Z M162.5 138.41250610351562 C162.51251220703125 139.4375 161.0625 137.8625030517578 158.0625 135.6875 C153.67498779296875 132.5124969482422 146.91250610351562 128.4875030517578 137.85000610351562 123.6500015258789 L134.88751220703125 122.07499694824219 L125.03750610351562 128.875 C124.80000305175781 129.02499389648438 124.69999694824219 129.08749389648438 124.73750305175781 129.03750610351562 C113.98750305175781 137.47500610351562 104.73749542236328 135.1125030517578 86.07500457763672 117.3375015258789 C71.75 102.6875 66.07499694824219 91.73750305175781 66.67500305175781 83.6875 C66.96249389648438 79.2750015258789 70.0 75.23750305175781 72.94999694824219 72.8125 C74.19999694824219 71.61250305175781 75.44999694824219 70.38749694824219 76.55000305175781 69.26249694824219 L78.11250305175781 67.63749694824219 L57.30000305175781 38.17499923706055 C48.537498474121094 41.48750305175781 43.11249923706055 44.75 41.17499542236328 47.39999771118164 C38.849998474121094 50.75 37.5 55.900001525878906 37.5 62.349998474121094 C37.5 68.3499984741211 38.67499923706055 75.22500610351562 40.974998474121094 82.53750610351562 C46.59999465942383 100.32499694824219 58.474998474121094 118.01249694824219 74.4000015258789 132.20001220703125 C98.3125 153.47500610351562 121.7249984741211 163.47500610351562 142.0500030517578 161.5749969482422 L145.26251220703125 161.1750030517578 C147.48748779296875 160.8625030517578 148.7375030517578 160.5500030517578 150.3249969482422 159.96249389648438 C153.07501220703125 158.9375 155.22500610351562 157.33749389648438 156.9875030517578 154.77499389648438 C160.32501220703125 150.6999969482422 162.1125030517578 145.47499084472656 162.4375 140.52499389648438 L162.5 138.41250610351562 Z""></path></svg>"
aef27254394502ec4f6ee6a1a33f792d,"<svg xmlns=""http://www.w3.org/2000/svg"" viewBox=""0.0 0.0 200.0 200.0"" height=""200.0px"" width=""200.0px""><path fill=""#666666"" fill-opacity=""1.0""  filling=""0"" d=""M43.75 26.5625 L75.0 26.5625 A17.1875 17.1875 0.0 0 1 92.1875 43.75 L92.1875 75.0 A17.1875 17.1875 0.0 0 1 75.0 92.1875 L43.75 92.1875 A17.1875 17.1875 0.0 0 1 26.5625 75.0 L26.5625 43.75 A17.1875 17.1875 0.0 0 1 43.75 26.5625 Z M43.75 35.9375 C39.437496185302734 35.9375 35.9375 39.437496185302734 35.9375 43.75 L35.9375 75.0 C35.9375 79.3125 39.437496185302734 82.8125 43.75 82.8125 L75.0 82.8125 C79.3125 82.8125 82.8125 79.3125 82.8125 75.0 L82.8125 43.75 C82.8125 39.437496185302734 79.3125 35.9375 75.0 35.9375 L43.75 35.9375 Z M43.75 107.8125 L75.0 107.8125 A17.1875 17.1875 0.0 0 1 92.1875 125.0 L92.1875 156.25 A17.1875 17.1875 0.0 0 1 75.0 173.4375 L43.75 173.4375 A17.1875 17.1875 0.0 0 1 26.5625 156.25 L26.5625 125.0 A17.1875 17.1875 0.0 0 1 43.75 107.8125 Z M43.75 117.1875 C39.437496185302734 117.1875 35.9375 120.6875 35.9375 125.0 L35.9375 156.25 C35.9375 160.5625 39.437496185302734 164.0625 43.75 164.0625 L75.0 164.0625 C79.3125 164.0625 82.8125 160.5625 82.8125 156.25 L82.8125 125.0 C82.8125 120.6875 79.3125 117.1875 75.0 117.1875 L43.75 117.1875 Z M140.625 26.5625 A32.8125 32.8125 0.0 1 1 140.625 92.1875 A32.8125 32.8125 0.0 0 1 140.625 26.5625 Z M140.625 35.9375 A23.4375 23.4375 0.0 1 0 140.625 82.8125 A23.4375 23.4375 0.0 0 0 140.625 35.9375 Z M125.0 107.8125 L156.25 107.8125 A17.1875 17.1875 0.0 0 1 173.4375 125.0 L173.4375 156.25 A17.1875 17.1875 0.0 0 1 156.25 173.4375 L125.0 173.4375 A17.1875 17.1875 0.0 0 1 107.8125 156.25 L107.8125 125.0 A17.1875 17.1875 0.0 0 1 125.0 107.8125 Z M125.0 117.1875 C120.6875 117.1875 117.1875 120.6875 117.1875 125.0 L117.1875 156.25 C117.1875 160.5625 120.6875 164.0625 125.0 164.0625 L156.25 164.0625 C160.5625 164.0625 164.0625 160.5625 164.0625 156.25 L164.0625 125.0 C164.0625 120.6875 160.5625 117.1875 156.25 117.1875 L125.0 117.1875 Z""></path></svg>"
3faa14ab6e4926a2801762d051f6be07,"<svg xmlns=""http://www.w3.org/2000/svg"" viewBox=""0.0 0.0 200.0 200.0"" height=""200.0px"" width=""200.0px""><path fill=""#333333"" fill-opacity=""1.0""  filling=""0"" d=""M22.145004272460938 100.0 A78.125 78.125 0.0 1 0 178.39500427246094 100.0 A78.125 78.125 0.0 1 0 22.145004272460938 100.0 Z""></path>
<path fill=""#FFFFFF"" fill-opacity=""1.0""  filling=""0"" d=""M81.44499969482422 69.2229995727539 A19.5310001373291 21.44499969482422 0.0 1 0 120.50800323486328 69.2229995727539 A19.5310001373291 21.44499969482422 0.0 1 0 81.44499969482422 69.2229995727539 Z""></path>
<path fill=""#FFFFFF"" fill-opacity=""1.0""  filling=""0"" d=""M144.531005859375 124.7030029296875 C144.531005859375 139.64100646972656 125.03099822998047 143.0 100.97699737548828 143.0 C76.9219970703125 143.0 57.422000885009766 139.64100646972656 57.422000885009766 124.7030029296875 C57.422000885009766 109.76599884033203 76.9219970703125 97.65599822998047 100.97699737548828 97.65599822998047 C125.03099822998047 97.65599822998047 144.531005859375 109.76599884033203 144.531005859375 124.7030029296875 Z""></path></svg>"
f94696acd9611124d18e698ea470ec87,"<svg xmlns=""http://www.w3.org/2000/svg"" viewBox=""0.0 0.0 200.0 200.0"" height=""200.0px"" width=""200.0px""><path fill=""currentColor"" fill-opacity=""1.0""  filling=""0"" d=""M155.26199340820312 196.875 A10.425000190734863 10.425000190734863 0.0 0 1 150.31199645996094 195.625 L100.0 168.8000030517578 L49.70000076293945 195.625 A10.725000381469727 10.725000381469727 0.0 0 1 36.66299819946289 193.10000610351562 A10.625 10.625 0.0 0 1 34.31199645996094 184.43800354003906 L43.95000076293945 127.5250015258789 L3.1620025634765625 87.2249984741211 A10.600000381469727 10.600000381469727 0.0 0 1 0.5380020141601562 76.31199645996094 A10.550000190734863 10.550000190734863 0.0 0 1 9.050003051757812 69.11199951171875 L65.32499694824219 60.82500076293945 L90.5 9.087997436523438 C94.07499694824219 1.7249984741210938 105.92500305175781 1.7249984741210938 109.51200103759766 9.087997436523438 L134.6999969482422 60.82500076293945 L190.96299743652344 69.11199951171875 C194.9499969482422 69.69999694824219 198.21200561523438 72.46299743652344 199.47500610351562 76.31199645996094 A10.625 10.625 0.0 0 1 196.85000610351562 87.23799896240234 L156.0749969482422 127.53700256347656 L165.71200561523438 184.46200561523438 A10.625 10.625 0.0 0 1 155.26199340820312 196.875 Z M14.586997985839844 80.93800354003906 L53.4119987487793 119.31199645996094 A10.661999702453613 10.661999702453613 0.0 0 1 56.42499923706055 128.66299438476562 L47.224998474121094 183.03799438476562 L95.05000305175781 157.27499389648438 A10.73799991607666 10.73799991607666 0.0 0 1 104.94999694824219 157.27499389648438 L152.73800659179688 182.75 L143.58799743652344 128.6750030517578 A10.625 10.625 0.0 0 1 146.625 119.28800201416016 L185.4250030517578 80.93800354003906 L131.85000610351562 73.05000305175781 A10.550000190734863 10.550000190734863 0.0 0 1 123.875 67.17500305175781 L100.0 18.125 L76.125 67.18800354003906 A10.574999809265137 10.574999809265137 0.0 0 1 68.1500015258789 73.03700256347656 L14.586997985839844 80.93800354003906 Z""></path></svg>"
thesantatitan_deepseek-svg-dataset_0000834,"<svg xmlns=""http://www.w3.org/2000/svg"" viewBox=""0 0 200 200"" width=""200"" height=""200"">
  <g transform=""translate(100,100)"">
    <circle r=""60"" fill=""#e6f2ff"" stroke=""#3366cc"" stroke-width=""2"" />
    <text x=""-50"" y=""-5"" font-size=""12"" fill=""#333"">
      The Logo for the New Logo
    </text>
    <circle r=""10"" cx=""60"" cy=""-60"" fill=""#e6f2ff"" stroke=""#3366cc"" stroke-width=""1"" opacity=""0.8"" />
    <text x=""50"" y=""-50"" font-size=""8"" fill=""#333"">
      The New Logo
    </text>
    <circle r=""10"" cx=""-60"" cy=""-60"" fill=""#e6f2ff"" stroke=""#3366cc"" stroke-width=""1"" opacity=""0.8"" />
    <text x=""-60"" y=""-50"" font-size=""8"" fill=""#333"">
      New Logo Design
    </text>
    <circle r=""10"" cx=""60"" cy=""60"" fill=""#e6f2ff"" stroke=""#3366cc"" stroke-width=""1"" opacity=""0.8"" />
    <text x=""50"" y=""50"" font-size=""8"" fill=""#333"">
      Recursive Logo
    </text>
    <circle r=""10"" cx=""-60"" cy=""60"" fill=""#e6f2ff"" stroke=""#3366cc"" stroke-width=""1"" opacity=""0.8"" />
    <text x=""-60"" y=""50"" font-size=""8"" fill=""#333"">
      Logoception
    </text>
  </g>
</svg>"
53080b81994859ccab1868b3112d4ecf,"<svg xmlns=""http://www.w3.org/2000/svg"" viewBox=""0.0 0.0 200.0 200.0"" height=""200.0px"" width=""200.0px""><path fill=""currentColor"" fill-opacity=""1.0""  filling=""0"" d=""M99.9020004272461 154.38099670410156 L62.32400131225586 154.38099670410156 C52.854000091552734 154.38099670410156 45.36899948120117 146.89599609375 45.36899948120117 137.4250030517578 L45.36899948120117 68.68499755859375 C45.36899948120117 59.06100082397461 52.854000091552734 51.729000091552734 62.47700119018555 51.729000091552734 L69.65699768066406 51.729000091552734 C72.10099792480469 51.729000091552734 73.62799835205078 53.25699996948242 73.62799835205078 55.39500045776367 C73.62799835205078 57.6870002746582 72.10099792480469 59.2140007019043 69.65699768066406 59.2140007019043 L63.0880012512207 59.2140007019043 C57.28300094604492 59.2140007019043 53.00600051879883 63.18600082397461 53.00600051879883 68.98999786376953 L53.00600051879883 136.9669952392578 C53.00600051879883 142.77200317382812 57.28300094604492 146.7429962158203 63.0880012512207 146.7429962158203 L137.02200317382812 146.7429962158203 C142.82699584960938 146.7429962158203 146.9510040283203 142.77200317382812 146.9510040283203 136.9669952392578 L146.9510040283203 69.14299774169922 C146.9510040283203 63.3390007019043 142.6739959716797 59.2140007019043 136.86900329589844 59.2140007019043 L130.45399475097656 59.2140007019043 C128.00999450683594 59.2140007019043 126.48200225830078 57.6870002746582 126.3290023803711 55.39500045776367 C126.3290023803711 53.104000091552734 127.85700225830078 51.57600021362305 130.30099487304688 51.57600021362305 C133.9669952392578 51.57600021362305 137.78599548339844 51.270999908447266 141.2989959716797 52.03499984741211 C149.08999633789062 53.5620002746582 154.58900451660156 60.43600082397461 154.58900451660156 68.37899780273438 L154.58900451660156 137.27200317382812 C154.58900451660156 146.7429962158203 147.10400390625 154.22799682617188 137.63299560546875 154.22799682617188 C124.03800201416016 154.38099670410156 113.49800109863281 154.38099670410156 99.9020004272461 154.38099670410156 Z""></path>
<path fill=""currentColor"" fill-opacity=""1.0""  filling=""0"" d=""M96.23600006103516 121.69100189208984 L96.23600006103516 119.09400177001953 L96.23600006103516 50.354000091552734 C96.23600006103516 47.29899978637695 97.61100006103516 45.61899948120117 100.20800018310547 45.61899948120117 C102.04100036621094 45.61899948120117 103.41600036621094 46.6879997253418 103.8740005493164 48.67399978637695 C104.0270004272461 49.59000015258789 104.0270004272461 50.50699996948242 104.0270004272461 51.42399978637695 L104.0270004272461 121.69100189208984 C105.2490005493164 120.62200164794922 106.16600036621094 119.85800170898438 107.08200073242188 119.24700164794922 C113.49800109863281 113.9010009765625 119.91300201416016 108.4020004272461 126.48200225830078 103.05500030517578 C128.92599487304688 101.06900024414062 131.06500244140625 101.06900024414062 132.5919952392578 102.9020004272461 C134.1199951171875 104.73500061035156 133.66099548339844 107.0270004272461 131.3699951171875 109.01300048828125 L102.95800018310547 132.84300231933594 C101.1240005493164 134.3699951171875 99.29100036621094 134.3699951171875 97.45800018310547 132.84300231933594 C87.83499908447266 124.74600219726562 78.21099853515625 116.8030014038086 68.58799743652344 108.70700073242188 C67.21299743652344 107.48500061035156 66.4489974975586 106.11000061035156 66.90699768066406 104.2770004272461 C67.36499786376953 102.75 68.43499755859375 101.52799987792969 69.96199798583984 101.52799987792969 C71.18399810791016 101.52799987792969 72.71199798583984 101.98600006103516 73.62799835205078 102.75 C80.50199890136719 108.4020004272461 87.37699890136719 114.05400085449219 94.25 119.85800170898438 C94.70899963378906 120.46900177001953 95.31999969482422 120.9280014038086 96.23600006103516 121.69100189208984 Z""></path></svg>"
a3d61defc645633b80ed8e138723ed53,"<svg xmlns=""http://www.w3.org/2000/svg"" viewBox=""0.0 0.0 200.0 200.0"" height=""200.0px"" width=""200.0px""><path fill=""#7068BA"" fill-opacity=""1.0""  filling=""0"" d=""M154.68800354003906 104.375 L45.3120002746582 104.375 C43.31999969482422 104.375 41.44499969482422 103.47699737548828 40.19499969482422 101.91400146484375 C38.94499969482422 100.37100219726562 38.47700119018555 98.31999969482422 38.90599822998047 96.38700103759766 L56.40599822998047 17.637001037597656 C57.06999969482422 14.628997802734375 59.72700119018555 12.5 62.8120002746582 12.5 L137.18800354003906 12.5 C140.2729949951172 12.5 142.92999267578125 14.628997802734375 143.593994140625 17.637001037597656 L161.093994140625 96.38700103759766 C161.5229949951172 98.33999633789062 161.05499267578125 100.37100219726562 159.80499267578125 101.91400146484375 C158.55499267578125 103.47699737548828 156.67999267578125 104.375 154.68800354003906 104.375 Z M53.49599838256836 91.25 L146.50399780273438 91.25 L131.91400146484375 25.625 L68.06600189208984 25.625 L53.49599838256836 91.25 Z M156.875 187.5 L43.125 187.5 L43.125 170.39100646972656 C43.125 170.17599487304688 43.30099868774414 170.0 43.51599884033203 170.0 L156.46499633789062 170.0 C156.67999267578125 170.0 156.85499572753906 170.17599487304688 156.85499572753906 170.39100646972656 L156.85499572753906 187.5 L156.875 187.5 Z""></path>
<path fill=""#7068BA"" fill-opacity=""1.0""  filling=""0"" d=""M95.625 100.0 L108.75 100.0 L108.75 172.18800354003906 L95.625 172.18800354003906 L95.625 100.0 Z M77.93000030517578 174.375 L65.19499969482422 174.375 C65.0780029296875 174.375 65.0 174.2969970703125 65.0 174.17999267578125 L65.0 161.44500732421875 C65.0 161.3280029296875 65.0780029296875 161.25 65.19499969482422 161.25 L77.93000030517578 161.25 C78.0469970703125 161.25 78.125 161.3280029296875 78.125 161.44500732421875 L78.125 174.17999267578125 C78.125 174.2969970703125 78.0469970703125 174.375 77.93000030517578 174.375 Z""></path></svg>"
ad2cd3935f935daeff53d85105d1247f,"<svg xmlns=""http://www.w3.org/2000/svg"" viewBox=""0.0 0.0 200.0 200.0"" height=""200.0px"" width=""200.0px""><path fill=""#333333"" fill-opacity=""1.0""  filling=""0"" d=""M132.8712921142578 27.831634521484375 C132.5029296875 27.720901489257812 123.734375 25.252342224121094 114.5191421508789 29.674026489257812 A27.10781478881836 27.10781478881836 0.0 0 0 111.08866882324219 31.74140167236328 A19.976171493530273 19.976171493530273 0.0 0 0 111.08535766601562 29.403518676757812 C111.08535766601562 22.917579650878906 108.0494155883789 16.70879364013672 103.0146484375 12.834762573242188 L99.1048812866211 9.7109375 L95.8929672241211 12.929496765136719 C93.02987670898438 15.437110900878906 90.9527359008789 18.782615661621094 89.716796875 22.878318786621094 A17.184961318969727 17.184961318969727 0.0 0 0 88.91133117675781 30.587112426757812 C88.9146499633789 31.0078125 88.9701156616211 31.408782958984375 89.00273132324219 31.819725036621094 A27.335939407348633 27.335939407348633 0.0 0 0 85.4320297241211 29.657814025878906 C76.2591781616211 25.2490234375 67.49374389648438 27.727340698242188 67.12870788574219 27.8349609375 L64.05351257324219 28.731643676757812 L64.89823913574219 31.82305145263672 C64.9927749633789 32.171875 67.3177719116211 40.38612747192383 75.66561889648438 44.93827819824219 C80.7396469116211 47.59589385986328 84.37226104736328 48.763282775878906 88.9048843383789 48.763282775878906 C91.255859375 48.763282775878906 93.8515625 48.44707107543945 97.0082015991211 47.86328125 L99.32987976074219 47.43281555175781 L101.1429672241211 48.763282775878906 L102.47010803222656 47.76874923706055 L103.0146484375 47.866600036621094 C106.28202819824219 48.4501953125 108.9462890625 48.763282775878906 111.33320617675781 48.763282775878906 C115.9505844116211 48.763282775878906 119.52461242675781 47.58613204956055 124.38983917236328 44.90898895263672 C132.685546875 40.3828125 135.01055908203125 32.165435791015625 135.10507202148438 31.81640625 L135.94961547851562 28.725196838378906 L132.8712921142578 27.831634521484375 Z M95.9189453125 24.8935546875 L95.9515609741211 24.799026489257812 C96.72441101074219 22.216400146484375 97.87871551513672 20.15546417236328 99.56132507324219 18.43378448486328 C102.70820617675781 21.1337890625 104.56367492675781 25.1904296875 104.57011413574219 29.595901489257812 C104.81465148925781 33.75996398925781 103.2789077758789 37.839256286621094 100.22655487060547 41.16875076293945 A14.53046989440918 14.53046989440918 0.0 0 1 95.4332046508789 30.38164520263672 L95.40703582763672 29.97734832763672 A10.842382431030273 10.842382431030273 0.0 0 1 95.9189453125 24.8935546875 Z M78.7373046875 39.18925476074219 A16.17070198059082 16.17070198059082 0.0 0 1 72.861328125 33.58711242675781 C75.45039367675781 33.502342224121094 78.99824523925781 33.802345275878906 82.56562805175781 35.514259338378906 C85.9896469116211 37.223045349121094 88.7451171875 39.91659927368164 90.64297485351562 42.17948913574219 C86.015625 42.52519607543945 83.28964233398438 41.57636642456055 78.7373046875 39.18925476074219 Z M121.25605773925781 39.19258117675781 C116.8636703491211 41.60566329956055 114.1962890625 42.53495788574219 109.3570327758789 42.166603088378906 C111.24199676513672 39.91659927368164 113.97772979736328 37.24258041381836 117.3919906616211 35.53398895263672 C120.99198913574219 33.80879211425781 124.57559204101562 33.50566864013672 127.138671875 33.58379364013672 A16.128320693969727 16.128320693969727 0.0 0 1 121.25605773925781 39.19258117675781 Z M65.10038757324219 79.75468444824219 C64.66659545898438 80.3384780883789 54.56113052368164 94.2265625 61.839454650878906 109.5169906616211 L67.7318344116211 106.71249389648438 C62.15898513793945 95.01581573486328 70.00469207763672 84.0982437133789 70.34394836425781 83.63847351074219 L65.10038757324219 79.75468444824219 Z""></path>
<path fill=""#333333"" fill-opacity=""1.0""  filling=""0"" d=""M100.0015640258789 45.50566864013672 C64.63729858398438 45.50566864013672 39.69804763793945 68.5537109375 39.34589767456055 101.55390167236328 C38.95136642456055 134.77578735351562 59.75898361206055 161.7824249267578 72.17655944824219 174.90097045898438 C81.0199203491211 184.39999389648438 89.19511413574219 190.2890625 102.6070327758789 190.2890625 C113.75273132324219 190.2890625 122.93866729736328 185.7009735107422 133.34747314453125 174.923828125 C151.28553771972656 155.96817016601562 160.98672485351562 130.0246124267578 160.65078735351562 101.8539047241211 C159.9660186767578 68.67753601074219 135.02674865722656 45.50566864013672 100.0015640258789 45.50566864013672 Z M128.63221740722656 170.4140625 C119.5962905883789 179.77264404296875 111.81582641601562 183.7673797607422 102.6103515625 183.7673797607422 C92.81465148925781 183.7673797607422 86.10039520263672 180.28475952148438 76.93730163574219 170.44003295898438 C65.1787109375 158.01602172851562 45.502342224121094 132.55508422851562 45.87089920043945 101.62891387939453 C46.1806640625 72.42422485351562 68.439453125 52.03066635131836 100.00489044189453 52.03066635131836 C131.7626953125 52.03066635131836 153.5193328857422 72.10800170898438 154.1355438232422 101.9613265991211 C154.44219970703125 128.40078735351562 145.3800811767578 152.72030639648438 128.63221740722656 170.4140625 Z""></path></svg>"
f6d1ad64-70d5-481f-b013-143d63450b5d,"<svg height=""128"" viewBox=""0 0 128 128"" width=""128"" xmlns=""http://www.w3.org/2000/svg""><path d=""m115.13 62.8c-.93-.98-23.03-24.06-50.85-24.06a57.23 57.23 0 0 0 -19.47 3.6l-12.95-12.95a1.75 1.75 0 0 0 -2.47 2.47l11.87 11.88a90.87 90.87 0 0 0 -27.82 19.06 1.75 1.75 0 0 0 0 2.4c.93.98 23.03 24.06 50.84 24.06a57.01 57.01 0 0 0 19.06-3.45l12.8 12.8a1.75 1.75 0 0 0 2.47-2.47l-11.7-11.71a90.74 90.74 0 0 0 28.22-19.23 1.75 1.75 0 0 0 0-2.4zm-50.85 22.97c-22.75 0-42.14-17.05-47.08-21.77a89.4 89.4 0 0 1 26.77-17.55l5.16 5.15a19.34 19.34 0 0 0 27.24 27.24l4.19 4.19a52.26 52.26 0 0 1 -16.28 2.74zm-10.19-34.15a15.84 15.84 0 0 1 22.27 22.26zm19.79 24.73a15.84 15.84 0 0 1 -22.26-22.26zm10.31 5.36-5.34-5.34a19.34 19.34 0 0 0 -27.25-27.24l-4.01-4.01a52.48 52.48 0 0 1 16.69-2.88c22.75 0 42.15 17.04 47.09 21.76-3.4 3.26-13.67 12.37-27.18 17.71z""/></svg>"
648c48fa335d04ef08ced6789d73e7b6,"<svg xmlns=""http://www.w3.org/2000/svg"" viewBox=""0.0 0.0 200.0 200.0"" height=""200.0px"" width=""200.0px""><path fill=""#040000"" fill-opacity=""1.0""  filling=""0"" d=""M136.0 146.5 L158.0 104.0 C179.5 63.0 148.0 14.5 100.0 14.5 C51.5 14.5 20.5 63.0 41.999996185302734 104.0 L64.0 146.5 C66.5 151.5 72.0 155.0 78.0 155.0 L121.5 155.0 C127.5 155.0 133.0 152.0 136.0 146.5 Z M52.499996185302734 51.0 C62.5 34.5 80.5 25.0 100.0 25.0 C120.0 25.0 138.0 35.0 147.5 51.0 C156.5 66.0 157.0 84.0 149.0 99.5 L139.5 117.0 L112.0 86.0 C109.0 82.5 104.0 80.5 99.5 80.5 C95.0 80.5 90.0 82.5 87.0 86.0 L59.500003814697266 117.0 L50.0 99.5 C42.5 84.0 43.0 66.5 52.499996185302734 51.0 Z M122.0 145.0 L78.5 145.0 C76.5 145.0 74.0 144.0 73.5 142.0 L65.5 127.0 L95.5 93.5 C98.0 90.5 103.0 90.5 105.99999237060547 93.5 L136.0 127.0 L128.0 142.0 C126.0 144.0 124.0 145.0 122.0 145.0 Z M39.0 128.0 C37.0 126.0 34.5 125.0 32.0 125.0 C29.49999237060547 125.0 27.0 126.0 25.0 128.0 L18.0 135.0 C14.0 139.0 14.0 145.5 18.0 149.0 L51.0 182.0 C52.999996185302734 184.0 55.5 185.0 58.0 185.0 C60.5 185.0 63.0 184.0 65.0 182.0 L72.0 175.0 C76.0 171.0 76.0 164.5 72.0 161.0 L39.0 128.0 Z M58.0 175.0 L25.0 142.0 L32.0 135.0 L65.0 168.0 L58.0 175.0 Z""></path>
<path fill=""#040000"" fill-opacity=""1.0""  filling=""0"" d=""M115.0 125.0 L85.0 125.0 C82.5 125.0 80.0 127.5 80.0 130.0 C80.0 132.5 82.5 135.0 85.0 135.0 L115.0 135.0 C117.5 135.0 120.0 132.5 120.0 130.0 C120.0 127.5 117.5 125.0 115.0 125.0 Z M95.0 115.0 L104.99999237060547 115.0 C107.50000762939453 115.0 110.0 113.0 110.0 110.0 C110.0 107.50000762939453 107.50000762939453 104.99999237060547 104.99999237060547 104.99999237060547 L95.0 104.99999237060547 C92.5 104.99999237060547 90.0 107.50000762939453 90.0 110.0 C90.0 112.5 92.0 115.0 95.0 115.0 Z M182.0 135.0 L175.0 128.0 C173.0 126.0 170.5 125.0 168.0 125.0 C165.5 125.0 163.0 126.0 161.0 128.0 L128.0 161.0 C124.0 165.0 124.0 171.5 128.0 175.0 L135.0 182.0 C137.0 184.0 139.5 185.0 142.0 185.0 C144.5 185.0 147.0 184.0 149.0 182.0 L182.0 149.0 C186.0 145.0 186.0 139.0 182.0 135.0 Z M142.0 175.0 L135.0 168.0 L168.0 135.0 L175.0 142.0 L142.0 175.0 Z M75.0 80.0 C83.5 80.0 90.0 73.5 90.0 65.0 C90.0 56.5 83.5 50.0 75.0 50.0 C66.5 50.0 60.000003814697266 56.5 60.000003814697266 65.0 C60.000003814697266 73.5 66.5 80.0 75.0 80.0 Z M75.0 60.000003814697266 C78.0 60.000003814697266 80.0 62.0 80.0 65.0 C80.0 68.0 78.0 70.0 75.0 70.0 C72.0 70.0 70.0 68.0 70.0 65.0 C70.0 62.0 72.0 60.000003814697266 75.0 60.000003814697266 Z M125.0 80.0 C133.5 80.0 140.0 73.5 140.0 65.0 C140.0 56.5 133.5 50.0 125.0 50.0 C116.5 50.0 110.0 56.5 110.0 65.0 C110.0 73.5 116.5 80.0 125.0 80.0 Z M125.0 60.000003814697266 C128.0 60.000003814697266 130.0 62.0 130.0 65.0 C130.0 68.0 128.0 70.0 125.0 70.0 C122.0 70.0 120.0 68.0 120.0 65.0 C120.0 62.0 122.0 60.000003814697266 125.0 60.000003814697266 Z""></path></svg>"
8920d6b6-6849-4b3e-abe9-a367a192dece,"<svg fill=""none"" height=""128"" viewBox=""0 0 24 24"" width=""128"" xmlns=""http://www.w3.org/2000/svg""><g clip-rule=""evenodd"" fill=""#000000"" fill-rule=""evenodd""><path d=""m12.77 11.82c-.83.64-1.77 1.36-1.77 3.18h2c0-1.1.71-1.72 1.44-2.35.77-.68 1.56-1.37 1.56-2.65 0-2.21-1.79-4-4-4s-4 1.79-4 4h2c0-1.1.9-2 2-2s2 .9 2 2c0 .88-.58 1.32-1.23 1.82zm.23 6.68v-2h-2v2z""/><path d=""m12 22c5.52 0 10-4.48 10-10s-4.48-10-10-10-10 4.48-10 10 4.48 10 10 10zm0-2c4.42 0 8-3.58 8-8s-3.58-8-8-8-8 3.58-8 8 3.58 8 8 8z""/></g></svg>"
272c4b74-97c0-4724-9b63-5c8405c2eeb6,"<svg height=""128"" viewBox=""0 0 32 32"" width=""128"" xmlns=""http://www.w3.org/2000/svg"" xmlns:xlink=""http://www.w3.org/1999/xlink""><clipPath id=""a""><path d=""m0 0h32v32h-32z""/></clipPath><g clip-path=""url(#a)""><g fill=""#344952"" transform=""translate(-416 -104)""><path d=""m446.92 131.21h-29.84a1 1 0 0 1 -1-1v-9.4a1 1 0 0 1 1-1h7a1 1 0 0 1 0 2h-6v7.4h27.83v-7.4h-6a1 1 0 0 1 0-2h7a1 1 0 0 1 1 1v9.4a1 1 0 0 1 -.99 1z""/><path d=""m435.96 125.69h-7.92a1 1 0 0 1 -.7-.28l-3.96-3.88a1 1 0 1 1 1.4-1.43l3.67 3.59h7.11l3.67-3.59a1 1 0 1 1 1.4 1.43l-3.97 3.87a1 1 0 0 1 -.7.29z""/><path d=""m446.92 121.81a1 1 0 0 1 -.81-.41l-7.67-10.6h-12.87l-7.67 10.6a1 1 0 0 1 -1.62-1.17l7.97-11.02a1 1 0 0 1 .81-.41h13.89a1 1 0 0 1 .81.41l7.97 11.02a1 1 0 0 1 -.81 1.59z""/><path d=""m438.36 114.4h-12.49a.5.5 0 0 1 0-1h12.48a.5.5 0 0 1 0 1z""/><path d=""m440.56 118.3h-17.4a.5.5 0 1 1 0-1h17.4a.5.5 0 0 1 0 1z""/></g></g></svg>"
279659873728db818ccc4144460423e0,"<svg xmlns=""http://www.w3.org/2000/svg"" viewBox=""0.0 0.0 200.0 200.0"" height=""200.0px"" width=""200.0px""><path fill="""" fill-opacity=""1.0""  filling=""0"" d=""M191.7421875 130.29061889648438 A2.7359375953674316 2.7359375953674316 0.0 0 0 189.97030639648438 128.25936889648438 L156.00936889648438 116.3046875 L146.82968139648438 59.62031555175781 A20.28437614440918 20.28437614440918 0.0 0 0 116.59687805175781 45.334373474121094 L107.45781707763672 50.657814025878906 A14.84375 14.84375 0.0 0 1 92.54374694824219 50.657814025878906 L83.40312194824219 45.334373474121094 A20.28437614440918 20.28437614440918 0.0 0 0 53.170310974121094 59.62031555175781 L43.990623474121094 116.3046875 L10.029685974121094 128.2531280517578 A2.734375 2.734375 0.0 0 0 9.092185974121094 132.8562469482422 C10.203125 133.859375 36.86093521118164 157.421875 100.0 157.421875 C163.13905334472656 157.421875 189.796875 133.859375 190.9015655517578 132.8562469482422 A2.734375 2.734375 0.0 0 0 191.7421875 130.29061889648438 Z M88.21406555175781 100.76718139648438 A12.09531307220459 12.09531307220459 0.0 0 0 111.78593444824219 100.76718139648438 L147.953125 100.76718139648438 L150.3562469482422 115.61093139648438 L49.64374923706055 115.61093139648438 L52.046878814697266 100.76718139648438 L88.21406555175781 100.76718139648438 Z M107.43281555175781 88.48905944824219 A12.051562309265137 12.051562309265137 0.0 0 0 102.5453109741211 86.1968765258789 A19.934375762939453 19.934375762939453 0.0 0 1 112.4546890258789 71.3343734741211 A19.931249618530273 19.931249618530273 0.0 0 1 107.42655944824219 88.48905944824219 L107.43281555175781 88.48905944824219 Z M100.0 91.3921890258789 A6.640625 6.640625 0.0 1 1 93.359375 98.0328140258789 A6.6484375 6.6484375 0.0 0 1 100.0 91.3921890258789 Z M58.56875228881836 60.49374771118164 A14.815625190734863 14.815625190734863 0.0 0 1 80.6500015258789 50.05937194824219 L89.7906265258789 55.3828125 A20.323436737060547 20.323436737060547 0.0 0 0 110.20936584472656 55.3828125 L119.35000610351562 50.05937194824219 A14.815625190734863 14.815625190734863 0.0 0 1 141.43124389648438 60.49374771118164 L147.0671844482422 95.2984390258789 L111.78593444824219 95.2984390258789 A11.957812309265137 11.957812309265137 0.0 0 0 110.90937805175781 92.8140640258789 C122.55780792236328 80.15780639648438 116.9468765258789 67.05781555175781 116.69062805175781 66.484375 A2.7328124046325684 2.7328124046325684 0.0 0 0 113.43905639648438 64.9671859741211 C112.83592987060547 65.140625 99.2421875 69.28593444824219 97.0171890258789 86.3109359741211 A12.1328125 12.1328125 0.0 0 0 88.21406555175781 95.2984390258789 L52.93281173706055 95.2984390258789 L58.56875228881836 60.49374771118164 Z M100.0 151.953125 C52.40312194824219 151.953125 26.034378051757812 137.9140625 16.701560974121094 131.70468139648438 L46.896873474121094 121.07968139648438 L153.10311889648438 121.07968139648438 L183.29843139648438 131.70468139648438 C173.95938110351562 137.91717529296875 147.5906219482422 151.953125 100.0 151.953125 Z""></path></svg>"
c3f57d7a317d8718fd68ae4e98529616,"<svg xmlns=""http://www.w3.org/2000/svg"" viewBox=""0.0 0.0 200.0 200.0"" height=""200.0px"" width=""200.0px""><path fill=""#FFFFFF"" fill-opacity=""1.0""  filling=""0"" d=""M99.80500030517578 15.527000427246094 C79.04299926757812 15.527000427246094 74.86299896240234 17.14800262451172 74.86299896240234 19.160003662109375 C74.86299896240234 21.1719970703125 79.04299926757812 22.792999267578125 99.80500030517578 22.792999267578125 C120.56600189208984 22.792999267578125 124.88300323486328 21.1719970703125 124.88300323486328 19.160003662109375 C124.88300323486328 17.14800262451172 120.5469970703125 15.527000427246094 99.80500030517578 15.527000427246094 Z""></path>
<path fill=""#8C6239"" fill-opacity=""1.0""  filling=""0"" d=""M90.25399780273438 135.5469970703125 C74.43399810791016 131.46499633789062 62.75400161743164 117.5199966430664 62.73400115966797 100.43000030517578 C62.73400115966797 90.29299926757812 66.83599853515625 81.11299896240234 73.45700073242188 74.4729995727539 L100.85900115966797 100.4489974975586 L90.25399780273438 135.5469970703125 Z""></path>
<path fill=""#754C24"" fill-opacity=""1.0""  filling=""0"" d=""M135.41000366210938 91.3479995727539 C131.50399780273438 75.27300262451172 117.01200103759766 63.31999969482422 99.74600219726562 63.31999969482422 C89.60900115966797 63.31999969482422 80.43000030517578 67.4219970703125 73.78900146484375 74.06199645996094 L99.86299896240234 101.60199737548828 L135.41000366210938 91.3479995727539 Z""></path>
<path fill=""#FEF0D8"" fill-opacity=""1.0""  filling=""0"" d=""M98.3010025024414 100.03900146484375 L135.41000366210938 91.3479995727539 C136.093994140625 94.12100219726562 136.44500732421875 97.03099822998047 136.44500732421875 100.0199966430664 C136.44500732421875 120.29299926757812 120.0199966430664 136.718994140625 99.74600219726562 136.718994140625 C96.56199645996094 136.718994140625 93.47699737548828 136.3090057373047 90.5270004272461 135.5469970703125 L98.3010025024414 100.03900146484375""></path></svg>"
3c13d552c99343e6bf3956ba074a1de1,"<svg xmlns=""http://www.w3.org/2000/svg"" viewBox=""0.0 0.0 200.0 200.0"" height=""200.0px"" width=""200.0px""><path fill=""currentColor"" fill-opacity=""1.0""  filling=""0"" d=""M37.5 143.75 C37.5 141.21099853515625 37.5 141.21099853515625 35.64500427246094 139.35499572753906 C33.78900146484375 137.5 33.78900146484375 137.5 31.25 137.5 C28.71099853515625 137.5 28.71099853515625 137.5 26.854995727539062 139.35499572753906 C25.0 141.21099853515625 25.0 141.21099853515625 25.0 143.75 C25.0 146.28900146484375 25.0 146.28900146484375 26.854995727539062 148.14500427246094 C28.71099853515625 150.0 28.71099853515625 150.0 31.25 150.0 C33.78900146484375 150.0 33.78900146484375 150.0 35.64500427246094 148.14500427246094 C37.5 146.28900146484375 37.5 146.28900146484375 37.5 143.75 Z M175.0 87.5 C175.0 82.5199966430664 175.0 82.5199966430664 171.1909942626953 78.76000213623047 C167.38299560546875 75.0 167.38299560546875 75.0 162.5 75.0 L106.25 75.0 C106.25 73.0469970703125 106.25 73.0469970703125 107.71499633789062 70.26399993896484 C109.18000030517578 67.4800033569336 109.18000030517578 67.4800033569336 110.93800354003906 64.89299774169922 C112.69499969482422 62.30500030517578 112.69499969482422 62.30500030517578 114.16000366210938 58.25199890136719 C115.625 54.19900131225586 115.625 54.19900131225586 115.625 50.0 C115.625 43.457000732421875 115.625 43.457000732421875 111.27899932861328 40.479000091552734 C106.93399810791016 37.5 106.93399810791016 37.5 100.0 37.5 C97.65599822998047 37.5 97.65599822998047 37.5 91.21099853515625 51.07400131225586 C88.86699676513672 55.37099838256836 88.86699676513672 55.37099838256836 87.5979995727539 57.422000885009766 C83.69100189208984 63.672000885009766 83.69100189208984 63.672000885009766 76.66000366210938 71.58200073242188 C69.72699737548828 79.49199676513672 69.72699737548828 79.49199676513672 66.7969970703125 81.93399810791016 C60.058998107910156 87.5 60.058998107910156 87.5 53.125 87.5 L50.0 87.5 L50.0 150.0 L53.125 150.0 C60.15599822998047 150.0 60.15599822998047 150.0 69.43399810791016 153.125 C78.71099853515625 156.25 78.71099853515625 156.25 88.33000183105469 159.375 C97.9489974975586 162.5 97.9489974975586 162.5 105.85900115966797 162.5 C124.31600189208984 162.5 124.31600189208984 162.5 124.31600189208984 146.1909942626953 C124.31600189208984 143.65199279785156 124.31600189208984 143.65199279785156 123.8280029296875 140.72300720214844 C126.75800323486328 139.16000366210938 126.75800323486328 139.16000366210938 128.4669952392578 135.5959930419922 C130.17599487304688 132.031005859375 130.17599487304688 132.031005859375 130.17599487304688 128.41799926757812 C130.17599487304688 124.80500030517578 130.17599487304688 124.80500030517578 128.41799926757812 121.68000030517578 C133.593994140625 116.7969970703125 133.593994140625 116.7969970703125 133.593994140625 110.05899810791016 C133.593994140625 107.61699676513672 133.593994140625 107.61699676513672 132.61700439453125 104.63899993896484 C131.64100646972656 101.66000366210938 131.64100646972656 101.66000366210938 130.17599487304688 100.0 L162.5 100.0 C167.5780029296875 100.0 167.5780029296875 100.0 171.28900146484375 96.28900146484375 C175.0 92.5780029296875 175.0 92.5780029296875 175.0 87.5 Z M187.5 87.4020004272461 C187.5 97.65599822998047 187.5 97.65599822998047 180.1269989013672 105.0780029296875 C172.75399780273438 112.5 172.75399780273438 112.5 162.5 112.5 L145.99600219726562 112.5 C145.60499572753906 118.55500030517578 145.60499572753906 118.55500030517578 142.38299560546875 124.12100219726562 C142.67599487304688 126.1719970703125 142.67599487304688 126.1719970703125 142.67599487304688 128.32000732421875 C142.67599487304688 138.1840057373047 142.67599487304688 138.1840057373047 136.8159942626953 145.7030029296875 C136.91400146484375 159.27699279785156 136.91400146484375 159.27699279785156 128.51600646972656 167.13900756835938 C120.11699676513672 175.0 120.11699676513672 175.0 106.3479995727539 175.0 C93.35900115966797 175.0 93.35900115966797 175.0 74.9020004272461 168.26199340820312 C58.887001037597656 162.5 58.887001037597656 162.5 53.125 162.5 L25.0 162.5 C19.823997497558594 162.5 19.823997497558594 162.5 16.162002563476562 158.83799743652344 C12.5 155.17599487304688 12.5 155.17599487304688 12.5 150.0 L12.5 87.5 C12.5 82.3239974975586 12.5 82.3239974975586 16.162002563476562 78.66200256347656 C19.823997497558594 75.0 19.823997497558594 75.0 25.0 75.0 L53.125 75.0 C54.10200119018555 75.0 54.10200119018555 75.0 55.224998474121094 74.56099700927734 C56.347999572753906 74.12100219726562 56.347999572753906 74.12100219726562 57.52000045776367 73.19300079345703 C58.691001892089844 72.26599884033203 58.691001892089844 72.26599884033203 59.71699905395508 71.43599700927734 C60.742000579833984 70.6050033569336 60.742000579833984 70.6050033569336 62.06100082397461 69.23799896240234 C63.37900161743164 67.87100219726562 63.37900161743164 67.87100219726562 64.06199645996094 67.13899993896484 C64.74600219726562 66.40599822998047 64.74600219726562 66.40599822998047 65.91799926757812 65.03900146484375 C67.08999633789062 63.672000885009766 67.08999633789062 63.672000885009766 67.28500366210938 63.37900161743164 C73.63300323486328 56.152000427246094 73.63300323486328 56.152000427246094 77.0510025024414 50.78099822998047 C78.31999969482422 48.72999954223633 78.31999969482422 48.72999954223633 80.27300262451172 44.72700119018555 C82.22699737548828 40.722999572753906 82.22699737548828 40.722999572753906 83.88700103759766 37.69499969482422 C85.5469970703125 34.667999267578125 85.5469970703125 34.667999267578125 87.84200286865234 31.542999267578125 C90.13700103759766 28.417999267578125 90.13700103759766 28.417999267578125 93.21299743652344 26.708999633789062 C96.28900146484375 25.0 96.28900146484375 25.0 100.0 25.0 C112.20700073242188 25.0 112.20700073242188 25.0 120.16600036621094 31.542999267578125 C128.125 38.08599853515625 128.125 38.08599853515625 128.125 50.0 C128.125 56.64099884033203 128.125 56.64099884033203 125.97699737548828 62.5 L162.5 62.5 C172.656005859375 62.5 172.656005859375 62.5 180.0780029296875 69.9219970703125 C187.5 77.34400177001953 187.5 77.34400177001953 187.5 87.4020004272461 Z""></path></svg>"
f55f5c3e8b53f31e4579bb7b6e27e641,"<svg xmlns=""http://www.w3.org/2000/svg"" viewBox=""0.0 0.0 200.0 200.0"" height=""200.0px"" width=""200.0px""><path fill="""" fill-opacity=""1.0""  filling=""0"" d=""M112.38848114013672 95.8705062866211 C113.28125 102.9017562866211 113.28125 102.9017562866211 106.75214385986328 107.14276885986328 C100.2232437133789 111.38398742675781 100.2232437133789 111.38398742675781 94.3080062866211 107.8125 C89.95527648925781 105.91523742675781 89.95527648925781 105.91523742675781 88.33711242675781 101.3392562866211 C86.71875 96.76347351074219 86.71875 96.76347351074219 88.28125 92.1875 C89.84375 87.61152648925781 89.84375 87.61152648925781 94.08476257324219 85.7142562866211 C98.10273742675781 83.70527648925781 98.10273742675781 83.70527648925781 102.1763687133789 84.375 C106.25 85.04472351074219 106.25 85.04472351074219 109.31913757324219 88.33711242675781 C112.38848114013672 91.6294937133789 112.38848114013672 91.6294937133789 112.38848114013672 95.8705062866211 Z M124.7767562866211 93.5267562866211 C123.2142562866211 81.58476257324219 123.2142562866211 81.58476257324219 112.16523742675781 75.2232437133789 C101.11601257324219 68.86152648925781 101.11601257324219 68.86152648925781 90.17851257324219 73.77226257324219 C83.14726257324219 76.89726257324219 83.14726257324219 76.89726257324219 78.96211242675781 83.64961242675781 C74.7767562866211 90.4017562866211 74.7767562866211 90.4017562866211 75.11152648925781 98.10273742675781 C75.5580062866211 108.25898742675781 75.5580062866211 108.25898742675781 83.7611312866211 115.4017562866211 C91.9642562866211 122.54473114013672 91.9642562866211 122.54473114013672 102.23223114013672 121.6517562866211 C112.38848114013672 120.75898742675781 112.38848114013672 120.75898742675781 119.19648742675781 112.2767562866211 C126.0044937133789 103.79473114013672 126.0044937133789 103.79473114013672 124.7767562866211 93.5267562866211 Z M151.45098876953125 33.035743713378906 C149.21875 30.022262573242188 149.21875 30.022262573242188 145.20098876953125 28.069137573242188 C141.18301391601562 26.116012573242188 141.18301391601562 26.116012573242188 138.7277374267578 25.613868713378906 C136.2722625732422 25.11151885986328 136.2722625732422 25.11151885986328 130.8035125732422 24.21875 C98.32597351074219 18.973243713378906 98.32597351074219 18.973243713378906 67.63398742675781 24.441993713378906 C62.83476257324219 25.223243713378906 62.83476257324219 25.223243713378906 60.26777648925781 25.78125 C57.70097351074219 26.339256286621094 57.70097351074219 26.339256286621094 54.129493713378906 28.23651885986328 C50.558006286621094 30.133987426757812 50.558006286621094 30.133987426757812 48.54901885986328 33.035743713378906 C51.89726257324219 36.160743713378906 51.89726257324219 36.160743713378906 57.03125 38.113868713378906 C62.16523742675781 40.066993713378906 62.16523742675781 40.066993713378906 65.234375 40.56913757324219 C68.30351257324219 41.07148742675781 68.30351257324219 41.07148742675781 75.0 41.85273742675781 C100.44648742675781 45.089256286621094 100.44648742675781 45.089256286621094 125.0 41.964256286621094 C132.03125 41.07148742675781 132.03125 41.07148742675781 134.98886108398438 40.625 C137.9464874267578 40.17851257324219 137.9464874267578 40.17851257324219 143.08026123046875 38.22538757324219 C148.21426391601562 36.27226257324219 148.21426391601562 36.27226257324219 151.45098876953125 33.035743713378906 Z M157.8125 148.54901123046875 C156.91973876953125 151.45098876953125 156.91973876953125 151.45098876953125 156.08261108398438 157.0871124267578 C155.24551391601562 162.72323608398438 155.24551391601562 162.72323608398438 154.52011108398438 166.4621124267578 C153.79473876953125 170.20098876953125 153.79473876953125 170.20098876953125 151.33926391601562 174.2746124267578 C148.8839874267578 178.34823608398438 148.8839874267578 178.34823608398438 144.8660125732422 180.58026123046875 C135.26776123046875 185.9375 135.26776123046875 185.9375 123.71660614013672 188.56036376953125 C112.16523742675781 191.18301391601562 112.16523742675781 191.18301391601562 101.171875 191.015625 C90.17851257324219 190.84823608398438 90.17851257324219 190.84823608398438 78.6830062866211 188.95098876953125 C73.54902648925781 188.05801391601562 73.54902648925781 188.05801391601562 69.58711242675781 186.94198608398438 C65.625 185.82598876953125 65.625 185.82598876953125 61.04902648925781 183.9285125732422 C56.473243713378906 182.03125 56.473243713378906 182.03125 52.901756286621094 179.07363891601562 C49.33026885986328 176.1160125732422 49.33026885986328 176.1160125732422 47.098243713378906 172.2097625732422 C44.308006286621094 161.49551391601562 44.308006286621094 161.49551391601562 40.73651885986328 139.62051391601562 L41.40625 137.8347625732422 L43.41523742675781 136.83026123046875 C68.30351257324219 153.34823608398438 68.30351257324219 153.34823608398438 99.94413757324219 153.34823608398438 C131.5847625732422 153.34823608398438 131.5847625732422 153.34823608398438 156.5847625732422 136.83026123046875 C158.9285125732422 137.5 158.9285125732422 137.5 159.26348876953125 139.3972625732422 C159.59823608398438 141.29473876953125 159.59823608398438 141.29473876953125 158.70526123046875 144.41973876953125 C157.8125 147.54473876953125 157.8125 147.54473876953125 157.8125 148.54901123046875 Z M178.01348876953125 41.29473114013672 C175.11151123046875 59.933006286621094 175.11151123046875 59.933006286621094 165.625 114.39726257324219 C165.06698608398438 117.7455062866211 165.06698608398438 117.7455062866211 162.61151123046875 120.64726257324219 C160.15625 123.54901885986328 160.15625 123.54901885986328 157.7566375732422 125.11151885986328 C155.35723876953125 126.67401885986328 155.35723876953125 126.67401885986328 151.67401123046875 128.5714874267578 C123.54901885986328 142.6339874267578 123.54901885986328 142.6339874267578 83.59375 138.39276123046875 C55.91523742675781 135.37948608398438 55.91523742675781 135.37948608398438 39.620506286621094 122.8794937133789 C37.94648742675781 121.54023742675781 37.94648742675781 121.54023742675781 36.77461242675781 119.921875 C35.60273742675781 118.30351257324219 35.60273742675781 118.30351257324219 34.87714385986328 116.015625 C34.151756286621094 113.72773742675781 34.151756286621094 113.72773742675781 33.87285614013672 112.22089385986328 C33.59375 110.7142562866211 33.59375 110.7142562866211 33.203125 107.8125 C32.8125 104.9107437133789 32.8125 104.9107437133789 32.589256286621094 103.90625 C31.584762573242188 98.32597351074219 31.584762573242188 98.32597351074219 29.631637573242188 87.16523742675781 C27.678512573242188 76.0044937133789 27.678512573242188 76.0044937133789 26.506637573242188 69.140625 C25.334762573242188 62.276756286621094 25.334762573242188 62.276756286621094 23.883987426757812 52.67851257324219 C22.433006286621094 43.08026885986328 22.433006286621094 43.08026885986328 21.428512573242188 35.04473114013672 C21.76348114013672 32.14276885986328 21.76348114013672 32.14276885986328 23.381637573242188 29.631637573242188 C25.0 27.120506286621094 25.0 27.120506286621094 26.897262573242188 25.446487426757812 C28.79473114013672 23.772262573242188 28.79473114013672 23.772262573242188 31.91973114013672 22.098243713378906 C35.04473114013672 20.42401885986328 35.04473114013672 20.42401885986328 37.05351257324219 19.587112426757812 C39.0625 18.75 39.0625 18.75 42.410743713378906 17.522262573242188 C56.36152648925781 12.388481140136719 56.36152648925781 12.388481140136719 77.34375 10.379493713378906 C119.64276885986328 6.25 119.64276885986328 6.25 152.7902374267578 15.959762573242188 C170.08926391601562 21.09375 170.08926391601562 21.09375 176.78573608398438 29.57598114013672 C178.5714874267578 31.808006286621094 178.5714874267578 31.808006286621094 178.62713623046875 35.26776885986328 C178.68301391601562 38.72773742675781 178.68301391601562 38.72773742675781 178.01348876953125 41.29473114013672 Z""></path></svg>"
74a8caac68ce9de269ecea0d1cbb6ec1,"<svg xmlns=""http://www.w3.org/2000/svg"" viewBox=""0.0 0.0 200.0 200.0"" height=""200.0px"" width=""200.0px""><path fill=""#4D5254"" fill-opacity=""1.0""  filling=""0"" d=""M187.7099609375 69.24003601074219 L169.26992797851562 22.080078125 C167.4599609375 17.440040588378906 163.06993103027344 14.450004577636719 158.0900421142578 14.450004577636719 L44.290042877197266 14.450004577636719 C39.309959411621094 14.450004577636719 34.91991424560547 17.449996948242188 33.109962463378906 22.090042114257812 L14.719924926757812 69.2699203491211 C10.799995422363281 79.34004211425781 11.980079650878906 90.7699203491211 17.890037536621094 99.8599624633789 C20.269920349121094 103.53007507324219 23.259963989257812 106.59004211425781 26.680076599121094 108.96992492675781 L26.680076599121094 174.31991577148438 C26.680076599121094 180.7400360107422 31.880081176757812 185.9699249267578 38.26992416381836 185.9699249267578 L164.169921875 185.9699249267578 C170.55996704101562 185.9699249267578 175.75994873046875 180.75 175.75994873046875 174.31991577148438 L175.75994873046875 108.98008728027344 A32.96992111206055 32.96992111206055 0.0 0 0 184.5500030517578 99.8599624633789 C190.46990966796875 90.75996398925781 191.64999389648438 79.3099594116211 187.7099609375 69.24003601074219 Z M163.76992797851562 173.9699249267578 L38.680076599121094 173.9699249267578 L38.680076599121094 114.10995483398438 A33.67304992675781 33.67304992675781 0.0 0 0 45.309959411621094 114.78008270263672 C56.60995864868164 114.78008270263672 66.919921875 109.30000305175781 73.2699203491211 100.4800796508789 A34.42109298706055 34.42109298706055 0.0 0 0 101.23007202148438 114.78008270263672 C112.53007507324219 114.78008270263672 122.830078125 109.30000305175781 129.19003295898438 100.4800796508789 A34.42109298706055 34.42109298706055 0.0 0 0 157.14999389648438 114.78008270263672 A33.67304992675781 33.67304992675781 0.0 0 0 163.76992797851562 114.10995483398438 L163.76992797851562 173.9699249267578 Z M174.5 93.3199234008789 C170.79998779296875 99.0199203491211 164.85000610351562 102.45995330810547 158.18008422851562 102.75995635986328 C157.8400421142578 102.78008270263672 157.5 102.78008270263672 157.14999389648438 102.78008270263672 C147.4699249267578 102.78008270263672 138.9099578857422 96.6099624633789 135.85000610351562 87.4300765991211 A7.02109432220459 7.02109432220459 0.0 0 0 129.19003295898438 82.61991882324219 C126.169921875 82.61991882324219 123.49003601074219 84.55000305175781 122.53007507324219 87.4300765991211 C119.46991729736328 96.6099624633789 110.90996551513672 102.78008270263672 101.23007202148438 102.78008270263672 C91.54999542236328 102.78008270263672 82.99003601074219 96.6099624633789 79.9300765991211 87.4400405883789 A7.005078315734863 7.005078315734863 0.0 0 0 73.28007507324219 82.63008117675781 C70.25995635986328 82.63008117675781 67.580078125 84.5599594116211 66.61991882324219 87.4400405883789 A22.424022674560547 22.424022674560547 0.0 0 1 45.31991958618164 102.79003143310547 C44.96992111206055 102.79003143310547 44.61991882324219 102.78008270263672 44.28007507324219 102.7699203491211 C37.60995864868164 102.46992492675781 31.659957885742188 99.03007507324219 27.9599609375 93.34004211425781 A21.728906631469727 21.728906631469727 0.0 0 1 25.909957885742188 73.6500015258789 L44.29999542236328 26.469924926757812 L158.10000610351562 26.469924926757812 L176.5400390625 73.63008117675781 C179.06991577148438 80.09004211425781 178.30996704101562 87.4599609375 174.5 93.3199234008789 Z""></path>
<path fill=""#00A0E9"" fill-opacity=""1.0""  filling=""0"" d=""M64.4599609375 55.60995864868164 L137.9900360107422 55.60995864868164 L137.9900360107422 67.60995483398438 L64.4599609375 67.60995483398438 L64.4599609375 55.60995864868164 Z""></path></svg>"
b87359632ddd854d536864cabe9f7300,"<svg xmlns=""http://www.w3.org/2000/svg"" viewBox=""0.0 0.0 200.0 200.0"" height=""200.0px"" width=""200.0px""><path fill=""#272636"" fill-opacity=""1.0""  filling=""0"" d=""M173.13400268554688 30.55699920654297 L26.579002380371094 30.55699920654297 C18.650001525878906 30.55699920654297 12.227996826171875 36.97800064086914 12.227996826171875 44.909000396728516 L12.227996826171875 155.08999633789062 C12.227996826171875 163.0070037841797 18.650001525878906 169.4429931640625 26.579002380371094 169.4429931640625 L173.13400268554688 169.4429931640625 C181.06199645996094 169.4429931640625 187.48399353027344 163.0070037841797 187.48399353027344 155.08999633789062 L187.48399353027344 44.909000396728516 C187.48500061035156 36.97800064086914 181.06199645996094 30.55699920654297 173.13400268554688 30.55699920654297 Z M178.61099243164062 149.08599853515625 C178.61099243164062 156.1540069580078 172.75100708007812 161.8730010986328 165.51499938964844 161.8730010986328 L34.19599914550781 161.8730010986328 C26.961997985839844 161.8730010986328 21.10199737548828 156.1540069580078 21.10199737548828 149.08599853515625 L21.10199737548828 50.91299819946289 C21.10199737548828 43.84299850463867 26.961997985839844 38.1150016784668 34.19599914550781 38.1150016784668 L165.51499938964844 38.1150016784668 C172.75100708007812 38.1150016784668 178.61099243164062 43.84299850463867 178.61099243164062 50.91299819946289 L178.61099243164062 149.08599853515625 L178.61099243164062 149.08599853515625 Z M162.21400451660156 154.69500732421875 C167.656005859375 154.69500732421875 172.06900024414062 150.3800048828125 172.06900024414062 145.06900024414062 L172.06900024414062 131.8040008544922 L146.89500427246094 154.69500732421875 L162.21400451660156 154.69500732421875 Z M162.21400451660156 45.02899932861328 L146.89500427246094 45.02899932861328 L172.06900024414062 67.91999816894531 L172.06900024414062 54.654998779296875 C172.06900024414062 49.34400177001953 167.656005859375 45.02899932861328 162.21400451660156 45.02899932861328 Z M107.97899627685547 57.94499969482422 L107.97899627685547 69.83799743652344 C112.00499725341797 69.3489990234375 117.13600158691406 77.85900115966797 117.13600158691406 81.61299896240234 L131.6280059814453 81.61299896240234 C131.6280059814453 71.51799774169922 121.65299987792969 57.94499969482422 107.97899627685547 57.94499969482422 Z M107.97899627685547 95.09200286865234 L107.97899627685547 107.61100006103516 C111.53099822998047 109.83599853515625 117.95500183105469 110.19400024414062 118.34100341796875 117.54199981689453 C118.79199981689453 126.14199829101562 111.62300109863281 125.74199676513672 108.05899810791016 127.96700286865234 L107.97899627685547 139.99200439453125 C111.5459976196289 139.0449981689453 131.61599731445312 137.1320037841797 131.61599731445312 116.94000244140625 C131.61599731445312 106.84500122070312 119.91400146484375 98.27300262451172 107.97899627685547 95.09200286865234 Z M92.18000030517578 54.082000732421875 L92.16999816894531 58.83000183105469 C77.91400146484375 60.827999114990234 67.11299896240234 70.25199890136719 67.10099792480469 81.58799743652344 C67.10099792480469 92.92500305175781 77.9010009765625 102.36199951171875 92.15699768066406 104.36000061035156 L92.15699768066406 128.2429962158203 C86.08100128173828 126.52100372314453 81.76499938964844 122.10800170898438 81.76499938964844 116.9280014038086 L67.10199737548828 116.91600036621094 C67.09100341796875 128.26499938964844 81.02799987792969 137.68899536132812 95.28299713134766 139.68699645996094 L95.28299713134766 144.4340057373047 L105.54499816894531 144.44500732421875 L105.69499969482422 54.08300018310547 L92.18000030517578 54.08300018310547 L92.18000030517578 54.082000732421875 Z M92.15699768066406 92.91300201416016 C86.09300231933594 91.19000244140625 81.7770004272461 86.7770004272461 81.7770004272461 81.58799743652344 C81.7770004272461 76.40899658203125 86.10600280761719 71.99600219726562 92.16899871826172 70.27300262451172 L92.15699768066406 92.91300201416016 Z M27.128997802734375 54.79899978637695 L27.128997802734375 68.06099700927734 L52.314998626708984 45.17300033569336 L36.99599838256836 45.17300033569336 C31.55500030517578 45.17300033569336 27.128997802734375 49.47600173950195 27.128997802734375 54.79899978637695 Z M27.128997802734375 145.2010040283203 C27.128997802734375 150.51199340820312 31.55500030517578 154.82699584960938 36.99599838256836 154.82699584960938 L52.314998626708984 154.82699584960938 L27.128997802734375 131.93600463867188 L27.128997802734375 145.2010040283203 Z""></path></svg>"
3fd4d7fc4a414ed435f0e59263a18e9b,"<svg xmlns=""http://www.w3.org/2000/svg"" viewBox=""0.0 0.0 200.0 200.0"" height=""200.0px"" width=""200.0px""><path fill=""currentColor"" fill-opacity=""1.0""  filling=""0"" d=""M0.0 80.0 C0.0 52.375 22.375 30.0 50.0 30.0 L120.0 30.0 C147.625 30.0 170.0 52.375 170.0 80.0 L170.0 100.0 L0.0 100.0 L0.0 80.0 Z M129.968994140625 60.0 C129.218994140625 60.0 128.5 60.40599822998047 128.18800354003906 61.0620002746582 L124.25 68.75 L115.43800354003906 70.0 C114.68800354003906 70.09400177001953 114.06199645996094 70.625 113.81199645996094 71.31199645996094 C113.56199645996094 72.0 113.78099822998047 72.78099822998047 114.31199645996094 73.28099822998047 L120.68800354003906 79.28099822998047 L119.18800354003906 87.75 C119.06199645996094 88.46900177001953 119.375 89.21900177001953 119.96900177001953 89.625 C120.56199645996094 90.03099822998047 121.40599822998047 90.125 122.06199645996094 89.78099822998047 L129.93800354003906 85.78099822998047 L137.81199645996094 89.78099822998047 C138.5 90.125 139.31199645996094 90.06199645996094 139.906005859375 89.625 C140.5 89.18800354003906 140.843994140625 88.46900177001953 140.68800354003906 87.75 L139.18800354003906 79.28099822998047 L145.625 73.28099822998047 C146.156005859375 72.78099822998047 146.375 72.0 146.125 71.31199645996094 C145.875 70.625 145.25 70.09400177001953 144.5 70.0 L135.68800354003906 68.75 L131.75 61.0620002746582 C131.406005859375 60.40599822998047 130.718994140625 60.0 129.968994140625 60.0 Z M86.75 61.0620002746582 C86.40599822998047 60.40599822998047 85.71900177001953 60.0 84.96900177001953 60.0 C84.21900177001953 60.0 83.5 60.40599822998047 83.18800354003906 61.0620002746582 L79.25 68.75 L70.43800354003906 70.0 C69.68800354003906 70.09400177001953 69.06199645996094 70.625 68.81199645996094 71.31199645996094 C68.56199645996094 72.0 68.78099822998047 72.78099822998047 69.31199645996094 73.28099822998047 L75.68800354003906 79.28099822998047 L74.18800354003906 87.75 C74.06199645996094 88.46900177001953 74.375 89.21900177001953 74.96900177001953 89.625 C75.56199645996094 90.03099822998047 76.40599822998047 90.125 77.06199645996094 89.78099822998047 L84.93800354003906 85.78099822998047 L92.81199645996094 89.78099822998047 C93.5 90.125 94.31199645996094 90.06199645996094 94.90599822998047 89.625 C95.5 89.18800354003906 95.84400177001953 88.46900177001953 95.68800354003906 87.75 L94.18800354003906 79.28099822998047 L100.625 73.28099822998047 C101.15599822998047 72.78099822998047 101.375 72.0 101.125 71.31199645996094 C100.875 70.625 100.25 70.09400177001953 99.5 70.0 L90.68800354003906 68.75 L86.75 61.0620002746582 Z M39.96900177001953 60.0 C39.21900177001953 60.0 38.5 60.40599822998047 38.1879997253418 61.0620002746582 L34.25 68.75 L25.438003540039062 70.0 C24.688003540039062 70.09400177001953 24.061996459960938 70.625 23.811996459960938 71.31199645996094 C23.561996459960938 72.0 23.78099822998047 72.78099822998047 24.311996459960938 73.28099822998047 L30.688003540039062 79.28099822998047 L29.188003540039062 87.75 C29.061996459960938 88.46900177001953 29.375 89.21900177001953 29.96900177001953 89.625 C30.561996459960938 90.03099822998047 31.40599822998047 90.125 32.06199645996094 89.78099822998047 L39.9379997253418 85.78099822998047 L47.8120002746582 89.78099822998047 C48.5 90.125 49.3120002746582 90.06199645996094 49.90599822998047 89.625 C50.5 89.18800354003906 50.84400177001953 88.46900177001953 50.6879997253418 87.75 L49.1879997253418 79.28099822998047 L55.625 73.28099822998047 C56.15599822998047 72.78099822998047 56.375 72.0 56.125 71.31199645996094 C55.875 70.625 55.25 70.09400177001953 54.5 70.0 L45.6879997253418 68.75 L41.75 61.0620002746582 C41.40599822998047 60.40599822998047 40.71900177001953 60.0 39.96900177001953 60.0 Z M40.0 110.0 L170.0 110.0 L170.0 145.0 C170.0 147.75 172.25 150.0 175.0 150.0 C177.75 150.0 180.0 147.75 180.0 145.0 L180.0 130.0 C180.0 124.46900177001953 184.468994140625 120.0 190.0 120.0 C195.531005859375 120.0 200.0 124.46900177001953 200.0 130.0 L200.0 145.0 C200.0 158.81199645996094 188.81199645996094 170.0 175.0 170.0 C161.18800354003906 170.0 150.0 158.81199645996094 150.0 145.0 L150.0 130.0 L140.0 130.0 L140.0 160.0 C140.0 165.531005859375 135.531005859375 170.0 130.0 170.0 L110.0 170.0 C104.46900177001953 170.0 100.0 165.531005859375 100.0 160.0 L100.0 140.0 L40.0 140.0 L40.0 160.0 C40.0 165.531005859375 35.53099822998047 170.0 30.0 170.0 L10.0 170.0 C4.469001770019531 170.0 0.0 165.531005859375 0.0 160.0 L0.0 110.0 L40.0 110.0 Z""></path></svg>"
1c80d7f120424b69ab1877ec41c68ee7,"<svg xmlns=""http://www.w3.org/2000/svg"" viewBox=""0.0 0.0 200.0 200.0"" height=""200.0px"" width=""200.0px""><path fill=""#1D92FF"" fill-opacity=""1.0""  filling=""0"" d=""M128.01699829101562 108.06400299072266 L127.36199951171875 108.06400299072266 A21.95199966430664 21.95199966430664 0.0 0 1 111.54399871826172 100.73400115966797 L87.3550033569336 73.72799682617188 A6.942999839782715 6.942999839782715 0.0 0 1 85.77300262451172 66.93800354003906 A6.750999927520752 6.750999927520752 0.0 0 1 90.8270034790039 62.50199890136719 A6.673999786376953 6.673999786376953 0.0 0 1 97.34700012207031 64.70099639892578 L118.48899841308594 88.23500061035156 L122.65499877929688 93.36599731445312 C125.26499938964844 96.33399963378906 129.69500732421875 96.8499984741211 132.91799926757812 94.56099700927734 C136.1580047607422 92.31800079345703 137.31500244140625 88.06800079345703 135.65699768066406 84.49299621582031 A8.116999626159668 8.116999626159668 0.0 0 1 135.23199462890625 83.68199920654297 L135.03900146484375 83.18000030517578 L134.72999572753906 82.79499816894531 L134.343994140625 82.33200073242188 L134.0749969482422 82.06199645996094 L126.35900115966797 73.5739974975586 L89.36100006103516 33.374000549316406 C85.81199645996094 30.36499786376953 57.99599838256836 8.489997863769531 28.675003051757812 28.667999267578125 C-2.69000244140625 50.426998138427734 6.68499755859375 86.53700256347656 18.722000122070312 103.39700317382812 L23.235000610351562 109.60800170898438 C33.57499694824219 123.49600219726562 64.36199951171875 154.2830047607422 83.69000244140625 173.2259979248047 C92.5739974975586 181.9600067138672 106.7770004272461 182.0959930419922 115.8270034790039 173.53500366210938 L78.98300170898438 134.2989959716797 C76.39900207519531 131.53599548339844 76.50199890136719 127.21299743652344 79.21399688720703 124.5770034790039 A6.710999965667725 6.710999965667725 0.0 0 1 84.0469970703125 122.68800354003906 A6.715000152587891 6.715000152587891 0.0 0 1 88.78199768066406 124.80799865722656 L125.58799743652344 163.96600341796875 C129.4459991455078 160.10899353027344 133.6510009765625 155.94200134277344 137.81700134277344 151.73699951171875 L102.05400085449219 113.6969985961914 C99.77300262451172 110.90599822998047 100.00800323486328 106.83300018310547 102.59400177001953 104.3219985961914 C105.17900085449219 101.83300018310547 109.26799774169922 101.83300018310547 111.85299682617188 104.3219985961914 L147.38499450683594 142.09100341796875 C151.2429962158203 137.88600158691406 155.37100219726562 133.7969970703125 158.95899963378906 129.86199951171875 L136.81399536132812 106.29000091552734 A21.718000411987305 21.718000411987305 0.0 0 1 127.97899627685547 108.14099884033203 L128.01699829101562 108.06400299072266 Z""></path>
<path fill=""#FF9E12"" fill-opacity=""1.0""  filling=""0"" d=""M171.2729949951172 28.61499786376953 C139.9080047607422 6.8939971923828125 110.20099639892578 33.66899871826172 110.20099639892578 33.66899871826172 L109.197998046875 34.749000549316406 L144.8459930419922 73.3290023803711 C150.84800720214844 79.8740005493164 151.77699279785156 89.60800170898438 147.1219940185547 97.1709976196289 L168.26400756835938 119.70099639892578 C171.697998046875 115.84300231933594 174.51400756835938 112.37100219726562 176.5970001220703 109.59400177001953 A375.08099365234375 375.08099365234375 0.0 0 0 181.14999389648438 103.4209976196289 C193.302001953125 86.677001953125 202.63900756835938 50.4119987487793 171.2729949951172 28.692001342773438 L171.2729949951172 28.61499786376953 Z""></path></svg>"
2c76d7441a10f524ef326b042b097306,"<svg xmlns=""http://www.w3.org/2000/svg"" viewBox=""0.0 0.0 200.0 200.0"" height=""200.0px"" width=""200.0px""><path fill=""currentColor"" fill-opacity=""1.0""  filling=""0"" d=""M170.66400146484375 70.35199737548828 C170.11700439453125 69.66799926757812 169.47300720214844 69.06199645996094 168.71099853515625 68.61299896240234 L107.81199645996094 14.609001159667969 L46.09400177001953 14.609001159667969 C36.25 14.609001159667969 28.262001037597656 22.61700439453125 28.262001037597656 32.441001892089844 L28.262001037597656 167.07000732421875 C28.262001037597656 176.91400146484375 36.27000045776367 184.90199279785156 46.09400177001953 184.90199279785156 L154.2969970703125 184.90199279785156 C164.14100646972656 184.90199279785156 172.12899780273438 176.89500427246094 172.12899780273438 167.07000732421875 L172.12899780273438 71.66000366210938 L170.66400146484375 70.35199737548828 Z M109.56999969482422 34.96099853515625 L146.38699340820312 67.61699676513672 L113.35900115966797 67.61699676513672 C111.30899810791016 67.61699676513672 109.58999633789062 65.87899780273438 109.58999633789062 63.847999572753906 L109.58999633789062 34.96099853515625 L109.56999969482422 34.96099853515625 Z M154.2969970703125 170.85899353027344 L46.09400177001953 170.85899353027344 C44.042999267578125 170.85899353027344 42.32400131225586 169.12100219726562 42.32400131225586 167.08999633789062 L42.32400131225586 32.441001892089844 C42.32400131225586 30.39099884033203 44.0620002746582 28.6719970703125 46.09400177001953 28.6719970703125 L95.50800323486328 28.6719970703125 L95.50800323486328 63.847999572753906 C95.50800323486328 73.69100189208984 103.51599884033203 81.68000030517578 113.33999633789062 81.68000030517578 L158.0659942626953 81.68000030517578 L158.0659942626953 167.07000732421875 C158.08599853515625 169.12100219726562 156.34800720214844 170.85899353027344 154.2969970703125 170.85899353027344 Z""></path>
<path fill=""currentColor"" fill-opacity=""1.0""  filling=""0"" d=""M65.0 77.77300262451172 L81.81600189208984 77.77300262451172 C85.7030029296875 77.77300262451172 88.8479995727539 74.62899780273438 88.8479995727539 70.74199676513672 C88.8479995727539 66.8550033569336 85.7030029296875 63.71099853515625 81.81600189208984 63.71099853515625 L65.0 63.71099853515625 C61.112998962402344 63.71099853515625 57.96900177001953 66.8550033569336 57.96900177001953 70.74199676513672 C57.96900177001953 74.62899780273438 61.112998962402344 77.77300262451172 65.0 77.77300262451172 Z M129.14100646972656 98.0270004272461 L65.0 98.0270004272461 C61.112998962402344 98.0270004272461 57.96900177001953 101.1719970703125 57.96900177001953 105.05899810791016 C57.96900177001953 108.94499969482422 61.112998962402344 112.08999633789062 65.0 112.08999633789062 L129.12100219726562 112.08999633789062 C133.00799560546875 112.08999633789062 136.15199279785156 108.94499969482422 136.15199279785156 105.05899810791016 C136.15199279785156 101.1719970703125 133.00799560546875 98.0270004272461 129.14100646972656 98.0270004272461 Z M129.14100646972656 132.343994140625 L65.0 132.343994140625 C61.112998962402344 132.343994140625 57.96900177001953 135.48800659179688 57.96900177001953 139.375 C57.96900177001953 143.26199340820312 61.112998962402344 146.406005859375 65.0 146.406005859375 L129.12100219726562 146.406005859375 C133.00799560546875 146.406005859375 136.15199279785156 143.26199340820312 136.15199279785156 139.375 C136.15199279785156 135.48800659179688 133.00799560546875 132.343994140625 129.14100646972656 132.343994140625 Z""></path></svg>"
f49f1c737a56daff341433cb60b7924d,"<svg xmlns=""http://www.w3.org/2000/svg"" viewBox=""0.0 0.0 200.0 200.0"" height=""200.0px"" width=""200.0px""><path fill=""#434343"" fill-opacity=""1.0""  filling=""0"" d=""M187.88600158691406 181.38400268554688 L199.50399780273438 159.8769989013672 C148.09300231933594 159.8769989013672 76.01000213623047 165.87399291992188 47.952999114990234 147.69500732421875 C12.087997436523438 141.7449951171875 12.252998352050781 135.58299255371094 12.252998352050781 135.58299255371094 C12.252998352050781 135.58299255371094 20.249000549316406 181.38400268554688 47.952999114990234 181.38400268554688 L187.88600158691406 181.38400268554688 Z M141.30799865722656 135.46499633789062 L141.2729949951172 29.751998901367188 L198.8800048828125 135.46499633789062 L141.30799865722656 135.46499633789062 Z M129.5260009765625 135.84100341796875 L129.5260009765625 5.622001647949219 L70.55400085449219 126.79900360107422 L129.5260009765625 135.85299682617188 L129.5260009765625 135.84100341796875 Z""></path></svg>"
7503ff288bff8e874e73449a51813e7d,"<svg xmlns=""http://www.w3.org/2000/svg"" viewBox=""0.0 0.0 200.0 200.0"" height=""200.0px"" width=""200.0px""><path fill=""#000000"" fill-opacity=""1.0""  filling=""0"" d=""M161.1125030517578 25.0 C165.33749389648438 25.0 168.75 28.375 168.75 32.5 L168.75 167.5 C168.75 171.6374969482422 165.3249969482422 175.0 161.1125030517578 175.0 L57.98749923706055 175.0 A26.987499237060547 26.987499237060547 0.0 0 1 39.07500076293945 167.3125 A26.0 26.0 0.0 0 1 31.25 148.75 L31.25 47.500003814697266 C31.25 35.07499694824219 41.499996185302734 25.0 54.16250228881836 25.0 L161.1125030517578 25.0 Z M153.4875030517578 137.5 L57.98749923706055 137.5 A11.350000381469727 11.350000381469727 0.0 0 0 46.525001525878906 148.75 C46.525001525878906 154.96250915527344 51.650001525878906 160.0 57.98749923706055 160.0 L153.4875030517578 160.0 L153.4875030517578 137.5 Z M153.4875030517578 39.999996185302734 L138.1875 39.999996185302734 L138.1875 73.94999694824219 A11.21250057220459 11.21250057220459 0.0 0 1 132.6875 83.57499694824219 A11.637499809265137 11.637499809265137 0.0 0 1 121.4375 83.92500305175781 L107.63749694824219 76.86250305175781 L93.8375015258789 83.92500305175781 A11.637499809265137 11.637499809265137 0.0 0 1 82.58749389648438 83.5625 A11.21250057220459 11.21250057220459 0.0 0 1 77.08749389648438 73.9375 L77.08749389648438 39.999996185302734 L54.16250228881836 39.999996185302734 A7.575000286102295 7.575000286102295 0.0 0 0 46.525001525878906 47.500003814697266 L46.525001525878906 125.02499389648438 C50.099998474121094 123.36250305175781 54.025001525878906 122.5 57.98749923706055 122.5 L153.4875030517578 122.5 L153.4875030517578 39.999996185302734 Z M122.91250610351562 39.999996185302734 L92.375 39.999996185302734 L92.375 64.05000305175781 A2.25 2.25 0.0 0 0 93.47500610351562 65.9749984741211 A2.325000047683716 2.325000047683716 0.0 0 0 95.7249984741211 66.05000305175781 L102.3499984741211 62.650001525878906 A11.649999618530273 11.649999618530273 0.0 0 1 112.95000457763672 62.650001525878906 L119.57499694824219 66.05000305175781 A2.325000047683716 2.325000047683716 0.0 0 0 121.82500457763672 65.9749984741211 A2.25 2.25 0.0 0 0 122.92499542236328 64.05000305175781 L122.92499542236328 39.999996185302734 L122.91250610351562 39.999996185302734 Z""></path></svg>"
9e01777dfb2f3e224a79d3cd87af2b62,"<svg xmlns=""http://www.w3.org/2000/svg"" viewBox=""0.0 0.0 200.0 200.0"" height=""200.0px"" width=""200.0px""><path fill="""" fill-opacity=""1.0""  filling=""0"" d=""M25.0 8.337493896484375 L128.4499969482422 8.337493896484375 L175.0 54.875 L175.0 191.66250610351562 L25.0 191.66250610351562 L25.0 8.337493896484375 Z M41.66250228881836 25.0 L41.66250228881836 175.0 L158.33749389648438 175.0 L158.33749389648438 61.787498474121094 L121.55000305175781 25.0 L41.67500305175781 25.0 L41.66250228881836 25.0 Z M100.0 75.0 A12.5 12.5 0.0 1 0 100.0 100.0 A12.5 12.5 0.0 0 0 100.0 75.0 Z M70.83749389648438 87.5 A29.162498474121094 29.162498474121094 0.0 1 1 129.16250610351562 87.5 A29.162498474121094 29.162498474121094 0.0 0 1 70.83749389648438 87.5 Z M50.0 158.32501220703125 A33.337501525878906 33.337501525878906 0.0 0 1 83.33749389648438 125.0 L116.66250610351562 125.0 A33.337501525878906 33.337501525878906 0.0 0 1 150.0 158.32501220703125 L150.0 166.66250610351562 L133.33749389648438 166.66250610351562 L133.33749389648438 158.32501220703125 C133.33749389648438 149.125 125.875 141.66250610351562 116.66250610351562 141.66250610351562 L83.33749389648438 141.66250610351562 C74.125 141.66250610351562 66.66250610351562 149.125 66.66250610351562 158.32501220703125 L66.66250610351562 166.66250610351562 L50.0 166.66250610351562 L50.0 158.32501220703125 Z""></path></svg>"
4f1015a98aa9e51b1d2e67e949839841,"<svg xmlns=""http://www.w3.org/2000/svg"" viewBox=""0.0 0.0 200.0 200.0"" height=""200.0px"" width=""200.0px""><path fill=""#3D3D3D"" fill-opacity=""1.0""  filling=""0"" d=""M33.33300018310547 25.0 C28.74200439453125 25.0 25.0 28.746002197265625 25.0 33.33300018310547 L25.0 166.66700744628906 C25.0 171.25799560546875 28.746002197265625 175.0 33.33300018310547 175.0 L166.66700744628906 175.0 C171.25799560546875 175.0 175.0 171.25399780273438 175.0 166.66700744628906 L175.0 33.33300018310547 C175.0 28.74200439453125 171.25399780273438 25.0 166.66700744628906 25.0 L33.33300018310547 25.0 Z M166.66700744628906 16.66699981689453 C175.85000610351562 16.66699981689453 183.33299255371094 24.125 183.33299255371094 33.33300018310547 L183.33299255371094 166.66700744628906 C183.33299255371094 175.85000610351562 175.875 183.33299255371094 166.66700744628906 183.33299255371094 L33.33300018310547 183.33299255371094 C24.150001525878906 183.33299255371094 16.66699981689453 175.875 16.66699981689453 166.66700744628906 L16.66699981689453 33.33300018310547 C16.66699981689453 24.150001525878906 24.125 16.66699981689453 33.33300018310547 16.66699981689453 L166.66700744628906 16.66699981689453 Z M116.66699981689453 100.0 A16.66699981689453 16.66699981689453 0.0 1 0 83.33300018310547 100.0 A16.66699981689453 16.66699981689453 0.0 0 0 116.66699981689453 100.0 Z M108.89600372314453 123.37100219726562 A25.0 25.0 0.0 0 1 76.36699676513672 91.8290023803711 L50.0620002746582 50.1619987487793 L91.55799865722656 76.46299743652344 A25.0 25.0 0.0 0 1 123.59200286865234 108.2959976196289 L149.93299865722656 149.88699340820312 L108.89600372314453 123.37100219726562 Z""></path></svg>"
4d93502307889b04bd949f31e69c6023,"<svg xmlns=""http://www.w3.org/2000/svg"" viewBox=""0.0 0.0 200.0 200.0"" height=""200.0px"" width=""200.0px""><path fill=""currentColor"" fill-opacity=""1.0""  filling=""0"" d=""M158.33299255371094 100.0 L144.16700744628906 100.0 C144.16700744628906 105.83300018310547 142.5 111.66699981689453 140.83299255371094 116.66699981689453 L150.83299255371094 126.66699981689453 C155.83299255371094 119.16699981689453 158.33299255371094 110.0 158.33299255371094 100.0 Z M125.0 101.66699981689453 L125.0 50.0 C125.0 35.83300018310547 114.16699981689453 25.0 100.0 25.0 C85.83300018310547 25.0 75.0 35.83300018310547 75.0 50.0 L75.0 51.66699981689453 L125.0 101.66699981689453 Z M35.83300018310547 33.33300018310547 L25.0 44.16699981689453 L75.0 94.16699981689453 L75.0 100.0 C75.0 114.16699981689453 85.83300018310547 125.0 100.0 125.0 C101.66699981689453 125.0 103.33300018310547 125.0 105.83300018310547 124.16699981689453 L120.0 138.33299255371094 C114.16699981689453 140.83299255371094 107.5 142.5 100.83300018310547 142.5 C77.5 142.5 56.66699981689453 125.0 56.66699981689453 100.0 L41.66699981689453 100.0 C41.66699981689453 128.33299255371094 64.16699981689453 151.66700744628906 91.66699981689453 155.83299255371094 L91.66699981689453 183.33299255371094 L108.33300018310547 183.33299255371094 L108.33300018310547 155.83299255371094 C115.83300018310547 155.0 123.33300018310547 151.66700744628906 129.16700744628906 148.33299255371094 L164.16700744628906 183.33299255371094 L175.0 172.5 L35.83300018310547 33.33300018310547 Z""></path></svg>"
47af911fcf29bf61fdf8ea81ef955d3b,"<svg xmlns=""http://www.w3.org/2000/svg"" viewBox=""0.0 0.0 200.0 200.0"" height=""200.0px"" width=""200.0px""><path fill=""#09121F"" fill-opacity=""1.0""  filling=""0"" d=""M85.0 70.8333969116211 L120.0 35.833396911621094 L85.0 0.0 L73.33340454101562 11.666603088378906 L88.3333969116211 26.666603088378906 L66.6666030883789 26.666603088378906 C43.33340072631836 26.666603088378906 25.0 45.0 25.0 68.3333969116211 L25.0 101.6666030883789 L41.666603088378906 101.6666030883789 L41.666603088378906 68.3333969116211 C41.666603088378906 54.166603088378906 52.499996185302734 43.33340072631836 66.6666030883789 43.33340072631836 L89.16659545898438 43.33340072631836 L73.33340454101562 59.166603088378906 L85.0 70.8333969116211 Z""></path>
<path fill=""#09121F"" fill-opacity=""1.0""  filling=""0"" d=""M166.66659545898438 75.0 L83.3333969116211 75.0 C78.3333969116211 75.0 75.0 78.3333969116211 75.0 83.3333969116211 L75.0 166.66659545898438 C75.0 171.66659545898438 78.3333969116211 175.0 83.3333969116211 175.0 L166.66659545898438 175.0 C171.66659545898438 175.0 175.0 171.66659545898438 175.0 166.66659545898438 L175.0 83.3333969116211 C175.0 78.3333969116211 171.66659545898438 75.0 166.66659545898438 75.0 Z M158.33340454101562 158.33340454101562 L91.6666030883789 158.33340454101562 L91.6666030883789 91.6666030883789 L158.33340454101562 91.6666030883789 L158.33340454101562 158.33340454101562 Z""></path></svg>"
0d47341b2c8035885544353725467f5a,"<svg xmlns=""http://www.w3.org/2000/svg"" viewBox=""0.0 0.0 200.0 200.0"" height=""200.0px"" width=""200.0px""><path fill="""" fill-opacity=""1.0""  filling=""0"" d=""M62.5 50.0 L75.0 50.0 L75.0 150.0 L62.5 150.0 L62.5 50.0 L62.5 50.0 Z M153.75 80.0 C153.75 46.249996185302734 118.75 50.0 118.75 50.0 L87.5 50.0 L87.5 150.0 L100.0 150.0 L100.0 112.5 L126.25 112.5 C156.25 111.24999237060547 153.75 80.0 153.75 80.0 Z M135.0 91.25 C132.5 93.75 128.75 95.0 123.75 95.0 L100.0 95.0 L100.0 66.25 L123.75 66.25 C130.0 66.25 131.25 67.5 135.0 70.0 C137.5 72.5 138.75 76.25 138.75 81.25 C138.75 85.0 137.5 88.75 135.0 91.25 L135.0 91.25 Z M100.0 6.25 C48.75 6.25 6.25 48.75 6.25 100.0 C6.25 151.25 48.75 193.75 100.0 193.75 C151.25 193.75 193.75 151.25 193.75 100.0 C193.75 48.75 151.25 6.25 100.0 6.25 L100.0 6.25 Z M100.0 181.25 C55.0 181.25 18.75 143.75 18.75 100.0 C18.75 55.0 56.25 18.75 100.0 18.75 C145.0 18.75 181.25 56.25 181.25 100.0 C181.25 145.0 145.0 181.25 100.0 181.25 L100.0 181.25 Z""></path></svg>"
b788e6e0dcd0937da8a32b74843093ac,"<svg xmlns=""http://www.w3.org/2000/svg"" viewBox=""0.0 0.0 200.0 200.0"" height=""200.0px"" width=""200.0px""><path fill=""#404042"" fill-opacity=""1.0""  filling=""0"" d=""M69.44499969482422 122.22200012207031 L69.44499969482422 175.0 L130.55499267578125 175.0 L130.55499267578125 122.22200012207031 C130.55499267578125 105.27799987792969 116.94499969482422 91.66699981689453 100.0 91.66699981689453 C83.05500030517578 91.66699981689453 69.44499969482422 105.27799987792969 69.44499969482422 122.22200012207031 Z M119.44499969482422 163.88900756835938 L80.55500030517578 163.88900756835938 L80.55500030517578 122.22200012207031 C80.55500030517578 111.38899993896484 89.16699981689453 102.77799987792969 100.0 102.77799987792969 C110.83300018310547 102.77799987792969 119.44499969482422 111.38899993896484 119.44499969482422 122.22200012207031 L119.44499969482422 163.88900756835938 Z""></path>
<path fill=""#404042"" fill-opacity=""1.0""  filling=""0"" d=""M33.33300018310547 41.66699981689453 L21.66699981689453 80.83300018310547 C19.44499969482422 87.77799987792969 19.16699981689453 95.27799987792969 20.83300018310547 102.22200012207031 L33.33300018310547 158.33299255371094 C36.111000061035156 166.66700744628906 41.66699981689453 175.0 51.388999938964844 175.0 L148.88900756835938 175.0 C158.05499267578125 175.0 164.16700744628906 169.44500732421875 166.94500732421875 158.33299255371094 L179.44500732421875 102.5 C181.11099243164062 95.55500030517578 180.83299255371094 88.05500030517578 178.61099243164062 81.11100006103516 L166.66700744628906 41.66699981689453 C163.88900756835938 33.33300018310547 158.33299255371094 25.0 148.61099243164062 25.0 L51.388999938964844 25.0 C41.66699981689453 25.0 36.111000061035156 33.33300018310547 33.33300018310547 41.66699981689453 Z M150.0 163.88900756835938 L51.388999938964844 163.88900756835938 C49.44499969482422 163.88900756835938 47.77799987792969 161.66700744628906 46.388999938964844 159.7220001220703 C45.27799987792969 157.7779998779297 44.44499969482422 155.83299255371094 43.888999938964844 153.61099243164062 L31.388999938964844 101.38899993896484 C29.722000122070312 95.0 30.0 88.33300018310547 31.94499969482422 81.94499969482422 L43.611000061035156 43.611000061035156 C44.16699981689453 41.66699981689453 45.27799987792969 39.72200012207031 46.66699981689453 38.33300018310547 C47.77799987792969 37.22200012207031 49.16699981689453 36.111000061035156 51.111000061035156 36.111000061035156 L148.61099243164062 36.111000061035156 C150.2779998779297 36.111000061035156 151.94500732421875 37.22200012207031 153.05499267578125 38.33300018310547 C154.44500732421875 39.72200012207031 155.55499267578125 41.66699981689453 156.11099243164062 43.611000061035156 L167.2220001220703 80.83300018310547 C169.44500732421875 87.77799987792969 169.7220001220703 95.27799987792969 168.05499267578125 102.22200012207031 L157.5 149.44500732421875 C156.94500732421875 152.2220001220703 156.11099243164062 154.7220001220703 155.0 157.2220001220703 C153.61099243164062 160.55499267578125 151.66700744628906 163.88900756835938 150.0 163.88900756835938 Z""></path></svg>"
e45de9de342015e87c2e0f6b9ac79681,"<svg xmlns=""http://www.w3.org/2000/svg"" viewBox=""0.0 0.0 200.0 200.0"" height=""200.0px"" width=""200.0px""><path fill=""currentColor"" fill-opacity=""1.0""  filling=""0"" d=""M93.75 0.0 C42.5 0.0 0.0 42.5 0.0 93.75 C0.0 145.0 42.5 187.5 93.75 187.5 C145.0 187.5 187.5 145.0 187.5 93.75 C187.5 42.5 145.0 0.0 93.75 0.0 Z M93.75 175.0 C48.75 175.0 12.5 138.75 12.5 93.75 C12.5 48.75 48.75 12.5 93.75 12.5 C138.75 12.5 175.0 48.75 175.0 93.75 C175.0 138.75 138.75 175.0 93.75 175.0 Z""></path>
<path fill=""currentColor"" fill-opacity=""1.0""  filling=""0"" d=""M62.5 87.5 L83.75 68.75 L75.0 58.75 L37.5 93.75 L73.75 131.25 L82.5 122.5 L61.25 100.0 L150.0 100.0 L150.0 87.5 L62.5 87.5 Z""></path></svg>"
9fe2535b5fbcbfae159f688d4020aebe,"<svg xmlns=""http://www.w3.org/2000/svg"" viewBox=""0.0 0.0 200.0 200.0"" height=""200.0px"" width=""200.0px""><path fill=""#060001"" fill-opacity=""1.0""  filling=""0"" d=""M17.65599822998047 85.46900177001953 C9.630996704101562 85.46900177001953 3.125 91.9749984741211 3.125 100.0 C3.125 108.0250015258789 9.630996704101562 114.53099822998047 17.65599822998047 114.53099822998047 C25.680999755859375 114.53099822998047 32.18800354003906 108.0250015258789 32.18800354003906 100.0 C32.18800354003906 91.9749984741211 25.680999755859375 85.46900177001953 17.65599822998047 85.46900177001953 Z M17.65599822998047 109.68699645996094 C12.305999755859375 109.68699645996094 7.969001770019531 105.3499984741211 7.969001770019531 100.0 C7.969001770019531 94.6500015258789 12.305999755859375 90.31199645996094 17.65599822998047 90.31199645996094 C23.005996704101562 90.31199645996094 27.34400177001953 94.6500015258789 27.34400177001953 100.0 C27.34400177001953 105.3499984741211 23.005996704101562 109.68699645996094 17.65599822998047 109.68699645996094 Z M17.65599822998047 148.43800354003906 C9.630996704101562 148.43800354003906 3.125 154.94400024414062 3.125 162.968994140625 C3.125 170.99400329589844 9.630996704101562 177.5 17.65599822998047 177.5 C25.680999755859375 177.5 32.18800354003906 170.99400329589844 32.18800354003906 162.968994140625 C32.18800354003906 154.94400024414062 25.680999755859375 148.43800354003906 17.65599822998047 148.43800354003906 Z M17.65599822998047 172.656005859375 C12.305999755859375 172.656005859375 7.969001770019531 168.31900024414062 7.969001770019531 162.968994140625 C7.969001770019531 157.61900329589844 12.305999755859375 153.281005859375 17.65599822998047 153.281005859375 C23.005996704101562 153.281005859375 27.34400177001953 157.61900329589844 27.34400177001953 162.968994140625 C27.34400177001953 168.31900024414062 23.005996704101562 172.656005859375 17.65599822998047 172.656005859375 Z M66.09400177001953 104.84400177001953 L196.875 104.84400177001953 L196.875 95.15599822998047 L66.09400177001953 95.15599822998047 L66.09400177001953 104.84400177001953 Z M66.09400177001953 32.18800354003906 L66.09400177001953 41.875 L196.875 41.875 L196.875 32.18800354003906 L66.09400177001953 32.18800354003906 Z M66.09400177001953 167.81199645996094 L196.875 167.81199645996094 L196.875 158.125 L66.09400177001953 158.125 L66.09400177001953 167.81199645996094 Z M17.65599822998047 22.5 C9.630996704101562 22.5 3.125 29.005996704101562 3.125 37.03099822998047 C3.125 45.055999755859375 9.630996704101562 51.5620002746582 17.65599822998047 51.5620002746582 C25.680999755859375 51.5620002746582 32.18800354003906 45.055999755859375 32.18800354003906 37.03099822998047 C32.18800354003906 29.005996704101562 25.680999755859375 22.5 17.65599822998047 22.5 Z M17.65599822998047 46.71900177001953 C12.305999755859375 46.71900177001953 7.969001770019531 42.38100051879883 7.969001770019531 37.03099822998047 C7.969001770019531 31.680999755859375 12.305999755859375 27.34400177001953 17.65599822998047 27.34400177001953 C23.005996704101562 27.34400177001953 27.34400177001953 31.680999755859375 27.34400177001953 37.03099822998047 C27.34400177001953 42.38100051879883 23.005996704101562 46.71900177001953 17.65599822998047 46.71900177001953 Z""></path></svg>"
f7986b254fccd375bccb3f49786ec8b9,"<svg xmlns=""http://www.w3.org/2000/svg"" viewBox=""0.0 0.0 200.0 200.0"" height=""200.0px"" width=""200.0px""><path fill="""" fill-opacity=""1.0""  filling=""0"" d=""M180.74862670898438 90.90155792236328 L180.74862670898438 71.37030792236328 L160.39706420898438 71.37030792236328 L160.39706420898438 50.31562423706055 L143.64688110351562 50.31562423706055 C142.20156860351562 41.0458984375 137.87637329101562 32.501953125 131.11972045898438 25.74530792236328 C122.70175170898438 17.307815551757812 111.51034545898438 12.678909301757812 99.5962905883789 12.678909301757812 C87.6822280883789 12.678909301757812 76.5103530883789 17.327346801757812 68.07284545898438 25.74530792236328 C61.30058670043945 32.501953125 56.984764099121094 41.0458984375 55.5439453125 50.31562423706055 L40.51425552368164 50.31562423706055 L40.51425552368164 71.37030792236328 L19.381446838378906 71.37030792236328 L19.381446838378906 90.90155792236328 L40.51425552368164 90.90155792236328 L40.51425552368164 107.34687805175781 L19.381446838378906 107.34687805175781 L19.381446838378906 126.87812805175781 L40.51425552368164 126.87812805175781 L40.51425552368164 127.79608917236328 C40.51425552368164 133.40762329101562 41.287498474121094 138.83828735351562 42.7294921875 143.9894561767578 L25.030662536621094 161.71835327148438 L38.852928161621094 175.51718139648438 L51.69082260131836 162.65762329101562 C62.56523895263672 177.8419952392578 80.3539047241211 187.73770141601562 100.4556655883789 187.73770141601562 C120.44297790527344 187.73770141601562 138.1417999267578 177.95330810546875 149.0324249267578 162.91543579101562 L162.6533203125 176.5363311767578 L176.4638671875 162.7257843017578 L158.08221435546875 144.34414672851562 C159.5886688232422 139.087890625 160.39706420898438 133.53671264648438 160.39706420898438 127.79629516601562 L160.39706420898438 126.8783187866211 L180.14315795898438 126.8783187866211 L180.14315795898438 107.3470687866211 L160.39706420898438 107.3470687866211 L160.39706420898438 90.9017562866211 L180.74862670898438 90.9017562866211 L180.74862670898438 90.90155792236328 Z M114.30331420898438 136.0578155517578 L85.9048843383789 136.0578155517578 L85.9048843383789 50.62870788574219 L114.30331420898438 50.62870788574219 L114.30331420898438 136.0578155517578 Z""></path></svg>"
e105c7946f35f0183b584184b94257ef,"<svg xmlns=""http://www.w3.org/2000/svg"" viewBox=""0.0 0.0 200.0 200.0"" height=""200.0px"" width=""200.0px""><path fill="""" fill-opacity=""1.0""  filling=""0"" d=""M159.89999389648438 0.33300018310546875 L90.01699829101562 0.33300018310546875 C78.7020034790039 0.33300018310546875 70.05000305175781 8.985000610351562 70.05000305175781 20.298995971679688 C70.05000305175781 36.9379997253418 56.73899841308594 50.25 40.099998474121094 50.25 C28.785003662109375 50.25 20.13299560546875 58.902000427246094 20.13299560546875 70.21600341796875 L20.13299560546875 180.0330047607422 C20.13299560546875 191.34800720214844 28.785003662109375 200.0 40.099998474121094 200.0 L159.89999389648438 200.0 C171.21499633789062 200.0 179.86700439453125 191.34800720214844 179.86700439453125 180.0330047607422 L179.86700439453125 20.298995971679688 C179.86700439453125 8.985000610351562 171.21499633789062 0.33300018310546875 159.89999389648438 0.33300018310546875 Z M173.21099853515625 180.0330047607422 C173.21099853515625 187.35400390625 167.2209930419922 193.343994140625 159.89999389648438 193.343994140625 L40.099998474121094 193.343994140625 C32.77899932861328 193.343994140625 26.78900146484375 187.35400390625 26.78900146484375 180.0330047607422 L26.78900146484375 70.21600341796875 C26.78900146484375 62.89500045776367 32.77899932861328 56.904998779296875 40.099998474121094 56.904998779296875 C60.06700134277344 56.904998779296875 76.70500183105469 40.26599884033203 76.70500183105469 20.298995971679688 C76.70500183105469 12.977996826171875 82.69599914550781 6.987998962402344 90.01699829101562 6.987998962402344 L159.89999389648438 6.987998962402344 C167.2209930419922 6.987998962402344 173.21099853515625 12.977996826171875 173.21099853515625 20.298995971679688 L173.21099853515625 180.0330047607422 Z""></path>
<path fill="""" fill-opacity=""1.0""  filling=""0"" d=""M34.11000061035156 46.25600051879883 C34.775001525878906 46.922000885009766 36.10599899291992 46.922000885009766 36.77199935913086 46.922000885009766 C37.4379997253418 46.922000885009766 38.76900100708008 46.922000885009766 38.76900100708008 45.590999603271484 L65.39099884033203 18.968002319335938 C66.72200012207031 17.637001037597656 66.72200012207031 15.640998840332031 65.39099884033203 14.30999755859375 L52.08000183105469 0.9980010986328125 C50.749000549316406 -0.33300018310546875 48.75199890136719 -0.33300018310546875 47.42100143432617 0.9980010986328125 L20.798995971679688 27.621002197265625 C20.13299560546875 28.951995849609375 20.13299560546875 31.613998413085938 20.798995971679688 32.94499969482422 L34.11000061035156 46.25600051879883 Z M50.08300018310547 8.319999694824219 L58.73500061035156 16.972000122070312 L36.77199935913086 38.935001373291016 L28.12000274658203 30.283004760742188 L50.08300018310547 8.319999694824219 Z M151.91299438476562 74.875 C150.58200073242188 73.54399871826172 148.58599853515625 73.54399871826172 147.25399780273438 74.875 L128.61900329589844 93.51100158691406 L66.72200012207031 93.51100158691406 C65.91699981689453 93.51100158691406 65.25800323486328 93.7770004272461 64.71199798583984 94.16300201416016 L45.42399978637695 74.875 C44.09299850463867 73.54399871826172 42.09600067138672 73.54399871826172 40.76499938964844 74.875 C39.433998107910156 76.20600128173828 39.433998107910156 78.2030029296875 40.76499938964844 79.53399658203125 L60.731998443603516 99.5009994506836 C61.39799880981445 100.16600036621094 62.729000091552734 100.16600036621094 63.39400100708008 100.16600036621094 L63.39400100708008 153.80999755859375 A3.2079999446868896 3.2079999446868896 0.0 0 0 60.731998443603516 154.74200439453125 L40.76499938964844 174.70899963378906 C39.433998107910156 176.0399932861328 39.433998107910156 178.03700256347656 40.76499938964844 179.3679962158203 C41.430999755859375 180.0330047607422 42.762001037597656 180.0330047607422 43.428001403808594 180.0330047607422 C44.09299850463867 180.0330047607422 45.42399978637695 180.0330047607422 45.42399978637695 179.3679962158203 L65.11799621582031 159.6739959716797 A3.546999931335449 3.546999931335449 0.0 0 0 66.72200012207031 160.06700134277344 L127.9530029296875 160.06700134277344 L147.25399780273438 179.3679962158203 C147.9199981689453 180.0330047607422 149.25100708007812 180.0330047607422 149.91700744628906 180.0330047607422 C150.58200073242188 180.0330047607422 151.91299438476562 180.0330047607422 151.91299438476562 179.3679962158203 C153.2449951171875 178.03700256347656 153.2449951171875 176.0399932861328 151.91299438476562 174.70899963378906 L135.9530029296875 158.74899291992188 A3.4079999923706055 3.4079999923706055 0.0 0 0 136.6060028076172 156.73899841308594 L136.6060028076172 96.83899688720703 A3.546999931335449 3.546999931335449 0.0 0 0 136.21299743652344 95.23500061035156 L151.91299438476562 79.53399658203125 C153.2449951171875 78.2030029296875 153.2449951171875 76.20600128173828 151.91299438476562 74.875 Z M70.05000305175781 100.16600036621094 L129.9499969482422 100.16600036621094 L129.9499969482422 153.41099548339844 L70.05000305175781 153.41099548339844 L70.05000305175781 100.16600036621094 Z M149.91700744628906 20.298995971679688 L96.6719970703125 20.298995971679688 C91.3479995727539 20.298995971679688 86.68900299072266 24.95800018310547 86.68900299072266 30.283004760742188 L86.68900299072266 36.9379997253418 C86.68900299072266 42.26300048828125 91.3479995727539 46.922000885009766 96.6719970703125 46.922000885009766 L149.91700744628906 46.922000885009766 C155.24099731445312 46.922000885009766 159.89999389648438 42.26300048828125 159.89999389648438 36.9379997253418 L159.89999389648438 30.283004760742188 C159.89999389648438 24.95800018310547 155.24099731445312 20.298995971679688 149.91700744628906 20.298995971679688 Z M153.2449951171875 36.9379997253418 C153.2449951171875 38.935001373291016 151.91299438476562 40.26599884033203 149.91700744628906 40.26599884033203 L96.6719970703125 40.26599884033203 C94.6760025024414 40.26599884033203 93.34400177001953 38.935001373291016 93.34400177001953 36.9379997253418 L93.34400177001953 30.283004760742188 C93.34400177001953 28.285995483398438 94.6760025024414 26.955001831054688 96.6719970703125 26.955001831054688 L149.91700744628906 26.955001831054688 C151.91299438476562 26.955001831054688 153.2449951171875 28.285995483398438 153.2449951171875 30.283004760742188 L153.2449951171875 36.9379997253418 Z""></path></svg>"
ee2648b55e124267dd840bf2e7216da8,"<svg xmlns=""http://www.w3.org/2000/svg"" viewBox=""0.0 0.0 200.0 200.0"" height=""200.0px"" width=""200.0px""><path fill=""currentColor"" fill-opacity=""1.0""  filling=""0"" d=""M135.1540069580078 100.0 L110.08799743652344 74.93599700927734 L123.76000213623047 61.263999938964844 L148.8260040283203 86.3280029296875 L173.89100646972656 61.263999938964844 L187.56199645996094 74.93599700927734 L162.49600219726562 100.0 L187.56100463867188 125.06400299072266 L173.88900756835938 138.73599243164062 L148.8260040283203 113.6719970703125 L123.76000213623047 138.73599243164062 L110.08799743652344 125.06400299072266 L135.1540069580078 100.0 Z M12.5 70.83399963378906 L51.236000061035156 70.83399963378906 L100.0 22.06999969482422 L100.0 177.92999267578125 L51.236000061035156 129.16600036621094 L12.5 129.16600036621094 L12.5 70.83399963378906 Z""></path></svg>"
782410b459147b8f4b4068e24d1ae9d9,"<svg xmlns=""http://www.w3.org/2000/svg"" viewBox=""0.0 0.0 200.0 200.0"" height=""200.0px"" width=""200.0px""><path fill="""" fill-opacity=""1.0""  filling=""0"" d=""M174.56991577148438 87.6083984375 L108.22734832763672 87.6083984375 L155.138671875 40.697265625 L146.6591796875 32.21757507324219 L99.74785614013672 79.12890625 L99.74785614013672 12.786331176757812 L87.75605773925781 12.786331176757812 L87.75605773925781 79.12870788574219 L40.8447265625 32.21757507324219 L32.36524200439453 40.697265625 L79.27656555175781 87.6083984375 L12.933982849121094 87.6083984375 L12.933982849121094 99.6001968383789 L79.27656555175781 99.6001968383789 L32.36524200439453 146.51171875 L40.8447265625 154.9912109375 L87.75605773925781 108.07988739013672 L87.75605773925781 174.42227172851562 L99.74785614013672 174.42227172851562 L99.74785614013672 108.07968139648438 L146.6591796875 154.9912109375 L155.138671875 146.51171875 L108.22734832763672 99.6001968383789 L174.56991577148438 99.6001968383789 L174.56991577148438 87.6083984375 Z""></path></svg>"
